[1,0]
00000000
00000001
00000100
00000101
00100000
00100001
00100100
00100101
10000000
10000001
10000100
10000101
10100000
10100001
10100100
10100101

[2,3]
00000010
00000011
00000110
00000111
00100010
00100011
00100110
00100111
10000010
10000011
10000110
10000111
10100010
10100011
10100110
10100111

[2,0]
00001000
00001001
00001100
00001101
00101000
00101001
00101100
00101101
10001000
10001001
10001100
10001101
10101000
10101001
10101100
10101101

[4,0]
00001010
00001110
00101010
00101110
10001010
10001110
10101010
10101110

[5,0]
00001011
00001111
00101011
00101111
10001011
10001111
10101011
10101111
11001111

[2,2]
00010000
00010001
00010100
00010101
00110000
00110001
00110100
00110101
10010000
10010001
10010100
10010101
10110000
10110001
10110100
10110101

[4,3]
00010010
00010011
00110010
00110011
10010010
10010011
10110010
10110011

[5,3]
00010110
00010111
00110110
00110111
10010110
10010111
10110110
10110111

[3,0]
00011000
00011001
00011100
00011101
00111000
00111001
00111100
00111101
10011000
10011001
10011100
10011101
10111000
10111001
10111100
10111101

[6,2]
00011010
00111010
10011010
10111010

[14,2]
00011011
00111011
10011011
10111011

[7,2]
00011110
00111110
10011110
10111110

[9,0]
00011111
00111111
10011111
10111111

[2,1]
01000000
01000001
01000100
01000101
01100000
01100001
01100100
01100101
11000000
11000001
11000100
11000101
11100000
11100001
11100100
11100101

[3,1]
01000010
01000011
01000110
01000111
01100010
01100011
01100110
01100111
11000010
11000011
11000110
11000111
11100010
11100011
11100110
11100111

[4,1]
01001000
01001001
01001100
01001101
11001000
11001001
11001100
11001101

[6,3]
01001010
01001110
11001010
11001110

[7,3]
01001011
01001111
11001011

[4,2]
01010000
01010001
01010100
01010101
01110000
01110001
01110100
01110101

[6,1]
01010010
01010011
01110010
01110011

[14,1]
01010110
01010111
01110110
01110111

[6,0]
01011000
01011001
01011100
01011101

[8,0]
01011010

[10,0]
01011011

[10,3]
01011110

[11,0]
01011111

[5,1]
01101000
01101001
01101100
01101101
11101000
11101001
11101100
11101101

[14,3]
01101010
01101110
11101010
11101110

[9,1]
01101011
01101111
11101011
11101111

[7,0]
01111000
01111001
01111100
01111101

[10,1]
01111010

[11,1]
01111011

[15,0]
01111110

[12,0]
01111111

[5,2]
11010000
11010001
11010100
11010101
11110000
11110001
11110100
11110101

[7,1]
11010010
11010011
11110010
11110011

[9,3]
11010110
11010111
11110110
11110111

[14,0]
11011000
11011001
11011100
11011101

[10,2]
11011010

[15,1]
11011011

[11,3]
11011110

[12,3]
11011111

[9,2]
11111000
11111001
11111100
11111101

[11,2]
11111010

[12,1]
11111011

[12,2]
11111110

[13,0]
11111111