30
0.302221
0.627451
0.294117
0.2
perk_lightning
false
0.550899
sky
glider
avião
do céu
planador
самолет
небо
планёр
pesawat
langit
pesawat peluncur
avión
del cielo
planeador
เครื่องบิน
ท้องฟ้า
เครื่องร่อน
do céu
небо
del cielo
M
M
M
небо
false
Metal Bar
?
?
?
?
25
torso
False
False
False
False
False
0.126567
0.156567
0.252236
0
0
0
-1
5
1
4
5
6
20
0
0
0
0
None
7
2
-0.12186
0
0
0.992546
0
0
0
-0.12186
0
0
0.992546
0
0
0
3
-0.12186
0
0
0.992546
0
0
0
-0.12186
0
0
0.992546
0
0
0
-0.12186
0
0
0.992546
0
0
0
3
-0.12186
0
0
0.992546
0
0
0
-0.12186
0
0
0.992546
0
0
0
-0.12186
0
0
0.992546
0
0
0
3
-0.12186
0
0
0.992546
0
0
0
-0.12186
0
0
0.992546
0
0
0
-0.12186
0
0
0.992546
0
0
0
2
-0.45399
0
0
0.891006
0
0.06
0.3
-0.49242
0
0
0.870355
0
0.06
0.3
2
-0.99996
0
0
0.008726
0
-0.36
-0.55999
-0.99996
0
0
0.008726
0
-0.38
-0.55999
2
-0.12186
0
0
0.992546
0
0
0
-0.12186
0
0
0.992546
0
0
0
neck
False
False
False
True
False
0.094519
0.14452
0.099638
0
0
0
0
2
2
21
0
0
0
0
None
7
2
-0.02617
0
0
0.999657
0
0.03296
1.000002
-0.02617
0
0
0.999657
0
0.03296
1.000002
3
-0.02617
0
0
0.999657
0
0.03296
1.000002
-0.02617
0
0
0.999657
0
0.03296
1.000002
-0.02617
0
0
0.999657
0
0.03296
1.000002
3
-0.02617
0
0
0.999657
0
0.03296
1.000002
-0.02617
0
0
0.999657
0
0.03296
1.000002
-0.02617
0
0
0.999657
0
0.03296
1.000002
3
-0.02617
0
0
0.999657
0
0.03296
1.000002
-0.02617
0
0
0.999657
0
0.03296
1.000002
-0.02617
0
0
0.999657
0
0.03296
1.000002
2
0.190809
0
0
0.981627
0
0.03296
1.000002
0.190809
0
0
0.981627
0
0.03296
1.000002
2
-0.02617
0
0
0.999657
0
0.03296
1.000002
-0.02617
0
0
0.999657
0
0.03296
1.000002
2
-0.02617
0
0
0.999657
0
0.03296
1.000002
-0.02617
0
0
0.999657
0
0.03296
1.000002
head
False
False
False
False
False
0.086567
0.12759
0.070661
0
0
0
1
2
3
19
0
0
0
0
None
7
2
-0.25881
0
0
0.965925
0
0.020854
1
-0.25881
0
0
0.965925
0
0.020854
1
3
-0.25881
0
0
0.965925
0
0.020854
1
-0.25881
0
0
0.965925
0
0.020854
1
-0.25881
0
0
0.965925
0
0.020854
1
3
-0.25881
0
0
0.965925
0
0.020854
1
-0.25881
0
0
0.965925
0
0.020854
1
-0.25881
0
0
0.965925
0
0.020854
1
3
-0.25881
0
0
0.965925
0
0.020854
1
-0.25881
0
0
0.965925
0
0.020854
1
-0.25881
0
0
0.965925
0
0.020854
1
2
-0.25881
0
0
0.965925
0
0.020854
1
-0.25881
0
0
0.965925
0
0.020854
1
2
-0.99144
0
0
-0.13052
0
0.020854
1
-0.99144
0
0
-0.13052
0
0.020854
1
2
-0.25881
0
0
0.965925
0
0.020854
1
-0.25881
0
0
0.965925
0
0.020854
1
snout
False
False
False
True
False
0.081685
0.093731
0.126803
0
0
0.08
2
2
14
22
0
0
0
0
None
7
2
0.130462
-0.00239
0
0.99145
-0.04112
-0.53991
0.999989
0.130462
-0.00239
0
0.99145
-0.04112
-0.53991
0.999989
3
0.130462
-0.00239
0
0.99145
-0.04112
-0.53991
0.999989
0.130462
-0.00239
0
0.99145
-0.04112
-0.53991
0.999989
0.130462
-0.00239
0
0.99145
-0.04112
-0.53991
0.999989
3
0.130462
-0.00239
0
0.99145
-0.04112
-0.53991
0.999989
0.130462
-0.00239
0
0.99145
-0.04112
-0.53991
0.999989
0.130462
-0.00239
0
0.99145
-0.04112
-0.53991
0.999989
3
0.130462
-0.00239
0
0.99145
-0.04112
-0.53991
0.999989
0.130462
-0.00239
0
0.99145
-0.04112
-0.53991
0.999989
0.130462
-0.00239
0
0.99145
-0.04112
-0.53991
0.999989
2
0.130462
-0.00239
0
0.99145
-0.04112
-0.53991
0.999989
0.130462
-0.00239
0
0.99145
-0.04112
-0.53991
0.999989
2
0.130462
-0.00239
0
0.99145
-0.04112
-0.53991
0.999989
0.130462
-0.00239
0
0.99145
-0.04112
-0.53991
0.999989
2
0.130462
-0.00239
0
0.99145
-0.04112
-0.53991
0.999989
0.130462
-0.00239
0
0.99145
-0.04112
-0.53991
0.999989
shoulder
False
True
False
False
False
0.01885
0.027826
0.090662
0
0
-0.09999
0
2
7
11
0
-23
0
0
None
7
2
-0.56196
0.423855
-0.56712
0.427679
-1
0.919109
0.863111
-0.56196
0.423855
-0.56712
0.427679
-1
0.919109
0.863111
3
-0.56196
0.423855
-0.56712
0.427679
-1
0.919109
0.863111
-0.56196
0.423855
-0.56712
0.427679
-1
0.919109
0.863111
-0.56196
0.423855
-0.56712
0.427679
-1
0.919109
0.863111
3
-0.56196
0.423855
-0.56712
0.427679
-1
0.919109
0.863111
-0.56196
0.423855
-0.56712
0.427679
-1
0.919109
0.863111
-0.56196
0.423855
-0.56712
0.427679
-1
0.919109
0.863111
3
-0.56196
0.423855
-0.56712
0.427679
-1
0.919109
0.863111
-0.56196
0.423855
-0.56712
0.427679
-1
0.919109
0.863111
-0.56196
0.423855
-0.56712
0.427679
-1
0.919109
0.863111
2
-0.56196
0.423855
-0.56712
0.427679
-1
0.919109
0.863111
-0.56196
0.423855
-0.56712
0.427679
-1
0.919109
0.863111
2
-0.49737
-0.50695
-0.49425
-0.50133
-1
0.919109
0.863111
-0.49737
-0.50695
-0.49425
-0.50133
-1
0.919109
0.863111
2
-0.56196
0.423855
-0.56712
0.427679
-1
0.919109
0.863111
-0.56196
0.423855
-0.56712
0.427679
-1
0.919109
0.863111
hip
False
True
True
False
False
0.025779
0.030661
0.029638
0
0
-0.02
0
1
9
0
-23
0
0
None
7
2
-0.69465
0
0
0.719339
-0.6487
-0.99999
0.681345
-0.69465
0
0
0.719339
-0.6487
-0.99999
0.681345
3
-0.69465
0
0
0.719339
-0.6487
-0.99999
0.681345
-0.69465
0
0
0.719339
-0.6487
-0.99999
0.681345
-0.69465
0
0
0.719339
-0.6487
-0.99999
0.681345
3
-0.69465
0
0
0.719339
-0.6487
-0.99999
0.681345
-0.69465
0
0
0.719339
-0.6487
-0.99999
0.681345
-0.69465
0
0
0.719339
-0.6487
-0.99999
0.681345
3
-0.69465
0
0
0.719339
-0.6487
-0.99999
0.681345
-0.69465
0
0
0.719339
-0.6487
-0.99999
0.681345
-0.69465
0
0
0.719339
-0.6487
-0.99999
0.681345
2
-0.69465
0
0
0.719339
-0.6487
-0.99999
0.681345
-0.69465
0
0
0.719339
-0.6487
-0.99999
0.681345
2
-0.80385
0
0
-0.59482
-0.6487
-0.99999
0.681345
-0.80385
0
0
-0.59482
-0.6487
-0.99999
0.681345
2
-0.69465
0
0
0.719339
-0.6487
-0.99999
0.681345
-0.69465
0
0
0.719339
-0.6487
-0.99999
0.681345
tail
False
False
False
False
False
0.09759
0.098847
0.207591
0
0
0.2
0
2
15
16
0
0
0
0
None
7
2
-0.99452
0
0
-0.10452
0.035805
-0.08326
-1
-0.99452
0
0
-0.10452
0.035805
-0.08326
-1
3
-0.99452
0
0
-0.10452
0.035805
-0.08326
-1
-0.99452
0
0
-0.10452
0.035805
-0.08326
-1
-0.99452
0
0
-0.10452
0.035805
-0.08326
-1
3
-0.99452
0
0
-0.10452
0.035805
-0.08326
-1
-0.99452
0
0
-0.10452
0.035805
-0.08326
-1
-0.99452
0
0
-0.10452
0.035805
-0.08326
-1
3
-0.99452
0
0
-0.10452
0.035805
-0.08326
-1
-0.99452
0
0
-0.10452
0.035805
-0.08326
-1
-0.99452
0
0
-0.10452
0.035805
-0.08326
-1
2
-0.91354
0
0
0.406737
0.035805
-0.08326
-1
-0.91354
0
0
0.406737
0.035805
-0.08326
-1
2
-0.02617
0
0
-0.99965
0.035805
-0.08326
-1
-0.02617
0
0
-0.99965
0.035805
-0.08326
-1
2
-0.99452
0
0
-0.10452
0.035805
-0.08326
-1
-0.99452
0
0
-0.10452
0.035805
-0.08326
-1
arm
False
False
False
False
False
0.01885
0.01885
0.234283
0
0
-0.24
4
2
8
12
0
-23
0
0
None
7
2
-0.55703
0.427865
-0.55492
0.445767
0.13695
-0.39461
-1
-0.55703
0.427865
-0.55492
0.445767
0.13695
-0.39461
-1
3
-0.55703
0.427865
-0.55492
0.445767
0.13695
-0.39461
-1
-0.55703
0.427865
-0.55492
0.445767
0.13695
-0.39461
-1
-0.55703
0.427865
-0.55492
0.445767
0.13695
-0.39461
-1
3
-0.55703
0.427865
-0.55492
0.445767
0.13695
-0.39461
-1
-0.55703
0.427865
-0.55492
0.445767
0.13695
-0.39461
-1
-0.55703
0.427865
-0.55492
0.445767
0.13695
-0.39461
-1
3
-0.55703
0.427865
-0.55492
0.445767
0.13695
-0.39461
-1
-0.55703
0.427865
-0.55492
0.445767
0.13695
-0.39461
-1
-0.55703
0.427865
-0.55492
0.445767
0.13695
-0.39461
-1
2
-0.55703
0.427865
-0.55492
0.445767
0.13695
-0.39461
-1
-0.55703
0.427865
-0.55492
0.445767
0.13695
-0.39461
-1
2
-0.51466
-0.49432
-0.49663
-0.49408
0.13695
-0.39461
-1
-0.51466
-0.49432
-0.49663
-0.49408
0.13695
-0.39461
-1
2
-0.55703
0.427865
-0.55492
0.445767
0.13695
-0.39461
-1
-0.55703
0.427865
-0.55492
0.445767
0.13695
-0.39461
-1
hand
False
False
False
False
False
0.01885
0.01885
0.11759
-0.02
-0.02
0.099999
7
1
13
0
-23
0
0
None
7
2
-0.11608
-0.69075
0.128922
0.701971
-0.84074
-0.84641
-1
-0.11608
-0.69075
0.128922
0.701971
-0.84074
-0.84641
-1
3
-0.11608
-0.69075
0.128922
0.701971
-0.84074
-0.84641
-1
-0.11608
-0.69075
0.128922
0.701971
-0.84074
-0.84641
-1
-0.11608
-0.69075
0.128922
0.701971
-0.84074
-0.84641
-1
3
-0.11608
-0.69075
0.128922
0.701971
-0.84074
-0.84641
-1
-0.11608
-0.69075
0.128922
0.701971
-0.84074
-0.84641
-1
-0.11608
-0.69075
0.128922
0.701971
-0.84074
-0.84641
-1
3
-0.11608
-0.69075
0.128922
0.701971
-0.84074
-0.84641
-1
-0.11608
-0.69075
0.128922
0.701971
-0.84074
-0.84641
-1
-0.11608
-0.69075
0.128922
0.701971
-0.84074
-0.84641
-1
2
-0.11608
-0.69075
0.128922
0.701971
-0.84074
-0.84641
-1
-0.11608
-0.69075
0.128922
0.701971
-0.84074
-0.84641
-1
2
-0.71111
0.037658
0.701671
-0.02346
-0.84074
-0.84641
-1
-0.71111
0.037658
0.701671
-0.02346
-0.84074
-0.84641
-1
2
-0.11608
-0.69075
0.128922
0.701971
-0.84074
-0.84641
-1
-0.11608
-0.69075
0.128922
0.701971
-0.84074
-0.84641
-1
leg
False
False
True
False
False
0.027826
0.036803
0.033732
0
0
-0.02
5
1
10
0
-23
0
0
None
7
2
-0.69465
0
0
0.719339
-0.33145
0
-1
-0.69465
0
0
0.719339
-0.33145
0
-1
3
-0.69465
0
0
0.719339
-0.33145
0
-1
-0.69465
0
0
0.719339
-0.33145
0
-1
-0.69465
0
0
0.719339
-0.33145
0
-1
3
-0.69465
0
0
0.719339
-0.33145
0
-1
-0.69465
0
0
0.719339
-0.33145
0
-1
-0.69465
0
0
0.719339
-0.33145
0
-1
3
-0.69465
0
0
0.719339
-0.33145
0
-1
-0.69465
0
0
0.719339
-0.33145
0
-1
-0.69465
0
0
0.719339
-0.33145
0
-1
2
-0.69465
0
0
0.719339
-0.33145
0
-1
-0.69465
0
0
0.719339
-0.33145
0
-1
2
-0.80385
0
0
-0.59482
-0.33145
0
-1
-0.80385
0
0
-0.59482
-0.33145
0
-1
2
-0.69465
0
0
0.719339
-0.33145
0
-1
-0.69465
0
0
0.719339
-0.33145
0
-1
foot
False
False
True
False
False
0.037826
0.036803
0.046803
0
-0.02
0
9
1
17
0
-23
0
0
None
7
2
0
0
0
1
-0.0733
-0.03653
-1.00004
0
0
0
1
-0.0733
-0.03653
-1.00004
3
0
0
0
1
-0.0733
-0.03653
-1.00004
0
0
0
1
-0.0733
-0.03653
-1.00004
0
0
0
1
-0.0733
-0.03653
-1.00004
3
0
0
0
1
-0.0733
-0.03653
-1.00004
0
0
0
1
-0.0733
-0.03653
-1.00004
0
0
0
1
-0.0733
-0.03653
-1.00004
3
0
0
0
1
-0.0733
-0.03653
-1.00004
0
0
0
1
-0.0733
-0.03653
-1.00004
0
0
0
1
-0.0733
-0.03653
-1.00004
2
0
0
0
1
-0.0733
-0.03653
-1.00004
0
0
0
1
-0.0733
-0.03653
-1.00004
2
-0.99144
0
0
0.130526
-0.0733
-0.03653
-1.00004
-0.99144
0
0
0.130526
-0.0733
-0.03653
-1.00004
2
0
0
0
1
-0.0733
-0.03653
-1.00004
0
0
0
1
-0.0733
-0.03653
-1.00004
batwingsh
False
False
False
True
False
0.009874
0.158615
0.107354
0
0.12
0
4
0
0
-23
0
0
None
7
2
0.025514
0
-0.00757
0.999645
-0.57859
1.000017
-0.07576
0.025514
0
-0.00757
0.999645
-0.57859
1.000017
-0.07576
3
0.025514
0
-0.00757
0.999645
-0.57859
1.000017
-0.07576
0.025514
0
-0.00757
0.999645
-0.57859
1.000017
-0.07576
0.025514
0
-0.00757
0.999645
-0.57859
1.000017
-0.07576
3
0.025514
0
-0.00757
0.999645
-0.57859
1.000017
-0.07576
0.025514
0
-0.00757
0.999645
-0.57859
1.000017
-0.07576
0.025514
0
-0.00757
0.999645
-0.57859
1.000017
-0.07576
3
0.025514
0
-0.00757
0.999645
-0.57859
1.000017
-0.07576
0.025514
0
-0.00757
0.999645
-0.57859
1.000017
-0.07576
0.025514
0
-0.00757
0.999645
-0.57859
1.000017
-0.07576
2
0.025514
0
-0.00757
0.999645
-0.57859
1.000017
-0.07576
0.025514
0
-0.00757
0.999645
-0.57859
1.000017
-0.07576
2
0.025514
0
-0.00757
0.999645
-0.57859
1.000017
-0.07576
0.025514
0
-0.00757
0.999645
-0.57859
1.000017
-0.07576
2
0.025514
0
-0.00757
0.999645
-0.57859
1.000017
-0.07576
0.025514
0
-0.00757
0.999645
-0.57859
1.000017
-0.07576
batwing
False
False
False
True
False
0.009874
0.15452
0.22531
0
0.14
0
7
0
0
-23
0
0
None
7
2
0
0
-0.04361
0.999048
-0.71308
0.999987
-0.05012
0
0
-0.04361
0.999048
-0.71308
0.999987
-0.05012
3
0
0
-0.04361
0.999048
-0.71308
0.999987
-0.05012
0
0
-0.04361
0.999048
-0.71308
0.999987
-0.05012
0
0
-0.04361
0.999048
-0.71308
0.999987
-0.05012
3
0
0
-0.04361
0.999048
-0.71308
0.999987
-0.05012
0
0
-0.04361
0.999048
-0.71308
0.999987
-0.05012
0
0
-0.04361
0.999048
-0.71308
0.999987
-0.05012
3
0
0
-0.04361
0.999048
-0.71308
0.999987
-0.05012
0
0
-0.04361
0.999048
-0.71308
0.999987
-0.05012
0
0
-0.04361
0.999048
-0.71308
0.999987
-0.05012
2
0
0
-0.04361
0.999048
-0.71308
0.999987
-0.05012
0
0
-0.04361
0.999048
-0.71308
0.999987
-0.05012
2
0
0
-0.04361
0.999048
-0.71308
0.999987
-0.05012
0
0
-0.04361
0.999048
-0.71308
0.999987
-0.05012
2
0
0
-0.04361
0.999048
-0.71308
0.999987
-0.05012
0
0
-0.04361
0.999048
-0.71308
0.999987
-0.05012
batwingtip
False
False
False
True
False
0.123496
0.009874
0.11759
-0.12
0
0
8
0
0
-23
0
0
None
7
2
0.043619
0
0
0.999048
-1.00003
0.640209
-0.01423
0.043619
0
0
0.999048
-1.00003
0.640209
-0.01423
3
0.043619
0
0
0.999048
-1.00003
0.640209
-0.01423
0.043619
0
0
0.999048
-1.00003
0.640209
-0.01423
0.043619
0
0
0.999048
-1.00003
0.640209
-0.01423
3
0.043619
0
0
0.999048
-1.00003
0.640209
-0.01423
0.043619
0
0
0.999048
-1.00003
0.640209
-0.01423
0.043619
0
0
0.999048
-1.00003
0.640209
-0.01423
3
0.043619
0
0
0.999048
-1.00003
0.640209
-0.01423
0.043619
0
0
0.999048
-1.00003
0.640209
-0.01423
0.043619
0
0
0.999048
-1.00003
0.640209
-0.01423
2
0.043619
0
0
0.999048
-1.00003
0.640209
-0.01423
0.043619
0
0
0.999048
-1.00003
0.640209
-0.01423
2
0.043619
0
0
0.999048
-1.00003
0.640209
-0.01423
0.043619
0
0
0.999048
-1.00003
0.640209
-0.01423
2
0.043619
0
0
0.999048
-1.00003
0.640209
-0.01423
0.043619
0
0
0.999048
-1.00003
0.640209
-0.01423
mouth
True
False
False
True
False
0.004881
0.029764
0.044882
0
0
0.01
3
0
0
0
0
0
AngryMouth
7
2
0
0
0
1
0
-0.63946
0.999999
0
0
0
1
0
-0.63946
0.999999
3
0
0
0
1
0
-0.63946
0.999999
0
0
0
1
0
-0.63946
0.999999
0
0
0
1
0
-0.63946
0.999999
3
0
0
0
1
0
-0.63946
0.999999
0
0
0
1
0
-0.63946
0.999999
0
0
0
1
0
-0.63946
0.999999
3
0
0
0
1
0
-0.63946
0.999999
0
0
0
1
0
-0.63946
0.999999
0
0
0
1
0
-0.63946
0.999999
2
0
0
0
1
0
-0.63946
0.999999
0
0
0
1
0
-0.63946
0.999999
2
0
0
0
1
0
-0.63946
0.999999
0
0
0
1
0
-0.63946
0.999999
2
0
0
0
1
0
-0.63946
0.999999
0
0
0
1
0
-0.63946
0.999999
tailext
False
False
False
True
False
0.021
0.111002
0.181003
0
0
0.08
6
0
0
0
-2
0
None
7
2
0.422618
0
0
0.906307
0
-0.60613
1.000005
0.422618
0
0
0.906307
0
-0.60613
1.000005
3
0.422618
0
0
0.906307
0
-0.60613
1.000005
0.422618
0
0
0.906307
0
-0.60613
1.000005
0.422618
0
0
0.906307
0
-0.60613
1.000005
3
0.422618
0
0
0.906307
0
-0.60613
1.000005
0.422618
0
0
0.906307
0
-0.60613
1.000005
0.422618
0
0
0.906307
0
-0.60613
1.000005
3
0.422618
0
0
0.906307
0
-0.60613
1.000005
0.422618
0
0
0.906307
0
-0.60613
1.000005
0.422618
0
0
0.906307
0
-0.60613
1.000005
2
0.422618
0
0
0.906307
0
-0.60613
1.000005
0.422618
0
0
0.906307
0
-0.60613
1.000005
2
0.422618
0
0
0.906307
0
-0.60613
1.000005
0.422618
0
0
0.906307
0
-0.60613
1.000005
2
0.422618
0
0
0.906307
0
-0.60613
1.000005
0.422618
0
0
0.906307
0
-0.60613
1.000005
liftoff
False
True
False
True
False
0.161
0.021000
0.091000
-0.08
0
0
6
0
0
-23
0
0
None
7
2
0
0.216439
0
0.976296
-1.00001
0.231465
0.492018
0
0.216439
0
0.976296
-1.00001
0.231465
0.492018
3
0
0.216439
0
0.976296
-1.00001
0.231465
0.492018
0
0.216439
0
0.976296
-1.00001
0.231465
0.492018
0
0.216439
0
0.976296
-1.00001
0.231465
0.492018
3
0
0.216439
0
0.976296
-1.00001
0.231465
0.492018
0
0.216439
0
0.976296
-1.00001
0.231465
0.492018
0
0.216439
0
0.976296
-1.00001
0.231465
0.492018
3
0
0.216439
0
0.976296
-1.00001
0.231465
0.492018
0
0.216439
0
0.976296
-1.00001
0.231465
0.492018
0
0.216439
0
0.976296
-1.00001
0.231465
0.492018
2
0
0.216439
0
0.976296
-1.00001
0.231465
0.492018
0
0.216439
0
0.976296
-1.00001
0.231465
0.492018
2
0
0.216439
0
0.976296
-1.00001
0.231465
0.492018
0
0.216439
0
0.976296
-1.00001
0.231465
0.492018
2
0
0.216439
0
0.976296
-1.00001
0.231465
0.492018
0
0.216439
0
0.976296
-1.00001
0.231465
0.492018
tire-front
False
False
False
False
False
0.021
0.070999
0.061
0
0
0
10
1
18
0
0
-14
0
None
7
2
0
0
0
1
-0.99999
0
0.102085
0
0
0
1
-0.99999
0
0.102085
3
0
0
0
1
-0.99999
0
0.102085
0
0
0
1
-0.99999
0
0.102085
0
0
0
1
-0.99999
0
0.102085
3
0
0
0
1
-0.99999
0
0.102085
0
0
0
1
-0.99999
0
0.102085
0
0
0
1
-0.99999
0
0.102085
3
0
0
0
1
-0.99999
0
0.102085
0
0
0
1
-0.99999
0
0.102085
0
0
0
1
-0.99999
0
0.102085
2
0
0
0
1
-0.99999
0
0.102085
0
0
0
1
-0.99999
0
0.102085
2
-0.99144
0
0
0.130526
-0.99999
0
0.102085
-0.99144
0
0
0.130526
-0.99999
0
0.102085
2
0
0
0
1
-0.99999
0
0.102085
0
0
0
1
-0.99999
0
0.102085
hubfront
False
False
False
True
False
0.011
0.031
0.031
0
0
0
17
0
0
-23
6
0
None
7
2
0
0
0
1
-0.99999
0.073647
0.057614
0
0
0
1
-0.99999
0.073647
0.057614
3
0
0
0
1
-0.99999
0.073647
0.057614
0
0
0
1
-0.99999
0.073647
0.057614
0
0
0
1
-0.99999
0.073647
0.057614
3
0
0
0
1
-0.99999
0.073647
0.057614
0
0
0
1
-0.99999
0.073647
0.057614
0
0
0
1
-0.99999
0.073647
0.057614
3
0
0
0
1
-0.99999
0.073647
0.057614
0
0
0
1
-0.99999
0.073647
0.057614
0
0
0
1
-0.99999
0.073647
0.057614
2
0
0
0
1
-0.99999
0.073647
0.057614
0
0
0
1
-0.99999
0.073647
0.057614
2
0
0
0
1
-0.99999
0.073647
0.057614
0
0
0
1
-0.99999
0.073647
0.057614
2
0
0
0
1
-0.99999
0.073647
0.057614
0
0
0
1
-0.99999
0.073647
0.057614
mask
False
True
False
True
False
0.041
0.041
0.001
0
0
0
2
0
0
0
-14
0
None
7
2
0
0
0
1
-0.34649
0.574832
1.000004
0
0
0
1
-0.34649
0.574832
1.000004
3
0
0
0
1
-0.34649
0.574832
1.000004
0
0
0
1
-0.34649
0.574832
1.000004
0
0
0
1
-0.34649
0.574832
1.000004
3
0
0
0
1
-0.34649
0.574832
1.000004
0
0
0
1
-0.34649
0.574832
1.000004
0
0
0
1
-0.34649
0.574832
1.000004
3
0
0
0
1
-0.34649
0.574832
1.000004
0
0
0
1
-0.34649
0.574832
1.000004
0
0
0
1
-0.34649
0.574832
1.000004
2
0
0
0
1
-0.34649
0.574832
1.000004
0
0
0
1
-0.34649
0.574832
1.000004
2
0
0
0
1
-0.34649
0.574832
1.000004
0
0
0
1
-0.34649
0.574832
1.000004
2
0
0
0
1
-0.34649
0.574832
1.000004
0
0
0
1
-0.34649
0.574832
1.000004
sidewindow
False
True
False
True
False
0.011
0.041
0.081
0
0
0
0
0
0
0
-14
0
None
7
2
0
0
0
1
-0.99999
0.426372
0.617419
0
0
0
1
-0.99999
0.426372
0.617419
3
0
0
0
1
-0.99999
0.426372
0.617419
0
0
0
1
-0.99999
0.426372
0.617419
0
0
0
1
-0.99999
0.426372
0.617419
3
0
0
0
1
-0.99999
0.426372
0.617419
0
0
0
1
-0.99999
0.426372
0.617419
0
0
0
1
-0.99999
0.426372
0.617419
3
0
0
0
1
-0.99999
0.426372
0.617419
0
0
0
1
-0.99999
0.426372
0.617419
0
0
0
1
-0.99999
0.426372
0.617419
2
0
0
0
1
-0.99999
0.426372
0.617419
0
0
0
1
-0.99999
0.426372
0.617419
2
0
0
0
1
-0.99999
0.426372
0.617419
0
0
0
1
-0.99999
0.426372
0.617419
2
0
0
0
1
-0.99999
0.426372
0.617419
0
0
0
1
-0.99999
0.426372
0.617419
othersidewindow
False
True
False
True
False
0.011
0.041
0.031
0
0
0
1
0
0
0
-14
0
None
7
2
0
0
0
1
-0.99999
0.435163
0.552126
0
0
0
1
-0.99999
0.435163
0.552126
3
0
0
0
1
-0.99999
0.435163
0.552126
0
0
0
1
-0.99999
0.435163
0.552126
0
0
0
1
-0.99999
0.435163
0.552126
3
0
0
0
1
-0.99999
0.435163
0.552126
0
0
0
1
-0.99999
0.435163
0.552126
0
0
0
1
-0.99999
0.435163
0.552126
3
0
0
0
1
-0.99999
0.435163
0.552126
0
0
0
1
-0.99999
0.435163
0.552126
0
0
0
1
-0.99999
0.435163
0.552126
2
0
0
0
1
-0.99999
0.435163
0.552126
0
0
0
1
-0.99999
0.435163
0.552126
2
0
0
0
1
-0.99999
0.435163
0.552126
0
0
0
1
-0.99999
0.435163
0.552126
2
0
0
0
1
-0.99999
0.435163
0.552126
0
0
0
1
-0.99999
0.435163
0.552126
prop-tip
False
False
False
True
False
0.031
0.031
0.031
0
0
0
3
2
23
24
0
-23
0
0
None
7
2
0
0
-0.21643
0.976296
0
0.511284
0.999998
0
0
-0.21643
0.976296
0
0.511284
0.999998
3
0
0
-0.21643
0.976296
0
0.511284
0.999998
0
0
-0.21643
0.976296
0
0.511284
0.999998
0
0
-0.21643
0.976296
0
0.511284
0.999998
3
0
0
-0.21643
0.976296
0
0.511284
0.999998
0
0
-0.21643
0.976296
0
0.511284
0.999998
0
0
-0.21643
0.976296
0
0.511284
0.999998
3
0
0
-0.21643
0.976296
0
0.511284
0.999998
0
0
-0.21643
0.976296
0
0.511284
0.999998
0
0
-0.21643
0.976296
0
0.511284
0.999998
2
0
0
-0.21643
0.976296
0
0.511284
0.999998
0
0
-0.21643
0.976296
0
0.511284
0.999998
2
0
0
-0.21643
0.976296
0
0.511284
0.999998
0
0
-0.21643
0.976296
0
0.511284
0.999998
2
0
0
-0.21643
0.976296
0
0.511284
0.999998
0
0
-0.21643
0.976296
0
0.511284
0.999998
up-prop
False
False
False
True
False
0.021
0.081
0.011
0
0.08
0
22
0
0
0
-10
0
None
7
2
0
0
0
1
0
1.000005
0.478989
0
0
0
1
0
1.000005
0.478989
3
0
0
0
1
0
1.000005
0.478989
0
0
0
1
0
1.000005
0.478989
0
0
0
1
0
1.000005
0.478989
3
0
0
0
1
0
1.000005
0.478989
0
0
0
1
0
1.000005
0.478989
0
0
0
1
0
1.000005
0.478989
3
0
0
0
1
0
1.000005
0.478989
0
0
0
1
0
1.000005
0.478989
0
0
0
1
0
1.000005
0.478989
2
0
0
0
1
0
1.000005
0.478989
0
0
0
1
0
1.000005
0.478989
2
0
0
0
1
0
1.000005
0.478989
0
0
0
1
0
1.000005
0.478989
2
0
0
0
1
0
1.000005
0.478989
0
0
0
1
0
1.000005
0.478989
side-prop
False
True
False
True
False
0.021
0.101
0.011
0
-0.06
0
22
0
0
0
-10
0
None
7
2
0
0
-0.46174
0.88701
-1.00003
-0.65029
0.529352
0
0
-0.46174
0.88701
-1.00003
-0.65029
0.529352
3
0
0
-0.46174
0.88701
-1.00003
-0.65029
0.529352
0
0
-0.46174
0.88701
-1.00003
-0.65029
0.529352
0
0
-0.46174
0.88701
-1.00003
-0.65029
0.529352
3
0
0
-0.46174
0.88701
-1.00003
-0.65029
0.529352
0
0
-0.46174
0.88701
-1.00003
-0.65029
0.529352
0
0
-0.46174
0.88701
-1.00003
-0.65029
0.529352
3
0
0
-0.46174
0.88701
-1.00003
-0.65029
0.529352
0
0
-0.46174
0.88701
-1.00003
-0.65029
0.529352
0
0
-0.46174
0.88701
-1.00003
-0.65029
0.529352
2
0
0
-0.46174
0.88701
-1.00003
-0.65029
0.529352
0
0
-0.46174
0.88701
-1.00003
-0.65029
0.529352
2
0
0
-0.46174
0.88701
-1.00003
-0.65029
0.529352
0
0
-0.46174
0.88701
-1.00003
-0.65029
0.529352
2
0
0
-0.46174
0.88701
-1.00003
-0.65029
0.529352
0
0
-0.46174
0.88701
-1.00003
-0.65029
0.529352
