30
0.242907
0.149019
0.262745
0.015686
perk_tail_slap
false
0.614346
swamp
chomper
jacaré
pantanoso
morder
аллигатор
болотистый
чавкать
buaya
rawa
penggigit
caimán
pantano
mordedor
จระเข้
บึงหนองทำให้ท่วม
กัด
pantanosa
болотистая
pantano
M
M
F
болотистое
false
Scales
Sharp Tooth
Uncooked Meat
Bones
?
18
torso
False
False
False
False
False
0.211
0.131
0.450999
0
0
0
-1
6
1
6
7
8
14
17
0
0
0
0
None
7
2
0
0
0
1
0
0
0
0
0
0
1
0
0.04
0
3
0
0
0
1
0
0.02
0
0
0
0
1
0
0.04
0
0
0
0
1
0
0.04
0
3
0
0.052335
0
0.998629
0
0
0
-0.03489
0
0
0.99939
0
0
0
0
-0.10452
0
0.994522
0
0
0
3
0.087155
0
0
0.996194
0
-0.04
-0.22
-0.08715
0
0
0.996194
0
0
0.26
0.087155
0
0
0.996194
0
0
0.36
2
-0.3007
0
0
0.953716
0
0.26
0.38
-0.34202
0
0
0.939692
0
0.26
0.42
2
-1
0
0
0
0
-0.42
-0.71999
-1
0
0
0
0
-0.44
-0.71999
2
-0.34202
0
0
0.939692
0
0
0
-0.25881
0
0
0.965925
0
0
0
neck
False
False
False
True
False
0.191
0.171
0.141
0
-0.02
0.06
0
1
2
0
0
-2
0
None
7
2
-0.01744
-0.03463
-0.00425
0.999238
0
-0.14996
0.999999
0.052264
0.052264
0.002739
0.997261
0
-0.14996
0.999999
3
-0.01744
-0.03463
-0.00425
0.999238
0
-0.14996
0.999999
0.052303
-0.03485
-0.00182
0.998021
0
-0.14996
0.999999
-0.01744
-0.03463
-0.00425
0.999238
0
-0.14996
0.999999
3
-0.01744
-0.03463
-0.00425
0.999238
0
-0.14996
0.999999
-0.01744
-0.03463
-0.00425
0.999238
0
-0.14996
0.999999
-0.01744
-0.03463
-0.00425
0.999238
0
-0.14996
0.999999
3
0.02616
-0.03479
-0.00273
0.999048
0
-0.14996
0.999999
-0.01744
-0.03463
-0.00425
0.999238
0
-0.14996
0.999999
-0.01744
-0.03463
-0.00425
0.999238
0
-0.14996
0.999999
2
0.156339
-0.03485
0.001826
0.987086
0
-0.14996
0.999999
0.156339
-0.03485
0.001826
0.987086
0
-0.14996
0.999999
2
-0.01744
-0.03463
-0.00425
0.999238
0
-0.14996
0.999999
-0.01744
-0.03463
-0.00425
0.999238
0
-0.14996
0.999999
2
0.325751
0.006724
-0.00777
0.945399
0
-0.51415
1
0.069713
-0.03487
-0.00121
0.996956
0
-0.14996
0.999999
head
False
False
False
False
False
0.161
0.131
0.101
0
0
0
1
3
3
4
5
0
0
0
0
None
7
2
-0.01745
0
0
0.999847
0
0.278509
1.000003
-0.01745
0
0
0.999847
0
0.278509
1.000003
3
-0.01745
0
0
0.999847
0
0.190017
0.999998
-0.01745
0
0
0.999847
0
-0.04955
1.000013
-0.01745
0
0
0.999847
0
0.020273
1.000008
3
-0.01745
0
0
0.999847
0
0.278509
1.000003
-0.01745
0
0
0.999847
0
0.278509
1.000003
-0.01745
0
0
0.999847
0
0.278509
1.000003
3
0.026176
0
0
0.999657
0
0.278509
1.000003
0.026176
0
0
0.999657
0
0.278509
1.000003
0.026176
0
0
0.999657
0
0.278509
1.000003
2
0.026176
0
0
0.999657
0
0.278509
1.000003
0.026176
0
0
0.999657
0
0.278509
1.000003
2
-0.94551
0
0
0.325568
0
0.278509
1.000003
-0.94551
0
0
0.325568
0
0.278509
1.000003
2
-0.01745
0
0
0.999847
0
0.278509
1.000003
-0.01745
0
0
0.999847
0
0.278509
1.000003
snout
False
False
False
True
False
0.121
0.061
0.151
0
0
0.12
2
1
15
0
0
0
0
None
7
2
0.034835
-0.00234
0
0.99939
0.026196
-0.04519
1.000002
0.034835
-0.00234
0
0.99939
0.026196
-0.04519
1.000002
3
0.034835
-0.00234
0
0.99939
0.026196
-0.04519
1.000002
0.034835
-0.00234
0
0.99939
0.026196
-0.04519
1.000002
0.034835
-0.00234
0
0.99939
0.026196
-0.04519
1.000002
3
0.034835
-0.00234
0
0.99939
0.026196
-0.04519
1.000002
0.034835
-0.00234
0
0.99939
0.026196
-0.04519
1.000002
0.034835
-0.00234
0
0.99939
0.026196
-0.04519
1.000002
3
0.034835
-0.00234
0
0.99939
0.026196
-0.04519
1.000002
-0.0959
-0.00224
0
0.995387
0.026196
-0.04519
1.000002
-0.0959
-0.00224
0
0.995387
0.026196
-0.04519
1.000002
2
0.034835
-0.00234
0
0.99939
0.026196
-0.04519
1.000002
0.034835
-0.00234
0
0.99939
0.026196
-0.04519
1.000002
2
0.034835
-0.00234
0
0.99939
0.026196
-0.04519
1.000002
0.034835
-0.00234
0
0.99939
0.026196
-0.04519
1.000002
2
0.034835
-0.00234
0
0.99939
0.026196
-0.04519
1.000002
0.034835
-0.00234
0
0.99939
0.026196
-0.04519
1.000002
hornbump
False
True
False
True
True
0.051
0.021
0.061
0
0
0
2
0
0
-5
7
0
None
7
2
0.156434
0
0
0.987688
-0.66258
1.000004
0.543949
0.156434
0
0
0.987688
-0.66258
1.000004
0.543949
3
0.156434
0
0
0.987688
-0.66258
1.000004
0.543949
0.156434
0
0
0.987688
-0.66258
1.000004
0.543949
0.156434
0
0
0.987688
-0.66258
1.000004
0.543949
3
0.156434
0
0
0.987688
-0.66258
1.000004
0.543949
0.156434
0
0
0.987688
-0.66258
1.000004
0.543949
0.156434
0
0
0.987688
-0.66258
1.000004
0.543949
3
0.156434
0
0
0.987688
-0.66258
1.000004
0.543949
0.156434
0
0
0.987688
-0.66258
1.000004
0.543949
0.156434
0
0
0.987688
-0.66258
1.000004
0.543949
2
0.156434
0
0
0.987688
-0.66258
1.000004
0.543949
0.156434
0
0
0.987688
-0.66258
1.000004
0.543949
2
0.156434
0
0
0.987688
-0.66258
1.000004
0.543949
0.156434
0
0
0.987688
-0.66258
1.000004
0.543949
2
0.156434
0
0
0.987688
-0.66258
1.000004
0.543949
0.156434
0
0
0.987688
-0.66258
1.000004
0.543949
eyes
True
True
False
True
False
0.06
0.06
0.05
0
0
0.01
2
0
0
0
0
0
SeriousEye
7
2
0.042495
-0.32278
-0.12341
0.937429
-0.99166
0.505565
1.000002
0.042495
-0.32278
-0.12341
0.937429
-0.99166
0.505565
1.000002
3
0.042495
-0.32278
-0.12341
0.937429
-0.99166
0.505565
1.000002
0.042495
-0.32278
-0.12341
0.937429
-0.99166
0.505565
1.000002
0.042495
-0.32278
-0.12341
0.937429
-0.99166
0.505565
1.000002
3
0.042495
-0.32278
-0.12341
0.937429
-0.99166
0.505565
1.000002
0.042495
-0.32278
-0.12341
0.937429
-0.99166
0.505565
1.000002
0.042495
-0.32278
-0.12341
0.937429
-0.99166
0.505565
1.000002
3
0.042495
-0.32278
-0.12341
0.937429
-0.99166
0.505565
1.000002
0.042495
-0.32278
-0.12341
0.937429
-0.99166
0.505565
1.000002
0.042495
-0.32278
-0.12341
0.937429
-0.99166
0.505565
1.000002
2
0.042495
-0.32278
-0.12341
0.937429
-0.99166
0.505565
1.000002
0.042495
-0.32278
-0.12341
0.937429
-0.99166
0.505565
1.000002
2
0.042495
-0.32278
-0.12341
0.937429
-0.99166
0.505565
1.000002
0.042495
-0.32278
-0.12341
0.937429
-0.99166
0.505565
1.000002
2
0.042495
-0.32278
-0.12341
0.937429
-0.99166
0.505565
1.000002
0.042495
-0.32278
-0.12341
0.937429
-0.99166
0.505565
1.000002
shoulder
False
True
True
False
False
0.051
0.091000
0.121
0
0
0
0
1
9
0
0
0
0
None
7
2
-0.66065
0.222288
-0.21466
0.684133
-0.99999
-0.16971
0.636011
-0.66065
0.222288
-0.21466
0.684133
-0.99999
-0.16971
0.636011
3
-0.66065
0.222288
-0.21466
0.684133
-1
-0.65796
0.32349
-0.66065
0.222288
-0.21466
0.684133
-0.99999
-0.16971
0.636011
-0.66065
0.222288
-0.21466
0.684133
-1
-0.76942
0.83242
3
-0.61334
0.337709
-0.32612
0.635139
-0.99999
-0.16971
0.636011
-0.66065
0.222288
-0.21466
0.684133
-1
-0.08412
0.636008
-0.68789
0.100112
-0.09667
0.712339
-0.99999
-0.16971
0.636011
3
-0.7443
0.248405
-0.18381
0.592046
-1
-0.22413
0.711186
-0.66065
0.222288
-0.21466
0.684133
-0.99999
-0.32281
0.636014
-0.66065
0.222288
-0.21466
0.684133
-0.99999
-0.32281
0.636014
2
-0.55661
0.056336
-0.07754
0.825221
-1
-0.77431
0.374349
-0.55661
0.056336
-0.07754
0.825221
-1
-0.77431
0.374349
2
-0.68413
-0.21466
-0.22228
-0.66065
-0.99999
-0.16971
0.636011
-0.68413
-0.21466
-0.22228
-0.66065
-0.99999
-0.16971
0.636011
2
-0.53186
0.139631
0.227858
-0.80355
-0.91197
1.000001
0.516918
-0.68413
0.214661
0.222288
-0.66065
-0.99999
0.758088
0.846195
hip
False
True
True
False
False
0.031
0.101
0.131
0
0
-0.06
0
1
11
0
0
0
0
None
7
2
-0.65168
0.2981
-0.252
0.650331
-0.99999
0.191006
-0.7066
-0.65168
0.2981
-0.252
0.650331
-0.99999
0.191006
-0.7066
3
-0.65168
0.2981
-0.252
0.650331
-0.99999
0.165051
-0.56335
-0.65168
0.2981
-0.252
0.650331
-1
-0.28406
-0.19371
-0.65168
0.2981
-0.252
0.650331
-0.99999
-0.49169
-0.81334
3
-0.61027
0.385708
-0.34025
0.602514
-0.99999
0.191006
-0.7066
-0.59802
0.4065
-0.36134
0.588686
-1
0.386469
-0.7066
-0.65168
0.2981
-0.252
0.650331
-0.99999
0.191006
-0.7066
3
-0.65168
0.2981
-0.252
0.650331
-0.99999
-0.10464
-0.70658
-0.65168
0.2981
-0.252
0.650331
-0.99999
0.191006
-0.7066
-0.65168
0.2981
-0.252
0.650331
-0.99999
0.191006
-0.7066
2
-0.86547
0.376674
-0.10241
0.313985
-0.99999
0.191006
-0.7066
-0.86547
0.376674
-0.10241
0.313985
-0.99999
0.191006
-0.7066
2
-0.65033
-0.252
-0.2981
-0.65168
-0.99999
0.191006
-0.7066
-0.65033
-0.252
-0.2981
-0.65168
-0.99999
0.191006
-0.7066
2
-0.65168
0.2981
-0.252
0.650331
-0.99999
0.191006
-0.7066
-0.65168
0.2981
-0.252
0.650331
-0.99999
0.191006
-0.7066
tail
False
False
False
False
False
0.161
0.081001
0.251
0
0
0.24
0
1
13
0
0
0
0
None
7
2
-0.98032
-0.01906
-0.15526
-0.12036
0.035806
0.009093
-0.99999
-0.97431
0.023253
0.189386
-0.11963
0.035806
0.009093
-0.99999
3
-0.99239
0.002126
0.017322
-0.12185
0.035806
0.009093
-0.99999
-0.98528
-0.04834
-0.14877
0.068897
0.035806
0.009093
-0.99999
-0.97377
0.046769
0.220035
-0.034
0.035806
0.009093
-0.99999
3
-0.99118
-0.00637
-0.05194
-0.1217
0.035806
0.009093
-0.99999
-0.98288
0.01696
0.138135
-0.12068
0.035806
0.009093
-0.99999
-0.98032
-0.01906
-0.15526
-0.12036
0.035806
0.009093
-0.99999
3
-0.98765
-0.03916
-0.15145
0.008619
0.035806
0.009093
-0.99999
-0.92514
-0.0886
-0.12892
0.345895
0.035806
0.009093
-0.99999
-0.98032
-0.01906
-0.15526
-0.12036
0.035806
0.009093
-0.99999
2
-0.98032
-0.01906
-0.15526
-0.12036
0.035806
0.009093
-0.99999
-0.98032
-0.01906
-0.15526
-0.12036
0.035806
0.009093
-0.99999
2
0.120368
-0.15526
0.019064
-0.98032
0.035806
0.009093
-0.99999
0.120368
-0.15526
0.019064
-0.98032
0.035806
0.009093
-0.99999
2
-0.98032
-0.01906
-0.15526
-0.12036
0.035806
0.009093
-0.99999
-0.98032
-0.01906
-0.15526
-0.12036
0.035806
0.009093
-0.99999
arm
False
False
True
False
False
0.031
0.061000
0.131
0
0
0
6
1
10
0
-5
5
0
None
7
2
-0.96423
0.199994
-0.00351
0.173877
0.204068
-0.53929
-1
-0.91939
0.196345
-0.03818
0.338674
0.204068
-0.53929
-1
3
-0.88638
0.19227
-0.05515
0.417516
0.220664
-0.58352
-0.99999
-0.97713
0.199265
0.017411
0.072134
0.321449
-0.49909
-0.99999
-0.94976
0.199261
-0.01745
0.240716
0.204068
-0.53929
-1
3
-0.79674
0.163574
-0.40309
0.419479
0.204068
-0.53929
-1
-0.97978
0.197565
0.031269
0.003798
0.204068
-0.53929
-1
-0.94936
0.166388
0.184514
0.192304
0.204068
-0.53929
-1
3
-0.94897
0.227149
-0.17089
0.136507
0.304655
-0.59133
-1.00001
-0.64659
0.734698
-0.19482
-0.06468
-1
-0.98333
-0.81715
-0.70906
0.598158
-0.2594
0.268577
-1
-0.98333
-0.81715
2
-0.65732
0.014112
0.093052
0.74771
0.775054
0.526334
-1.00002
-0.65732
0.014112
0.093052
0.74771
0.775054
0.526334
-1.00002
2
-0.17387
-0.00351
-0.19999
-0.96423
0.204068
-0.53929
-1
-0.17387
-0.00351
-0.19999
-0.96423
0.204068
-0.53929
-1
2
-0.54321
-0.04731
0.295096
-0.78459
0.346775
-0.08932
-1.00001
-0.75401
0.04361
0.295666
-0.58493
0.346775
-0.08932
-1.00001
hand
False
False
True
False
False
0.081
0.051
0.091
0
-0.02
0
9
0
0
0
-1
0
None
7
2
0
-0.12186
0
0.992546
0.650761
-0.33831
-0.99998
0
-0.12186
0
0.992546
0.650761
-0.33831
-0.99998
3
0
-0.12186
0
0.992546
0.650761
-0.33831
-0.99998
0
-0.12186
0
0.992546
0.650761
-0.33831
-0.99998
0
-0.12186
0
0.992546
0.650761
-0.33831
-0.99998
3
0
-0.12186
0
0.992546
0.650761
-0.33831
-0.99998
0
-0.12186
0
0.992546
0.650761
-0.33831
-0.99998
0
0.069756
0
0.997564
0.650761
-0.33831
-0.99998
3
0
-0.12186
0
0.992546
0.650761
-0.33831
-0.99998
0.086506
-0.1214
0.010621
0.988769
0.999979
-0.3192
-0.92465
0.086506
-0.1214
0.010621
0.988769
0.999979
-0.3192
-0.92465
2
0.256889
-0.11771
0.031542
0.958725
0.650761
-0.33831
-0.99998
0.256889
-0.11771
0.031542
0.958725
0.650761
-0.33831
-0.99998
2
-0.99254
0
0.121869
0
0.650761
-0.33831
-0.99998
-0.99254
0
0.121869
0
0.650761
-0.33831
-0.99998
2
-0.82857
0.23673
0.070558
0.502441
0.650761
-0.33831
-0.99998
-0.82857
0.23673
0.070558
0.502441
0.650761
-0.33831
-0.99998
leg
False
False
True
False
False
0.031
0.061000
0.121003
0
0
0
7
1
12
0
-5
5
0
None
7
2
-0.92849
0.267998
-0.03408
0.254793
1.000003
-0.40188
-0.98538
-0.89051
0.261847
-0.06648
0.366049
1.000003
-0.40188
-0.98538
3
-0.96004
0.269577
0.01768
0.072948
1.000003
-0.40188
-0.98538
-0.92849
0.267998
-0.03408
0.254793
1.000003
-0.40188
-0.98538
-0.81342
0.246323
-0.11094
0.515124
1.000003
-0.40188
-0.98538
3
-0.83501
0.326869
-0.23313
0.376232
0.999984
-0.39688
-0.98534
-0.96117
0.269227
0.022383
0.056181
0.998894
-0.44336
-0.99999
-0.88522
0.203331
0.259151
0.328443
1.000003
-0.40188
-0.98538
3
-0.8309
0.250045
-0.10228
0.486423
1.000003
-0.40188
-0.98538
-0.92849
0.267998
-0.03408
0.254793
1.000003
-0.40188
-0.98538
-0.92849
0.267998
-0.03408
0.254793
1.000003
-0.40188
-0.98538
2
-0.92849
0.267998
-0.03408
0.254793
1.000003
-0.40188
-0.98538
-0.92849
0.267998
-0.03408
0.254793
1.000003
-0.40188
-0.98538
2
-0.25479
-0.03408
-0.26799
-0.92849
1.000003
-0.40188
-0.98538
-0.25479
-0.03408
-0.26799
-0.92849
1.000003
-0.40188
-0.98538
2
-0.92849
0.267998
-0.03408
0.254793
1.000003
-0.40188
-0.98538
-0.92849
0.267998
-0.03408
0.254793
1.000003
-0.40188
-0.98538
foot
False
False
True
False
False
0.070999
0.041
0.090999
0
0
0.02
11
0
0
0
-1
0
None
7
2
0
0
0
1
0.613026
0.088089
-1.00001
0
0
0
1
0.613026
0.088089
-1.00001
3
0
0
0
1
0.613026
0.088089
-1.00001
0
0
0
1
0.613026
0.088089
-1.00001
0
0
0
1
0.613026
0.088089
-1.00001
3
0
0
0
1
0.613026
0.088089
-1.00001
0
0
0
1
0.613026
0.088089
-1.00001
0
0.224951
0
0.97437
0.613026
0.088089
-1.00001
3
0.130526
0
0
0.991444
0.613497
-0.22813
-1.00001
0.130526
0
0
0.991444
0.613026
0.088089
-1.00001
0.130526
0
0
0.991444
0.613026
0.088089
-1.00001
2
0
0
0
1
0.613026
0.088089
-1.00001
0
0
0
1
0.613026
0.088089
-1.00001
2
-1
0
0
0
0.613026
0.088089
-1.00001
-1
0
0
0
0.613026
0.088089
-1.00001
2
0
0
0
1
0.613026
0.088089
-1.00001
0
0
0
1
0.613026
0.088089
-1.00001
tailext
False
False
False
True
False
0.081
0.061000
0.181
0
0
0.18
8
0
0
0
0
0
None
7
2
0.121869
0
0
0.992546
0
-0.02704
1
0.121869
0
0
0.992546
0
-0.02704
1
3
0.121869
0
0
0.992546
0
-0.02704
1
0.121869
0
0
0.992546
0
-0.02704
1
0.121869
0
0
0.992546
0
-0.02704
1
3
0.121869
0
0
0.992546
0
-0.02704
1
0.121869
0
0
0.992546
0
-0.02704
1
0.121869
0
0
0.992546
0
-0.02704
1
3
0.121869
0
0
0.992546
0
-0.02704
1
0.207911
0
0
0.978147
0
-0.02704
1
0.121869
0
0
0.992546
0
-0.02704
1
2
0.121869
0
0
0.992546
0
-0.02704
1
0.121869
0
0
0.992546
0
-0.02704
1
2
0.121869
0
0
0.992546
0
-0.02704
1
0.121869
0
0
0.992546
0
-0.02704
1
2
0.121869
0
0
0.992546
0
-0.02704
1
0.121869
0
0
0.992546
0
-0.02704
1
spines
False
True
False
True
False
0.031
0.041
0.090999
0
0
0
0
0
0
-5
7
0
None
7
2
0
0.087155
0
0.996194
-0.552
0.999998
0.690898
0
0.087155
0
0.996194
-0.552
0.999998
0.690898
3
0
0.087155
0
0.996194
-0.552
0.999998
0.690898
0
0.087155
0
0.996194
-0.552
0.999998
0.690898
0
0.087155
0
0.996194
-0.552
0.999998
0.690898
3
0
0.087155
0
0.996194
-0.552
0.999998
0.690898
0
0.087155
0
0.996194
-0.552
0.999998
0.690898
0
0.087155
0
0.996194
-0.552
0.999998
0.690898
3
0
0.087155
0
0.996194
-0.552
0.999998
0.690898
0
0.087155
0
0.996194
-0.552
0.999998
0.690898
0
0.087155
0
0.996194
-0.552
0.999998
0.690898
2
0
0.087155
0
0.996194
-0.552
0.999998
0.690898
0
0.087155
0
0.996194
-0.552
0.999998
0.690898
2
0
0.087155
0
0.996194
-0.552
0.999998
0.690898
0
0.087155
0
0.996194
-0.552
0.999998
0.690898
2
0
0.087155
0
0.996194
-0.552
0.999998
0.690898
0
0.087155
0
0.996194
-0.552
0.999998
0.690898
jaw
False
False
False
True
False
0.151
0.031
0.181
0
0
0
3
1
16
0
-1
4
0
None
7
2
0
0
0
1
0
-1
0.074828
0
0
0
1
0
-1
0.074828
3
0
0
0
1
0
-1
0.074828
0
0
0
1
0
-1
0.074828
0
0
0
1
0
-1
0.074828
3
0
0
0
1
0
-1
0.074828
0
0
0
1
0
-1
0.074828
0
0
0
1
0
-1
0.074828
3
0
0
0
1
0
-1
0.074828
0.573576
0
0
0.819151
-0.0438
-0.99999
-0.83081
0.573576
0
0
0.819151
-0.0438
-0.99999
-0.83081
2
0
0
0
1
0
-1
0.074828
0
0
0
1
0
-1
0.074828
2
0
0
0
1
0
-1
0.074828
0
0
0
1
0
-1
0.074828
2
0
0
0
1
0
-1
0.074828
0
0
0
1
0
-1
0.074828
tooth
False
True
False
True
False
0.021
0.061
0.011
0
0
0
15
0
0
-19
16
0
None
7
2
0
0
0
1
-0.76591
1.000002
0.60651
0
0
0
1
-0.76591
1.000002
0.60651
3
0
0
0
1
-0.76591
1.000002
0.60651
0
0
0
1
-0.76591
1.000002
0.60651
0
0
0
1
-0.76591
1.000002
0.60651
3
0
0
0
1
-0.76591
1.000002
0.60651
0
0
0
1
-0.76591
1.000002
0.60651
0
0
0
1
-0.76591
1.000002
0.60651
3
0
0
0
1
-0.76591
1.000002
0.60651
0
0
0
1
-0.76591
1.000002
0.60651
0
0
0
1
-0.76591
1.000002
0.60651
2
0
0
0
1
-0.76591
1.000002
0.60651
0
0
0
1
-0.76591
1.000002
0.60651
2
0
0
0
1
-0.76591
1.000002
0.60651
0
0
0
1
-0.76591
1.000002
0.60651
2
0
0
0
1
-0.76591
1.000002
0.60651
0
0
0
1
-0.76591
1.000002
0.60651
longspines
False
True
False
True
False
0.031
0.031
0.231
0
0
0
0
0
0
-5
7
0
None
7
2
0
0
0
1
-0.46772
1.000004
-0.00382
0
0
0
1
-0.46772
1.000004
-0.00382
3
0
0
0
1
-0.46772
1.000004
-0.00382
0
0
0
1
-0.46772
1.000004
-0.00382
0
0
0
1
-0.46772
1.000004
-0.00382
3
0
0
0
1
-0.46772
1.000004
-0.00382
0
0
0
1
-0.46772
1.000004
-0.00382
0
0
0
1
-0.46772
1.000004
-0.00382
3
0
0
0
1
-0.46772
1.000004
-0.00382
0
0
0
1
-0.46772
1.000004
-0.00382
0
0
0
1
-0.46772
1.000004
-0.00382
2
0
0
0
1
-0.46772
1.000004
-0.00382
0
0
0
1
-0.46772
1.000004
-0.00382
2
0
0
0
1
-0.46772
1.000004
-0.00382
0
0
0
1
-0.46772
1.000004
-0.00382
2
0
0
0
1
-0.46772
1.000004
-0.00382
0
0
0
1
-0.46772
1.000004
-0.00382
