30
0.618491
0.839215
0.639215
0.411764
perk_rejuvenate
false
0.916152
woolly
llama
alpaca
lanoso
lhama
aльпака
шерстистый
лама
alpaka
berbulu
llama
alpaca
lanudo
llama
อัลปาก้า
ขน
ลามา
lanosa
шерстистая
lanuda
F
F
F
шерстяное
false
Fur
Uncooked Meat
Bones
?
?
16
torso
False
False
False
False
False
0.239577
0.218302
0.365775
0
0
0
-1
4
1
5
6
7
0
0
0
0
None
7
2
-0.04361
0
0
0.999048
0
0
0
-0.04361
0
0
0.999048
0
0
0
3
0.043619
0
0
0.999048
0
0
0
-0.13052
0
0
0.991444
0
0
0
-0.04361
0
0
0.999048
0
0
0
3
0
0.069756
0
0.997564
0
0
0
-0.05233
0
0
0.998629
0
0
0
0
-0.06975
0
0.997564
0
0
0
3
0.130526
0
0
0.991444
0
-0.16
-0.2
-0.08715
0
0
0.996194
0
-0.08
0.38
-0.25881
0
0
0.965925
0
-0.08
0.38
2
-0.53729
0
0
0.843391
0
-0.04
0.12
-0.57357
0
0
0.819151
0
-0.04
0.12
2
-1
0
0
0
0
-0.12
-0.55999
-1
0
0
0
0
-0.1
-0.55999
2
-0.17364
0
0
0.984807
0
0
0
-0.3007
0
0
0.953717
0
0
0
neck
False
False
False
True
False
0.170852
0.158347
0.314523
0
0.06
0.099999
0
1
2
0
-2
-7
0
None
7
2
-0.67559
0
0
0.737277
0
0.899435
0.999999
-0.7071
0
0
0.707106
0
0.899435
0.999999
3
-0.67559
0
0
0.737277
0
0.899435
0.999999
-0.67559
0
0
0.737277
0
0.899435
0.999999
-0.67559
0
0
0.737277
0
0.899435
0.999999
3
-0.64278
0
0
0.766044
0
0.850589
0.999999
-0.64278
0
0
0.766044
0
0.850589
0.999999
-0.64278
0
0
0.766044
0
0.850589
0.999999
3
-0.08715
0
0
0.996194
0
0.170978
1.000001
-0.08715
0
0
0.996194
0
0.170978
1.000001
-0.5
0
0
0.866025
0
0.170978
1.000001
2
-0.13052
0
0
0.991444
0
-0.21092
0.999999
-0.13052
0
0
0.991444
0
-0.21092
0.999999
2
0.300705
0
0
0.953717
0
0.112043
1.000002
0.300705
0
0
0.953717
0
0.112043
1.000002
2
0.087155
0
0
0.996194
0
0.380739
1.000005
0.087155
0
0
0.996194
0
0.380739
1.000005
head
False
False
False
False
False
0.153336
0.098347
0.108347
0
0
-0.08
1
4
3
4
12
14
-4
-6
4
0
None
7
2
0.034899
0
0
0.99939
0
-1
0.810922
0.034899
0
0
0.99939
0
-1
0.810922
3
0.034899
0
0
0.99939
0
-1
0.810922
0.034899
0
0
0.99939
0
-1
0.810922
0.034899
0
0
0.99939
0
-1
0.810922
3
-0.05233
0
0
0.998629
0
-0.06055
0.999999
-0.05233
0
0
0.998629
0
-0.06055
0.999999
-0.05233
0
0
0.998629
0
-0.06055
0.999999
3
0.529919
0
0
0.848048
0
-1
0.810922
0.529919
0
0
0.848048
0
-1
0.810922
-0.30901
0
0
0.951056
0
-1
0.810922
2
0.121869
0
0
0.992546
0
-1
0.810922
0.121869
0
0
0.992546
0
-1
0.810922
2
-0.90996
0
0
0.414693
0
-1
0.810922
-0.90996
0
0
0.414693
0
-1
0.810922
2
-0.05233
0
0
0.998629
0
-0.06055
0.999999
-0.05233
0
0
0.998629
0
-0.06055
0.999999
snout
False
False
False
True
False
0.042105
0.070852
0.113336
0
0
0.02
2
2
13
15
-4
-6
4
0
None
7
2
-0.00879
-0.00231
0
0.999958
0.026195
-0.41636
1.000007
-0.00879
-0.00231
0
0.999958
0.026195
-0.41636
1.000007
3
-0.00879
-0.00231
0
0.999958
0.026195
-0.41636
1.000007
-0.00879
-0.00231
0
0.999958
0.026195
-0.41636
1.000007
-0.00879
-0.00231
0
0.999958
0.026195
-0.41636
1.000007
3
0.121805
-0.00239
0
0.992551
0.026195
-0.41636
1.000007
0.121805
-0.00239
0
0.992551
0.026195
-0.41636
1.000007
0.121805
-0.00239
0
0.992551
0.026195
-0.41636
1.000007
3
-0.00879
-0.00231
0
0.999958
0.026195
-0.41636
1.000007
-0.00879
-0.00231
0
0.999958
0.026195
-0.41636
1.000007
-0.00879
-0.00231
0
0.999958
0.026195
-0.41636
1.000007
2
-0.00879
-0.00231
0
0.999958
0.026195
-0.41636
1.000007
-0.00879
-0.00231
0
0.999958
0.026195
-0.41636
1.000007
2
-0.00879
-0.00231
0
0.999958
0.026195
-0.41636
1.000007
-0.00879
-0.00231
0
0.999958
0.026195
-0.41636
1.000007
2
0.121805
-0.00239
0
0.992551
0.026195
-0.41636
1.000007
0.121805
-0.00239
0
0.992551
0.026195
-0.41636
1.000007
eyes
True
True
False
True
False
0.063736
0.043736
0.043736
0
0
0.01
2
0
0
0
0
0
BlackEye
7
2
-0.01774
-0.06969
0.039848
0.996614
-0.62351
-0.10125
1.000007
-0.01774
-0.06969
0.039848
0.996614
-0.62351
-0.10125
1.000007
3
-0.01774
-0.06969
0.039848
0.996614
-0.73978
0.040594
0.999993
-0.01774
-0.06969
0.039848
0.996614
-0.73978
0.040594
0.999993
-0.01774
-0.06969
0.039848
0.996614
-0.73978
0.040594
0.999993
3
-0.01055
-0.24169
0.042323
0.969372
-0.84345
0.135743
0.99999
-0.01055
-0.24169
0.042323
0.969372
-0.84345
0.135743
0.99999
-0.01055
-0.24169
0.042323
0.969372
-0.84345
0.135743
0.99999
3
-0.01774
-0.06969
0.039848
0.996614
-0.73978
0.040594
0.999993
-0.01774
-0.06969
0.039848
0.996614
-0.73978
0.040594
0.999993
-0.01774
-0.06969
0.039848
0.996614
-0.73978
0.040594
0.999993
2
-0.01774
-0.06969
0.039848
0.996614
-0.62351
-0.10125
1.000007
-0.01774
-0.06969
0.039848
0.996614
-0.62351
-0.10125
1.000007
2
-0.01774
-0.06969
0.039848
0.996614
-0.62351
-0.10125
1.000007
-0.01774
-0.06969
0.039848
0.996614
-0.62351
-0.10125
1.000007
2
-0.01055
-0.24169
0.042323
0.969372
-0.84345
0.135743
0.99999
-0.01055
-0.24169
0.042323
0.969372
-0.84345
0.135743
0.99999
shoulder
False
True
True
False
False
0.11461
0.138347
0.149577
0
0
0.02
0
1
8
0
2
-9
0
None
7
2
-0.7009
0
0
0.71325
-0.62316
-0.99999
0.39633
-0.7009
0
0
0.71325
-0.62316
-0.99999
0.39633
3
-0.5664
0
0
0.824126
-0.62316
-0.99999
0.39633
-0.60181
0
0
0.798635
-0.62316
-0.99999
0.39633
-0.83867
0
0
0.544639
-0.4758
-1
0.754532
3
-0.59267
0.138681
-0.1045
0.786502
-0.9928
-1
0.63141
-0.60181
0
0
0.798635
-1
-0.76123
0.635985
-0.59732
-0.09732
0.073342
0.792682
-0.9928
-1
0.63141
3
-0.45399
0
0
0.891006
-0.62316
-0.99999
0.39633
-0.5664
0
0
0.824126
-0.7267
-0.99999
0.462048
-0.52991
0
0
0.848048
-0.61444
-1
0.390678
2
-0.66658
-0.06476
0.058318
0.740317
-0.62316
-0.99999
0.39633
-0.66658
-0.06476
0.058318
0.740317
-0.62316
-0.99999
0.39633
2
-0.74314
0
0
-0.66913
-0.62316
-0.99999
0.39633
-0.74314
0
0
-0.66913
-0.62316
-0.99999
0.39633
2
-0.6794
0.063741
0.05944
-0.72857
-1
-0.16903
0.635961
-0.5056
0.049365
0.071827
-0.85835
-0.99999
0.284538
0.499491
hip
False
True
True
False
False
0.08461
0.147094
0.157072
0
0
0.02
0
1
10
0
2
-9
0
None
7
2
-0.71325
0
0
0.700909
-0.78217
-1
-0.56315
-0.71325
0
0
0.700909
-0.78217
-1
-0.56315
3
-0.82412
0
0
0.566406
-0.78217
-1
-0.56315
-0.64944
0
0
0.760406
-0.78217
-1
-0.56315
-0.50753
0
0
0.861629
-0.78217
-1
-0.56315
3
-0.7376
0.081546
-0.09056
0.664143
-0.9188
-1
-0.6615
-0.74314
0
0
0.66913
-1
-0.77189
-0.61194
-0.7376
-0.08154
0.090566
0.664143
-0.9188
-1
-0.6615
3
-0.71325
0
0
0.700909
-0.78217
-1
-0.56315
-0.61566
0
0
0.78801
-0.99999
-0.90753
-0.72002
-0.50753
0
0
0.861629
-0.99999
-0.90753
-0.72002
2
-0.98253
0.014384
-0.08596
0.164419
-0.78217
-1
-0.56315
-0.98253
0.014384
-0.08596
0.164419
-0.78217
-1
-0.56315
2
-0.73135
0
0
-0.68199
-0.78217
-1
-0.56315
-0.73135
0
0
-0.68199
-0.78217
-1
-0.56315
2
-0.74314
0
0
0.66913
-0.9188
-1
-0.6615
-0.74314
0
0
0.66913
-0.9188
-1
-0.6615
tail
False
False
False
False
False
0.078369
0.095863
0.157094
0
0
0.04
0
0
0
-7
-4
0
None
7
2
-0.86602
0
0
-0.49999
0.035806
0.565111
-0.99999
-0.86602
0
0
-0.49999
0.035806
0.565111
-0.99999
3
-0.86602
0
0
-0.49999
0.035806
0.565111
-0.99999
-0.86602
0
0
-0.49999
0.035806
0.565111
-0.99999
-0.86602
0
0
-0.49999
0.035806
0.565111
-0.99999
3
-0.86602
0
0
-0.49999
0.035806
0.565111
-0.99999
-0.86602
0
0
-0.49999
0.035806
0.565111
-0.99999
-0.86602
0
0
-0.49999
0.035806
0.565111
-0.99999
3
-0.86602
0
0
-0.49999
0.035806
0.565111
-0.99999
-0.86602
0
0
-0.49999
0.035806
0.565111
-0.99999
-0.86602
0
0
-0.49999
0.035806
0.565111
-0.99999
2
-0.86602
0
0
-0.49999
0.035806
0.565111
-0.99999
-0.86602
0
0
-0.49999
0.035806
0.565111
-0.99999
2
0.461748
0
0
-0.88701
0.035806
0.565111
-0.99999
0.461748
0
0
-0.88701
0.035806
0.565111
-0.99999
2
-0.86602
0
0
-0.49999
0.035806
0.565111
-0.99999
-0.86602
0
0
-0.49999
0.035806
0.565111
-0.99999
arm
False
False
True
False
False
0.077116
0.12461
0.132083
0
0
-0.06
5
1
9
-2
-4
-5
0
None
7
2
-0.7071
0
0
0.707106
-0.0615
0.157019
-0.99998
-0.7071
0
0
0.707106
-0.0615
0.157019
-0.99998
3
-0.57357
0
0
0.819151
-0.0615
0.157019
-0.99998
-0.57357
0
0
0.819151
-0.0615
0.157019
-0.99998
-0.88701
0
0
0.461748
-0.0615
0.157019
-0.99998
3
-0.63653
0.106612
-0.08945
0.758589
-0.44363
0
-1
-0.57357
0
0
0.819151
-0.44363
0
-1
-0.63653
-0.10661
0.089458
0.758589
-0.44363
0
-1
3
-0.9063
0
0
0.422617
-0.0615
0.157019
-0.99998
-0.7071
0
0
0.707106
-0.0615
0.157019
-0.99998
-0.53729
0
0
0.843391
-0.0615
0.157019
-0.99998
2
-0.7071
0
0
0.707106
-0.0615
0.157019
-0.99998
-0.7071
0
0
0.707106
-0.0615
0.157019
-0.99998
2
-0.73727
0
0
-0.67559
-0.0615
0.157019
-0.99998
-0.73727
0
0
-0.67559
-0.0615
0.157019
-0.99998
2
0.633022
-0.13302
-0.11161
0.754406
-0.44363
0
-1
0.454733
-0.10571
-0.13776
0.873535
-0.44363
0
-1
hand
False
False
True
False
False
0.073358
0.074611
0.073358
0
-0.02
0
8
0
-4
-6
4
0
None
7
2
0
0
0
1
0.001192
-0.00186
-0.99999
0
0
0
1
0.001192
-0.00186
-0.99999
3
0
0
0
1
0.001192
-0.00186
-0.99999
0
0
0
1
0.001192
-0.00186
-0.99999
0
0
0
1
0.001192
-0.00186
-0.99999
3
0
0
0
1
0.191419
-0.28883
-0.99999
0
0
0
1
0.191419
-0.28883
-0.99999
0
0
0
1
0.191419
-0.28883
-0.99999
3
0
0
0
1
0.001192
-0.00186
-0.99999
0
0
0
1
0.001192
-0.00186
-0.99999
0
0
0
1
0.001192
-0.00186
-0.99999
2
0
0
0
1
0.001192
-0.00186
-0.99999
0
0
0
1
0.001192
-0.00186
-0.99999
2
-0.99904
0
0
0.043619
0.001192
-0.00186
-0.99999
-0.99904
0
0
0.043619
0.001192
-0.00186
-0.99999
2
0.984807
0
0
0.173648
0.191419
-0.28883
-0.99999
0.984807
0
0
0.173648
0.191419
-0.28883
-0.99999
leg
False
False
True
False
False
0.075863
0.114611
0.129577
0
0
-0.04
6
1
11
-2
-4
-5
0
None
7
2
-0.71325
0
0
0.700909
-0.00445
-0.04948
-0.99998
-0.71325
0
0
0.700909
-0.00445
-0.04948
-0.99998
3
-0.79863
0
0
0.601815
-0.00445
-0.04948
-0.99998
-0.64944
0
0
0.760406
-0.00445
-0.04948
-0.99998
-0.50753
0
0
0.861629
-0.00445
-0.04948
-0.99998
3
-0.73907
0.069943
-0.07767
0.665465
-0.33145
0
-1
-0.74314
0
0
0.66913
-0.33145
0
-1
-0.7376
-0.08154
0.090566
0.664143
-0.33145
0
-1
3
-0.71325
0
0
0.700909
-0.00445
-0.04948
-0.99998
-0.5807
0
0
0.814115
-0.00445
-0.04948
-0.99998
-0.5807
0
0
0.814115
-0.00445
-0.04948
-0.99998
2
-0.98405
0.015907
-0.12955
0.120826
-0.00445
-0.04948
-0.99998
-0.98405
0.015907
-0.12955
0.120826
-0.00445
-0.04948
-0.99998
2
-0.73135
0
0
-0.68199
-0.00445
-0.04948
-0.99998
-0.73135
0
0
-0.68199
-0.00445
-0.04948
-0.99998
2
-0.74314
0
0
0.66913
-0.33145
0
-1
-0.74314
0
0
0.66913
-0.33145
0
-1
foot
False
False
True
False
False
0.08461
0.065863
0.083358
0
0.02
0
10
0
-4
-6
4
0
None
7
2
0
0
0
1
0.123707
0.068819
-1
0
0
0
1
0.123707
0.068819
-1
3
0
0
0
1
0.123707
0.068819
-1
0
0
0
1
0.123707
0.068819
-1
0
0
0
1
0.123707
0.068819
-1
3
0
0
0
1
-0.07332
-0.47095
-0.99999
0
0
0
1
-0.07332
-0.47095
-0.99999
0
0
0
1
-0.07332
-0.47095
-0.99999
3
0
0
0
1
0.123707
0.068819
-1
0
0
0
1
0.123707
0.068819
-1
0
0
0
1
0.123707
0.068819
-1
2
-0.63302
-0.11161
-0.13302
0.754406
0.123707
0.068819
-1
-0.63302
-0.11161
-0.13302
0.754406
0.123707
0.068819
-1
2
-0.99904
0
0
0.043619
0.123707
0.068819
-1
-0.99904
0
0
0.043619
0.123707
0.068819
-1
2
0
0
0
1
-0.07332
-0.47095
-0.99999
0
0
0
1
-0.07332
-0.47095
-0.99999
ear
False
True
False
True
True
0.099599
0.055863
0.028369
-0.08
0
0
2
0
-4
-6
4
0
None
7
2
0.218771
-0.21568
-0.64006
0.70423
-0.99788
0.999995
-0.16472
0.218771
-0.21568
-0.64006
0.70423
-0.99788
0.999995
-0.16472
3
0.218771
-0.21568
-0.64006
0.70423
-0.84479
0.999998
-0.13945
0.218771
-0.21568
-0.64006
0.70423
-0.84479
0.999998
-0.13945
0.218771
-0.21568
-0.64006
0.70423
-0.84479
0.999998
-0.13945
3
-0.13917
0
0
0.990268
-0.99999
0.018793
-0.12208
-0.13917
0
0
0.990268
-0.99999
0.018793
-0.12208
-0.13917
0
0
0.990268
-0.99999
0.018793
-0.12208
3
0.218771
-0.21568
-0.64006
0.70423
-0.84479
0.999998
-0.13945
0.218771
-0.21568
-0.64006
0.70423
-0.84479
0.999998
-0.13945
0.218771
-0.21568
-0.64006
0.70423
-0.84479
0.999998
-0.13945
2
0.218771
-0.21568
-0.64006
0.70423
-0.99788
0.999995
-0.16472
0.218771
-0.21568
-0.64006
0.70423
-0.99788
0.999995
-0.16472
2
0.218771
-0.21568
-0.64006
0.70423
-0.99788
0.999995
-0.16472
0.218771
-0.21568
-0.64006
0.70423
-0.99788
0.999995
-0.16472
2
-0.13917
0
0
0.990268
-0.99999
0.018793
-0.12208
-0.13917
0
0
0.990268
-0.99999
0.018793
-0.12208
mouth
True
False
False
True
False
0.081230
0.067472
0.043736
0
0
0.01
3
0
0
0
0
0
CowMouth
7
2
0
0
0
1
0
-0.29145
0.999996
0
0
0
1
0
-0.29145
0.999996
3
0
0
0
1
0
-0.29145
0.999996
0
0
0
1
0
-0.29145
0.999996
0
0
0
1
0
-0.29145
0.999996
3
0
0
0
1
0
0
0.999997
0
0
0
1
0
0
0.999997
0
0
0
1
0
0
0.999997
3
0
0
0
1
0
-0.29145
0.999996
0
0
0
1
0
-0.29145
0.999996
0
0
0
1
0
-0.29145
0.999996
2
0
0
0
1
0
-0.29145
0.999996
0
0
0
1
0
-0.29145
0.999996
2
0
0
0
1
0
-0.29145
0.999996
0
0
0
1
0
-0.29145
0.999996
2
0
0
0
1
0
0
0.999997
0
0
0
1
0
0
0.999997
headcrest
False
False
False
True
True
0.181
0.081000
0.191
0
0.02
0
2
0
0
2
-11
0
None
7
2
0
0
0
1
-0.01558
0.999993
-0.21344
0
0
0
1
-0.01558
0.999993
-0.21344
3
0
0
0
1
0.010951
0.999996
0.149976
0
0
0
1
0.010951
0.999996
0.149976
0
0
0
1
0.010951
0.999996
0.149976
3
0
0
0
1
-0.01558
0.999993
-0.21344
0
0
0
1
-0.01558
0.999993
-0.21344
0
0
0
1
-0.01558
0.999993
-0.21344
3
0
0
0
1
0.010951
0.999996
0.149976
0
0
0
1
0.010951
0.999996
0.149976
0
0
0
1
0.010951
0.999996
0.149976
2
0
0
0
1
-0.01558
0.999993
-0.21344
0
0
0
1
-0.01558
0.999993
-0.21344
2
0
0
0
1
-0.01509
1.000001
-0.20701
0
0
0
1
-0.01509
1.000001
-0.20701
2
0
0
0
1
-0.01558
0.999993
-0.21344
0
0
0
1
-0.01558
0.999993
-0.21344
snouttip
False
False
False
True
False
0.041
0.021
0.021
0
0
0
3
0
0
0
-15
0
None
7
2
0
0
0
1
0
0.750732
0.999982
0
0
0
1
0
0.750732
0.999982
3
0
0
0
1
0
0.750732
0.999982
0
0
0
1
0
0.750732
0.999982
0
0
0
1
0
0.750732
0.999982
3
0
0
0
1
0
0.750732
0.999982
0
0
0
1
0
0.750732
0.999982
0
0
0
1
0
0.750732
0.999982
3
0
0
0
1
0
0.750732
0.999982
0
0
0
1
0
0.750732
0.999982
0
0
0
1
0
0.750732
0.999982
2
0
0
0
1
0
0.750732
0.999982
0
0
0
1
0
0.750732
0.999982
2
0
0
0
1
0
0.750732
0.999982
0
0
0
1
0
0.750732
0.999982
2
0
0
0
1
0
0.750732
0.999982
0
0
0
1
0
0.750732
0.999982
