30
0.885176
0.827451
0.682353
0.635294
perk_lightning
false
0.737532
holy
saviour
anjo
santo
salvador
ангел
святой
спаситель
malaikat
suci
penebus
ángel
santo
salvador
เทวดา
ศักดิ์สิทธิ์
ผู้กอบกู้
santa
святая
santa
M
M
M
святое
false
Bones
Gold Bar
?
?
?
21
torso
False
False
False
False
False
0.191
0.111
0.281
0
0
0
-1
5
1
5
6
13
14
11
2
-1
0
None
7
2
-0.65605
0
0
0.754709
0
0
0
-0.68835
0
0
0.725374
0
0
0
3
-0.62251
0
0
0.782608
0
0
0
-0.71933
0
0
0.694658
0
0
0
-0.65605
0
0
0.754709
0
0
0
3
-0.65446
0.052645
-0.04576
0.752871
0
0
0
-0.65605
0
0
0.754709
0
0
0
-0.65116
-0.09197
0.079953
0.749084
0
0
0
3
-0.55193
0
0
0.833886
0
0.16
-0.18
-0.55193
0
0
0.833886
-0.02
-0.22
0
-0.55193
0
0
0.833886
-0.02
-0.3
0.08
2
-0.65605
0
0
0.754709
0
0
-0.16
-0.68835
0
0
0.725374
0
0.02
-0.16
2
-0.99965
0
0
0.026177
0
0.22
-0.48
-0.99965
0
0
0.026177
0
0.2
-0.48
2
-0.77714
0
0
0.62932
0
0
0
-0.82903
0
0
0.559193
0
0
0
neck
False
False
False
True
False
0.101
0.081000
0.141
0
0
0.04
0
1
2
0
0
0
0
None
7
2
0
0
0
1
0.071325
-0.00743
1
0
0
0
1
0.071325
-0.00743
1
3
0
0
0
1
0.071325
-0.00743
1
0
0
0
1
0.071325
-0.00743
1
0
0
0
1
0.071325
-0.00743
1
3
0
0
0
1
0.071325
-0.00743
1
0
0
0
1
0.071325
-0.00743
1
0
0
0
1
0.071325
-0.00743
1
3
0
0
0
1
0.071325
-0.00743
1
0
0
0
1
0.071325
-0.00743
1
0
0
0
1
0.071325
-0.00743
1
2
0
0
0
1
0.071325
-0.00743
1
0
0
0
1
0.071325
-0.00743
1
2
0
0
0
1
0.071325
-0.00743
1
0
0
0
1
0.071325
-0.00743
1
2
0.34202
0
0
0.939692
0.053353
-0.99999
0.747957
0.461748
0
0
0.88701
0.03907
-1
0.547733
head
False
False
False
False
False
0.141
0.151
0.141
0
0
0
1
6
3
4
11
15
16
17
0
0
0
0
None
7
2
0.069756
0
0
0.997564
0
-0.35208
1.000004
0.026176
0
0
0.999657
0
-0.35208
1.000004
3
0.069756
0
0
0.997564
0
-0.35208
1.000004
0.069756
0
0
0.997564
0
-0.35208
1.000004
0.069756
0
0
0.997564
0
-0.35208
1.000004
3
0.069756
0
0
0.997564
0
-0.42545
0.999996
0.069756
0
0
0.997564
0
-0.42545
0.999996
0.069756
0
0
0.997564
0
-0.42545
0.999996
3
0.366501
0
0
0.930417
0
-0.35208
1.000004
-0.10452
0
0
0.994521
0
-0.35208
1.000004
-0.27563
0
0
0.961261
0
-0.35208
1.000004
2
0.069756
0
0
0.997564
0
-0.35208
1.000004
0.069756
0
0
0.997564
0
-0.35208
1.000004
2
-0.65605
0
0
0.754709
0
-0.35208
1.000004
-0.65605
0
0
0.754709
0
-0.35208
1.000004
2
0.069756
0
0
0.997564
0
-0.42545
0.999996
0.069756
0
0
0.997564
0
-0.42545
0.999996
nose
False
False
False
True
False
0.020999
0.051
0.021
0
0
0.02
2
0
0
0
0
0
None
7
2
-0.20797
-0.00212
-0.0012
0.978131
0.026196
-0.12806
0.999995
-0.20797
-0.00212
-0.0012
0.978131
0.026196
-0.12806
0.999995
3
-0.20797
-0.00212
-0.0012
0.978131
0.026196
-0.12806
0.999995
-0.20797
-0.00212
-0.0012
0.978131
0.026196
-0.12806
0.999995
-0.20797
-0.00212
-0.0012
0.978131
0.026196
-0.12806
0.999995
3
-0.20797
-0.00212
-0.0012
0.978131
0.026195
-0.09805
0.999999
-0.20797
-0.00212
-0.0012
0.978131
0.026195
-0.09805
0.999999
-0.20797
-0.00212
-0.0012
0.978131
0.026195
-0.09805
0.999999
3
-0.20797
-0.00212
-0.0012
0.978131
0.026196
-0.12806
0.999995
-0.20797
-0.00212
-0.0012
0.978131
0.026196
-0.12806
0.999995
-0.20797
-0.00212
-0.0012
0.978131
0.026196
-0.12806
0.999995
2
-0.20797
-0.00212
-0.0012
0.978131
0.026196
-0.12806
0.999995
-0.20797
-0.00212
-0.0012
0.978131
0.026196
-0.12806
0.999995
2
-0.20797
-0.00212
-0.0012
0.978131
0.026196
-0.12806
0.999995
-0.20797
-0.00212
-0.0012
0.978131
0.026196
-0.12806
0.999995
2
-0.20797
-0.00212
-0.0012
0.978131
0.026195
-0.09805
0.999999
-0.20797
-0.00212
-0.0012
0.978131
0.026195
-0.09805
0.999999
eyes
True
True
False
True
False
0.06
0.05
0.05
0
0
0.03
2
0
0
0
0
0
RegularEye
7
2
0
0
0
1
-0.617
0.07356
0.999995
0
0
0
1
-0.617
0.07356
0.999995
3
0
0
0
1
-0.617
0.07356
0.999995
0
0
0
1
-0.617
0.07356
0.999995
0
0
0
1
-0.617
0.07356
0.999995
3
0
0
0
1
-0.67581
0.166685
0.999991
0
0
0
1
-0.67581
0.166685
0.999991
0
0
0
1
-0.67581
0.166685
0.999991
3
0
0
0
1
-0.617
0.07356
0.999995
0
0
0
1
-0.617
0.07356
0.999995
0
0
0
1
-0.617
0.07356
0.999995
2
0
0
0
1
-0.617
0.07356
0.999995
0
0
0
1
-0.617
0.07356
0.999995
2
0
0
0
1
-0.617
0.07356
0.999995
0
0
0
1
-0.617
0.07356
0.999995
2
0
0
0
1
-0.67581
0.166685
0.999991
0
0
0
1
-0.67581
0.166685
0.999991
shoulder
False
True
True
False
False
0.091000
0.151
0.161
-0.06
0
-0.08
0
1
7
11
2
-1
0
None
7
2
-0.84474
0.108203
-0.33685
-0.40152
-1
-0.58712
0.499689
-0.88993
0.063309
-0.34809
-0.28782
-1
-0.58712
0.499689
3
-0.84474
0.108203
-0.33685
-0.40152
-1
-0.58712
0.499689
-0.84474
0.108203
-0.33685
-0.40152
-1
-0.58712
0.499689
-0.84474
0.108203
-0.33685
-0.40152
-1
-0.58712
0.499689
3
-0.63064
0.208026
-0.18083
0.725473
-1
0.031146
0.339146
-0.65605
0
0
0.754709
-1
0.031146
0.339146
-0.64967
-0.10503
0.091305
0.747364
-1
0.031146
0.339146
3
-0.91461
-0.11922
-0.33311
0.195699
-1
-0.58712
0.499689
-0.9242
0.198629
-0.06641
-0.31934
-1
-0.58712
0.499689
-0.83317
0.208296
-0.02184
-0.51181
-1
-0.58712
0.499689
2
-0.89022
-0.20522
-0.23064
0.334935
-1
-0.55649
0.503228
-0.89022
-0.20522
-0.23064
0.334935
-1
-0.55649
0.503228
2
-0.3134
-0.16168
-0.3147
-0.88124
-1
-0.58712
0.499689
-0.3134
-0.16168
-0.3147
-0.88124
-1
-0.58712
0.499689
2
-0.61976
0.134949
0.10928
-0.76533
-1
0.054868
0.962265
-0.43941
0.108098
0.135898
-0.88133
-0.99999
0.650902
0.801852
hip
False
True
True
False
False
0.121
0.131
0.221
0
0
-0.18
0
1
9
11
2
-1
0
None
7
2
-0.73178
-0.09668
-0.07418
0.670554
-0.51203
0.018938
-1
-0.73178
-0.09668
-0.07418
0.670554
-0.51203
0.018938
-1
3
-0.5693
-0.11045
-0.0515
0.813046
-0.51203
0.018938
-1
-0.85957
-0.07833
-0.09335
0.496273
-0.51203
0.018938
-1
-0.8371
-0.08233
-0.08985
0.533294
-0.51203
0.018938
-1
3
-0.73518
0.018847
-0.20917
0.644515
-0.51203
0.018938
-1
-0.87636
-0.07503
-0.09603
0.465972
-0.51203
0.018938
-1
-0.76421
-0.17041
0.014909
0.621863
-0.51203
0.018938
-1
3
-0.88039
-0.07418
-0.09668
0.458306
-0.51203
0.018938
-1
-0.5693
-0.11045
-0.0515
0.813046
-0.51203
0.018938
-1
-0.49627
-0.11451
-0.04168
0.85957
-0.51203
0.018938
-1
2
-0.99044
-0.04779
-0.03002
0.125866
-0.51203
0.018938
-1
-0.99044
-0.04779
-0.03002
0.125866
-0.51203
0.018938
-1
2
-0.9916
-0.12082
0.015907
-0.04329
-0.51203
0.018938
-1
-0.9916
-0.12082
0.015907
-0.04329
-0.51203
0.018938
-1
2
-0.76033
-0.09335
-0.07833
0.637996
-0.51203
0.018938
-1
-0.76033
-0.09335
-0.07833
0.637996
-0.51203
0.018938
-1
arm
False
False
True
False
False
0.051
0.051000
0.111
0
0
-0.08
5
1
8
0
0
0
0
None
7
2
-0.74451
0.127358
-0.1946
-0.62578
-0.24671
-0.18843
-1
-0.81982
0.100867
-0.20956
-0.52325
-0.24671
-0.18843
-1
3
-0.74451
0.127358
-0.1946
-0.62578
-0.24671
-0.18843
-1
-0.74451
0.127358
-0.1946
-0.62578
-0.24671
-0.18843
-1
-0.74451
0.127358
-0.1946
-0.62578
-0.24671
-0.18843
-1
3
-0.70323
0.073912
-0.07391
0.703233
-0.03206
-0.1696
-0.99999
-0.7071
0
0
0.707106
-0.03206
-0.1696
-0.99999
-0.70538
-0.04932
0.049325
0.705384
-0.03206
-0.1696
-0.99999
3
-0.74451
0.127358
-0.1946
-0.62578
-0.24671
-0.18843
-1
-0.74451
0.127358
-0.1946
-0.62578
-0.24671
-0.18843
-1
-0.68714
0.143834
-0.18276
-0.68829
-0.24671
-0.18843
-1
2
-0.93746
-0.17419
-0.0048
0.301314
0.275522
0.561098
-0.99999
-0.93746
-0.17419
-0.0048
0.301314
0.275522
0.561098
-0.99999
2
-0.08395
-0.04755
-0.22766
-0.96894
-0.24671
-0.18843
-1
-0.08395
-0.04755
-0.22766
-0.96894
-0.24671
-0.18843
-1
2
-0.68301
0.183012
0.183012
-0.68301
-0.03206
-0.1696
-0.99999
-0.30791
0.167293
0.271078
-0.8965
-0.03206
-0.1696
-0.99999
hand
False
False
True
False
False
0.061
0.041
0.090999
0
-0.02
0.06
7
0
0
0
0
0
None
7
2
-0.46915
-0.21515
-0.29356
0.804626
0.191266
-0.39161
-0.99999
-0.46915
-0.21515
-0.29356
0.804626
0.191266
-0.39161
-0.99999
3
-0.46915
-0.21515
-0.29356
0.804626
0.191266
-0.39161
-0.99999
-0.46915
-0.21515
-0.29356
0.804626
0.191266
-0.39161
-0.99999
-0.46915
-0.21515
-0.29356
0.804626
0.191266
-0.39161
-0.99999
3
-0.46915
-0.21515
-0.29356
0.804626
0.191295
0.428437
-1
-0.46915
-0.21515
-0.29356
0.804626
0.191295
0.428437
-1
-0.46915
-0.21515
-0.29356
0.804626
0.191295
0.428437
-1
3
-0.46915
-0.21515
-0.29356
0.804626
0.191266
-0.39161
-0.99999
-0.46915
-0.21515
-0.29356
0.804626
0.191266
-0.39161
-0.99999
-0.46915
-0.21515
-0.29356
0.804626
0.191266
-0.39161
-0.99999
2
0.469846
-0.04321
0.172601
0.86463
0.191266
-0.39161
-0.99999
0.469846
-0.04321
0.172601
0.86463
0.191266
-0.39161
-0.99999
2
-0.9007
-0.35971
-0.05544
0.237214
0.191266
-0.39161
-0.99999
-0.9007
-0.35971
-0.05544
0.237214
0.191266
-0.39161
-0.99999
2
-0.99619
0
0
0.087155
0.191295
0.428437
-1
-0.99619
0
0
0.087155
0.191295
0.428437
-1
leg
False
False
True
False
False
0.071000
0.071000
0.101
0
0
-0.06
6
1
10
0
0
0
0
None
7
2
-0.62157
-0.09844
-0.12157
0.767578
-0.06816
0
-1
-0.62157
-0.09844
-0.12157
0.767578
-0.06816
0
-1
3
-0.62157
-0.09844
-0.12157
0.767578
-0.06816
0
-1
-0.4407
-0.12242
-0.09738
0.883916
-0.06816
0
-1
-0.79905
-0.06362
-0.14291
0.580548
-0.06816
0
-1
3
-0.5986
0.009336
-0.20689
0.773809
-0.06816
0
-1
-0.43297
-0.12327
-0.09631
0.887728
-0.06816
0
-1
-0.63293
-0.21731
-0.02284
0.742727
-0.06816
0
-1
3
-0.47884
-0.11806
-0.10263
0.863851
-0.06816
0
-1
-0.62157
-0.09844
-0.12157
0.767578
-0.06816
0
-1
-0.62157
-0.09844
-0.12157
0.767578
-0.06816
0
-1
2
-0.62157
-0.09844
-0.12157
0.767578
-0.06816
0
-1
-0.62157
-0.09844
-0.12157
0.767578
-0.06816
0
-1
2
-0.98227
-0.15557
-0.01635
0.103241
-0.06816
0
-1
-0.98227
-0.15557
-0.01635
0.103241
-0.06816
0
-1
2
-0.62157
-0.09844
-0.12157
0.767578
-0.06816
0
-1
-0.51606
-0.11347
-0.10768
0.842142
-0.06816
0
-1
foot
False
False
True
False
False
0.080998
0.041
0.131
0
0
0
9
0
0
0
0
0
None
7
2
0
-0.10452
0
0.994522
0.120219
-0.77719
-0.99997
0
-0.10452
0
0.994522
0.120219
-0.77719
-0.99997
3
0
-0.10452
0
0.994522
0.120219
-0.77719
-0.99997
0
-0.10452
0
0.994522
0.120219
-0.77719
-0.99997
0
-0.10452
0
0.994522
0.120219
-0.77719
-0.99997
3
0
-0.10452
0
0.994522
0.222271
-0.78581
-0.99999
0.257401
-0.10096
0.027053
0.960634
0.222271
-0.78581
-0.99999
0
-0.10452
0
0.994522
0.222271
-0.78581
-0.99999
3
0
-0.10452
0
0.994522
0.120219
-0.77719
-0.99997
0
-0.10452
0
0.994522
0.120219
-0.77719
-0.99997
0
-0.10452
0
0.994522
0.120219
-0.77719
-0.99997
2
0
-0.10452
0
0.994522
0.120219
-0.77719
-0.99997
0
-0.10452
0
0.994522
0.120219
-0.77719
-0.99997
2
-0.70323
-0.07391
0.073912
0.703233
0.120219
-0.77719
-0.99997
-0.70323
-0.07391
0.073912
0.703233
0.120219
-0.77719
-0.99997
2
0
-0.10452
0
0.994522
0.222271
-0.78581
-0.99999
0
-0.10452
0
0.994522
0.222271
-0.78581
-0.99999
snout
False
False
False
True
False
0.070999
0.051
0.041
0
0
-0.04
2
2
12
20
0
0
0
0
None
7
2
0
0
0
1
0.037591
-0.86344
1.000001
0
0
0
1
0.037591
-0.86344
1.000001
3
0
0
0
1
0.037591
-0.86344
1.000001
0
0
0
1
0.037591
-0.86344
1.000001
0
0
0
1
0.037591
-0.86344
1.000001
3
0
0
0
1
0.037591
-0.67489
0.999999
0
0
0
1
0.037591
-0.67489
0.999999
0
0
0
1
0.037591
-0.67489
0.999999
3
0
0
0
1
0.037591
-0.86344
1.000001
0
0
0
1
0.037591
-0.86344
1.000001
0
0
0
1
0.037591
-0.86344
1.000001
2
0
0
0
1
0.037591
-0.86344
1.000001
0
0
0
1
0.037591
-0.86344
1.000001
2
0
0
0
1
0.037591
-0.86344
1.000001
0
0
0
1
0.037591
-0.86344
1.000001
2
0
0
0
1
0.037591
-0.67489
0.999999
0
0
0
1
0.037591
-0.67489
0.999999
mouth
True
False
False
True
False
0.09
0.04
0.05
0
0
0.07
11
0
0
0
0
0
HorseMouth
7
2
0
0
0
1
0.056159
0.055052
1.000033
0
0
0
1
0.056159
0.055052
1.000033
3
0
0
0
1
0.056159
0.055052
1.000033
0
0
0
1
0.056159
0.055052
1.000033
0
0
0
1
0.056159
0.055052
1.000033
3
0
0
0
1
0.056159
0.055052
1.000033
0
0
0
1
0.056159
0.055052
1.000033
0
0
0
1
0.056159
0.055052
1.000033
3
0
0
0
1
0.056159
0.055052
1.000033
0
0
0
1
0.056159
0.055052
1.000033
0
0
0
1
0.056159
0.055052
1.000033
2
0
0
0
1
0.056159
0.055052
1.000033
0
0
0
1
0.056159
0.055052
1.000033
2
0
0
0
1
0.056159
0.055052
1.000033
0
0
0
1
0.056159
0.055052
1.000033
2
0
0
0
1
0.056159
0.055052
1.000033
0
0
0
1
0.056159
0.055052
1.000033
belt
False
False
False
True
False
0.181
0.041000
0.061000
0
0.02
0
0
0
11
4
-12
0
None
7
2
0
0
0
1
0.008826
-0.99999
-0.57473
0
0
0
1
0.008826
-0.99999
-0.57473
3
0
0
0
1
0.008826
-0.99999
-0.57473
0
0
0
1
0.008826
-0.99999
-0.57473
0
0
0
1
0.008826
-0.99999
-0.57473
3
0
0
0
1
0.008826
-0.99999
-0.57473
0
0
0
1
0.008826
-0.99999
-0.57473
0
0
0
1
0.008826
-0.99999
-0.57473
3
0
0
0
1
0.008826
-0.99999
-0.57473
0
0
0
1
0.008826
-0.99999
-0.57473
0
0
0
1
0.008826
-0.99999
-0.57473
2
0
0
0
1
0.008826
-0.99999
-0.57473
0
0
0
1
0.008826
-0.99999
-0.57473
2
0
0
0
1
0.008826
-0.99999
-0.57473
0
0
0
1
0.008826
-0.99999
-0.57473
2
0
0
0
1
0.008826
-0.99999
-0.57473
0
0
0
1
0.008826
-0.99999
-0.57473
belt-strap
False
False
False
True
False
0.040999
0.021
0.221003
0
-0.04
0
0
0
-10
18
-4
0
None
7
2
0
0.258819
0
0.965925
0.214955
-0.99999
0.386685
0
0.258819
0
0.965925
0.214955
-0.99999
0.386685
3
0
0.258819
0
0.965925
0.214955
-0.99999
0.386685
0
0.258819
0
0.965925
0.214955
-0.99999
0.386685
0
0.258819
0
0.965925
0.214955
-0.99999
0.386685
3
0
0.258819
0
0.965925
0.214955
-0.99999
0.386685
0
0.258819
0
0.965925
0.214955
-0.99999
0.386685
0
0.258819
0
0.965925
0.214955
-0.99999
0.386685
3
0
0.258819
0
0.965925
0.214955
-0.99999
0.386685
0
0.258819
0
0.965925
0.214955
-0.99999
0.386685
0
0.258819
0
0.965925
0.214955
-0.99999
0.386685
2
0
0.258819
0
0.965925
0.214955
-0.99999
0.386685
0
0.258819
0
0.965925
0.214955
-0.99999
0.386685
2
0
0.258819
0
0.965925
0.214955
-0.99999
0.386685
0
0.258819
0
0.965925
0.214955
-0.99999
0.386685
2
0
0.258819
0
0.965925
0.214955
-0.99999
0.386685
0
0.258819
0
0.965925
0.214955
-0.99999
0.386685
helmet
False
False
False
True
True
0.151
0.041
0.151
0
0
0
2
0
0
11
-14
0
None
7
2
0
0
0
1
0
0.999994
0.005605
0
0
0
1
0
0.999994
0.005605
3
0
0
0
1
0
0.999994
0.005605
0
0
0
1
0
0.999994
0.005605
0
0
0
1
0
0.999994
0.005605
3
0
0
0
1
0
0.999994
0.005605
0
0
0
1
0
0.999994
0.005605
0
0
0
1
0
0.999994
0.005605
3
0
0
0
1
0
0.999994
0.005605
0
0
0
1
0
0.999994
0.005605
0
0
0
1
0
0.999994
0.005605
2
0
0
0
1
0
0.999994
0.005605
0
0
0
1
0
0.999994
0.005605
2
0
0
0
1
0
0.999994
0.005605
0
0
0
1
0
0.999994
0.005605
2
0
0
0
1
0
0.999994
0.005605
0
0
0
1
0
0.999994
0.005605
sideburn
False
True
False
True
False
0.021
0.161
0.091
-0.04
0
0
2
0
0
11
-14
0
None
7
2
0.087155
0
0
0.996194
-0.99999
-0.07563
-0.11568
0.087155
0
0
0.996194
-0.99999
-0.07563
-0.11568
3
0.087155
0
0
0.996194
-0.99999
-0.07563
-0.11568
0.087155
0
0
0.996194
-0.99999
-0.07563
-0.11568
0.087155
0
0
0.996194
-0.99999
-0.07563
-0.11568
3
0.087155
0
0
0.996194
-0.99999
-0.07563
-0.11568
0.087155
0
0
0.996194
-0.99999
-0.07563
-0.11568
0.087155
0
0
0.996194
-0.99999
-0.07563
-0.11568
3
0.087155
0
0
0.996194
-0.99999
-0.07563
-0.11568
0.087155
0
0
0.996194
-0.99999
-0.07563
-0.11568
0.087155
0
0
0.996194
-0.99999
-0.07563
-0.11568
2
0.087155
0
0
0.996194
-0.99999
-0.07563
-0.11568
0.087155
0
0
0.996194
-0.99999
-0.07563
-0.11568
2
0.087155
0
0
0.996194
-0.99999
-0.07563
-0.11568
0.087155
0
0
0.996194
-0.99999
-0.07563
-0.11568
2
0.087155
0
0
0.996194
-0.99999
-0.07563
-0.11568
0.087155
0
0
0.996194
-0.99999
-0.07563
-0.11568
halo
False
False
False
False
True
0.171
0.031
0.031
0
0.28
0
2
1
18
8
12
1
0
None
7
2
0
0
0
1
0.100007
0.644995
0.999994
0
0
0
1
0.100007
0.644995
0.999994
3
0
0
0
1
0.100007
0.644995
0.999994
0
0
0
1
0.100007
0.644995
0.999994
0
0
0
1
0.100007
0.644995
0.999994
3
0
0
0
1
0.100007
0.644995
0.999994
0
0
0
1
0.100007
0.644995
0.999994
0
0
0
1
0.100007
0.644995
0.999994
3
0
0
0
1
0.100007
0.644995
0.999994
0
0
0
1
0.100007
0.644995
0.999994
0
0
0
1
0.100007
0.644995
0.999994
2
0
0
0
1
0.100007
0.644995
0.999994
0
0
0
1
0.100007
0.644995
0.999994
2
-0.7071
0
0
0.707106
0.100007
0.644995
0.999994
-0.7071
0
0
0.707106
0.100007
0.644995
0.999994
2
0
0
0
1
0.100007
0.644995
0.999994
0
0
0
1
0.100007
0.644995
0.999994
halo2
False
True
False
True
True
0.041
0.031
0.151
0
0
-0.09999
17
1
19
8
12
1
0
None
7
2
0
0
0
1
-0.75475
0
-0.99999
0
0
0
1
-0.75475
0
-0.99999
3
0
0
0
1
-0.75475
0
-0.99999
0
0
0
1
-0.75475
0
-0.99999
0
0
0
1
-0.75475
0
-0.99999
3
0
0
0
1
-0.75475
0
-0.99999
0
0
0
1
-0.75475
0
-0.99999
0
0
0
1
-0.75475
0
-0.99999
3
0
0
0
1
-0.75475
0
-0.99999
0
0
0
1
-0.75475
0
-0.99999
0
0
0
1
-0.75475
0
-0.99999
2
0
0
0
1
-0.75475
0
-0.99999
0
0
0
1
-0.75475
0
-0.99999
2
0
0
0
1
-0.75475
0
-0.99999
0
0
0
1
-0.75475
0
-0.99999
2
0
0
0
1
-0.75475
0
-0.99999
0
0
0
1
-0.75475
0
-0.99999
halo3
False
False
False
False
True
0.090999
0.031
0.041
0.02
0
0
18
0
8
12
1
0
None
7
2
0
0
0
1
0.999997
0
-0.97895
0
0
0
1
0.999997
0
-0.97895
3
0
0
0
1
0.999997
0
-0.97895
0
0
0
1
0.999997
0
-0.97895
0
0
0
1
0.999997
0
-0.97895
3
0
0
0
1
0.999997
0
-0.97895
0
0
0
1
0.999997
0
-0.97895
0
0
0
1
0.999997
0
-0.97895
3
0
0
0
1
0.999997
0
-0.97895
0
0
0
1
0.999997
0
-0.97895
0
0
0
1
0.999997
0
-0.97895
2
0
0
0
1
0.999997
0
-0.97895
0
0
0
1
0.999997
0
-0.97895
2
-0.7071
0
0
0.707106
0.999997
0
-0.97895
-0.7071
0
0
0.707106
0.999997
0
-0.97895
2
0
0
0
1
0.999997
0
-0.97895
0
0
0
1
0.999997
0
-0.97895
goatee
False
False
False
False
False
0.101
0.091
0.041
0
0
0
11
0
0
10
-17
0
None
7
2
0
0
0
1
0
-0.65316
0.999986
0
0
0
1
0
-0.65316
0.999986
3
0
0
0
1
0
-0.65316
0.999986
0
0
0
1
0
-0.65316
0.999986
0
0
0
1
0
-0.65316
0.999986
3
0
0
0
1
0
-0.65316
0.999986
0
0
0
1
0
-0.65316
0.999986
0
0
0
1
0
-0.65316
0.999986
3
0
0
0
1
0
-0.65316
0.999986
0
0
0
1
0
-0.65316
0.999986
0
0
0
1
0
-0.65316
0.999986
2
0
0
0
1
0
-0.65316
0.999986
0
0
0
1
0
-0.65316
0.999986
2
-0.7071
0
0
0.707106
0
-0.65316
0.999986
-0.7071
0
0
0.707106
0
-0.65316
0.999986
2
0
0
0
1
0
-0.65316
0.999986
0
0
0
1
0
-0.65316
0.999986
