30
0.355264
0.454902
0.2
0.019607
perk_summon_pack
false
0.413884
biting
beetle
formiga
mordaz
besouro
муравей
кусающий
жук
semut
menggigit
kumbang
hormiga
mordiendo
escarabajo
มด
กัด
ด้วง
mordaz
кусающая
mordienda
M
M
M
кусающее
false
Venom
Bug Meat
?
?
?
18
torso
False
False
False
False
False
0.111
0.091000
0.131
0
0
0
-1
5
1
4
5
10
16
0
0
0
0
None
7
2
-0.01745
0
0
0.999847
0
0
0
-0.01745
0
0
0.999847
0
0.04
0
3
0.069756
0
0
0.997564
0
0.02
0
0.069756
0
0
0.997564
0
0.04
0
0.069756
0
0
0.997564
0
0.06
0
3
-0.0174
0.069745
-0.00121
0.997412
0
0
0
-0.08715
0
0
0.996194
0
0
0
-0.01735
-0.10451
0.001824
0.99437
0
0
0
3
0.241922
0
0
0.970295
0
-0.14
-0.14
-0.10452
0
0
0.994521
0
0.02
0.24
0.069756
0
0
0.997564
0
0
0.38
2
-0.3173
0
0
0.948323
0
0.26
0.32
-0.35836
0
0
0.93358
0
0.26
0.32
2
-0.99965
0
0
0.026177
0
-0.25999
-0.35999
-0.99965
0
0
0.026177
0
-0.27999
-0.35999
2
-0.35836
0
0
0.93358
0
0
0
-0.43837
0
0
0.898794
0
0
0
neck
False
False
False
True
False
0.080999
0.051
0.061
0
0
0.06
0
1
2
0
4
-10
0
None
7
2
0
0
0
1
0
0.019438
1.000004
0.139173
0
0
0.990268
0
0.019438
1.000004
3
0
0
0
1
0
-0.12659
1.000006
0
0
0
1
0
0.019438
1.000004
0
0
0
1
0
0.019438
1.000004
3
0
0
0
1
0
0.019438
1.000004
0
0
0
1
0
0.019438
1.000004
0
0
0
1
0
0.019438
1.000004
3
0
0
0
1
0
0.019438
1.000004
0
0
0
1
0
0.019438
1.000004
0
0
0
1
0
0.019438
1.000004
2
0.216439
0
0
0.976296
0
-0.25968
1.000001
0.216439
0
0
0.976296
0
-0.25968
1.000001
2
0
0
0
1
0
0.019438
1.000004
0
0
0
1
0
0.019438
1.000004
2
0
0
0
1
0
0.019438
1.000004
0.173648
0
0
0.984807
0
-0.39184
1.000003
head
False
False
False
False
False
0.090999
0.091
0.051
0
0
0
1
3
3
13
14
0
0
0
0
None
7
2
-0.27563
0
0
0.961261
0.013187
0.005518
1.000024
-0.17364
0
0
0.984807
0.013187
0.005518
1.000024
3
-0.34202
0
0
0.939692
0.013187
0.005518
1.000024
-0.27563
0
0
0.961261
0.013187
0.005518
1.000024
-0.27563
0
0
0.961261
0.013187
0.005518
1.000024
3
-0.27563
0
0
0.961261
0.013187
0.005518
1.000024
-0.27563
0
0
0.961261
0.013187
0.005518
1.000024
-0.27563
0
0
0.961261
0.013187
0.005518
1.000024
3
-0.27563
0
0
0.961261
0.013187
0.005518
1.000024
-0.58778
0
0
0.809016
0.013187
0.005518
1.000024
-0.58778
0
0
0.809016
0.013187
0.005518
1.000024
2
-0.23344
0
0
0.97237
0.013187
0.005518
1.000024
-0.23344
0
0
0.97237
0.013187
0.005518
1.000024
2
-0.96126
0
0
-0.27563
0.013187
0.005518
1.000024
-0.96126
0
0
-0.27563
0.013187
0.005518
1.000024
2
-0.27563
0
0
0.961261
0.013187
0.005518
1.000024
-0.27563
0
0
0.961261
0.013187
0.005518
1.000024
eyes
True
True
False
True
False
0.06
0.059999
0.05
0
0
0.01
2
0
0
0
0
0
SeriousEye
7
2
0.024167
-0.13705
-0.17195
0.975223
-0.73001
-0.01437
0.999999
0.024167
-0.13705
-0.17195
0.975223
-0.73001
-0.01437
0.999999
3
0.024167
-0.13705
-0.17195
0.975223
-0.73001
-0.01437
0.999999
0.024167
-0.13705
-0.17195
0.975223
-0.73001
-0.01437
0.999999
0.024167
-0.13705
-0.17195
0.975223
-0.73001
-0.01437
0.999999
3
0.024167
-0.13705
-0.17195
0.975223
-0.73001
-0.01437
0.999999
0.024167
-0.13705
-0.17195
0.975223
-0.73001
-0.01437
0.999999
0.024167
-0.13705
-0.17195
0.975223
-0.73001
-0.01437
0.999999
3
0.024167
-0.13705
-0.17195
0.975223
-0.73001
-0.01437
0.999999
0.024167
-0.13705
-0.17195
0.975223
-0.73001
-0.01437
0.999999
0.024167
-0.13705
-0.17195
0.975223
-0.73001
-0.01437
0.999999
2
0.024167
-0.13705
-0.17195
0.975223
-0.73001
-0.01437
0.999999
0.024167
-0.13705
-0.17195
0.975223
-0.73001
-0.01437
0.999999
2
0.024167
-0.13705
-0.17195
0.975223
-0.73001
-0.01437
0.999999
0.024167
-0.13705
-0.17195
0.975223
-0.73001
-0.01437
0.999999
2
0.024167
-0.13705
-0.17195
0.975223
-0.73001
-0.01437
0.999999
0.024167
-0.13705
-0.17195
0.975223
-0.73001
-0.01437
0.999999
shoulder
False
True
True
False
False
0.031000
0.031000
0.111
0
0
-0.06
0
1
6
0
4
-10
0
None
7
2
-0.45092
0.563704
-0.51856
0.458261
-0.99999
-0.85803
0.747156
-0.48599
0.530364
-0.48584
0.496466
-0.99999
-0.85803
0.747156
3
-0.45092
0.563704
-0.51856
0.458261
-1
-0.68478
0.308518
-0.45092
0.563704
-0.51856
0.458261
-1
0.046728
0.606739
-0.58722
0.691588
-0.3019
0.2928
-1
-0.72964
0.889935
3
-0.48599
0.530364
-0.48584
0.496466
-0.99999
-0.85803
0.747156
-0.37436
0.621995
-0.57626
0.375348
-0.99999
-0.85803
0.747156
-0.45092
0.563704
-0.51856
0.458261
-0.99999
-0.85803
0.747156
3
-0.45092
0.563704
-0.51856
0.458261
-0.99999
-0.85803
0.747156
-0.52359
0.768226
-0.36204
0.067817
-0.99999
-0.85803
0.747156
-0.64246
0.753682
-0.0523
0.128325
-0.99999
-0.85803
0.747156
2
-0.66789
0.286413
-0.07014
0.683345
-0.99999
-0.85803
0.747156
-0.69706
0.2892
-0.05758
0.653561
-0.99999
-0.85803
0.747156
2
-0.45826
-0.51856
-0.5637
-0.45092
-0.99999
-0.85803
0.747156
-0.45826
-0.51856
-0.5637
-0.45092
-0.99999
-0.85803
0.747156
2
-0.13122
0.717312
-0.67454
0.115013
-0.99999
-0.85803
0.747156
-0.11509
0.623129
-0.7624
0.131158
-1
-0.60557
0.567366
hip
False
True
True
False
False
0.021000
0.031000
0.111
0
0
-0.09999
0
1
8
0
4
-10
0
None
7
2
-0.26721
0.3902
-0.73605
0.484321
-1
-0.92798
-0.67784
-0.36705
0.318998
-0.69169
0.533913
-1
-0.92798
-0.67784
3
-0.10834
0.482369
-0.77552
0.39261
-1
-0.05315
-0.53482
-0.26721
0.3902
-0.73605
0.484321
-1
-0.31873
-0.28608
-0.26721
0.3902
-0.73605
0.484321
-1
-0.79411
-0.87924
3
-0.33777
0.467963
-0.6793
0.453271
-1
-0.92798
-0.67784
-0.18071
0.477671
-0.75447
0.412233
-1
-0.92798
-0.67784
-0.26721
0.3902
-0.73605
0.484321
-1
-0.92798
-0.67784
3
-0.26721
0.3902
-0.73605
0.484321
-1
-0.92798
-0.67784
-0.11818
0.269494
-0.79413
0.531743
-1
-0.92798
-0.67784
-0.2907
0.275991
-0.74701
0.530362
-1
-0.92798
-0.67784
2
-0.26721
0.3902
-0.73605
0.484321
-1
-0.92798
-0.67784
-0.26721
0.3902
-0.73605
0.484321
-1
-0.92798
-0.67784
2
-0.48432
-0.73605
-0.3902
-0.26721
-1
-0.92798
-0.67784
-0.48432
-0.73605
-0.3902
-0.26721
-1
-0.92798
-0.67784
2
-0.26721
0.3902
-0.73605
0.484321
-1
-0.92798
-0.67784
-0.26721
0.3902
-0.73605
0.484321
-1
-0.92798
-0.67784
arm
False
False
True
False
False
0.021
0.031
0.151
0
0
-0.1
4
1
7
0
0
0
0
None
7
2
-0.75925
-0.12892
-0.14454
0.621298
0.189457
-0.09502
-0.99999
-0.75925
-0.12892
-0.14454
0.621298
0.189457
-0.09502
-0.99999
3
-0.75925
-0.12892
-0.14454
0.621298
0.189457
-0.09502
-0.99999
-0.89758
-0.03867
-0.10223
0.427072
0.189457
-0.09502
-0.99999
-0.76545
0.127489
0.036561
0.629674
0.189457
-0.09502
-0.99999
3
-0.71261
0.003069
-0.29924
0.634526
0.189457
-0.09502
-0.99999
-0.75925
-0.12892
-0.14454
0.621298
0.189457
-0.09502
-0.99999
-0.77079
-0.28533
0.056893
0.56676
0.189457
-0.09502
-0.99999
3
-0.80647
0.122819
-0.29422
0.497932
0.189457
-0.09502
-0.99999
-0.99527
-0.03152
-0.0617
-0.06797
0.189457
-0.09502
-0.99999
-0.95796
-0.0109
-0.06479
0.27927
0.189457
-0.09502
-0.99999
2
-0.77163
-0.20891
-0.0442
0.599155
0.189457
-0.09502
-0.99999
-0.79703
-0.20678
-0.05327
0.564927
0.189457
-0.09502
-0.99999
2
-0.62129
-0.14454
0.128922
-0.75925
0.189457
-0.09502
-0.99999
-0.62129
-0.14454
0.128922
-0.75925
0.189457
-0.09502
-0.99999
2
0.395507
0.627923
-0.66403
-0.09134
0.189457
-0.09502
-0.99999
0.330443
0.326011
-0.85378
-0.23574
0.189457
-0.09502
-0.99999
hand
False
False
True
False
False
0.031
0.031
0.031
0
-0.02
-0.02
6
0
0
2
-7
0
None
7
2
0
-0.13917
0
0.990268
0.147063
-0.57498
-0.99999
0
-0.13917
0
0.990268
0.147063
-0.57498
-0.99999
3
0
-0.13917
0
0.990268
0.147063
-0.57498
-0.99999
0
-0.13917
0
0.990268
0.147063
-0.57498
-0.99999
0
-0.13917
0
0.990268
0.147063
-0.57498
-0.99999
3
0
-0.13917
0
0.990268
0.147063
-0.57498
-0.99999
0
-0.13917
0
0.990268
0.147063
-0.57498
-0.99999
0
-0.13917
0
0.990268
0.147063
-0.57498
-0.99999
3
0
-0.13917
0
0.990268
0.147063
-0.57498
-0.99999
0
-0.13917
0
0.990268
0.147063
-0.57498
-0.99999
0
-0.13917
0
0.990268
0.147063
-0.57498
-0.99999
2
0
-0.13917
0
0.990268
0.147063
-0.57498
-0.99999
0
-0.13917
0
0.990268
0.147063
-0.57498
-0.99999
2
-0.99026
0
0.139173
0
0.147063
-0.57498
-0.99999
-0.99026
0
0.139173
0
0.147063
-0.57498
-0.99999
2
0
-0.13917
0
0.990268
0.147063
-0.57498
-0.99999
0
-0.13917
0
0.990268
0.147063
-0.57498
-0.99999
leg
False
False
True
False
False
0.031
0.031
0.201
0
0
-0.2
5
1
9
0
0
0
0
None
7
2
-0.45743
0.144595
-0.17232
0.860317
-0.99999
-0.92911
-0.9874
-0.45743
0.144595
-0.17232
0.860317
-0.99999
-0.92911
-0.9874
3
-0.54129
0.054742
-0.15093
0.825364
-0.99999
-0.92911
-0.9874
-0.75971
0.034497
0.127926
0.636611
-0.99999
-0.92911
-0.9874
-0.45743
0.144595
-0.17232
0.860317
-0.99999
-0.92911
-0.9874
3
-0.51114
0.243611
-0.21366
0.796072
-0.99999
-0.92911
-0.9874
-0.55229
0.119318
-0.12753
0.815151
-0.99999
-0.92911
-0.9874
-0.59603
-0.07302
0.053149
0.797861
-0.99999
-0.92911
-0.9874
3
-0.45743
0.144595
-0.17232
0.860317
-0.99999
-0.92911
-0.9874
-0.13415
0.022741
-0.43357
0.890784
-0.99999
-0.92911
-0.9874
-0.40876
-0.03385
-0.12918
0.902817
-0.99999
-0.92911
-0.9874
2
-0.61044
0.021977
0.009976
0.79169
-0.99999
-0.92911
-0.9874
-0.61044
0.021977
0.009976
0.79169
-0.99999
-0.92911
-0.9874
2
-0.86031
-0.17232
-0.14459
-0.45743
-0.99999
-0.92911
-0.9874
-0.86031
-0.17232
-0.14459
-0.45743
-0.99999
-0.92911
-0.9874
2
-0.45743
0.144595
-0.17232
0.860317
-0.99999
-0.92911
-0.9874
-0.45743
0.144595
-0.17232
0.860317
-0.99999
-0.92911
-0.9874
foot
False
False
True
False
False
0.021
0.031
0.031
0
0
0
8
0
0
2
-7
0
None
7
2
0
0
0
1
0.13029
-0.13534
-1
0
0
0
1
0.13029
-0.13534
-1
3
0
0
0
1
0.13029
-0.13534
-1
0
0
0
1
0.13029
-0.13534
-1
0
0
0
1
0.13029
-0.13534
-1
3
0
0
0
1
0.13029
-0.13534
-1
0
0
0
1
0.13029
-0.13534
-1
0
0
0
1
0.13029
-0.13534
-1
3
0
0
0
1
0.13029
-0.13534
-1
0
0
0
1
0.13029
-0.13534
-1
0
0
0
1
0.13029
-0.13534
-1
2
0
0
0
1
0.13029
-0.13534
-1
0
0
0
1
0.13029
-0.13534
-1
2
-1
0
0
0
0.13029
-0.13534
-1
-1
0
0
0
0.13029
-0.13534
-1
2
0
0
0
1
0.13029
-0.13534
-1
0
0
0
1
0.13029
-0.13534
-1
extrahip
False
True
True
False
False
0.031
0.041
0.101
0
0
-0.09999
0
1
11
0
4
-10
0
None
7
2
0.118062
0.647982
-0.10263
0.745417
-0.99999
-0.98197
0.018788
0.078888
0.652465
-0.06857
0.750574
-0.99999
-0.98197
0.018788
3
0.106688
0.566515
-0.1144
0.809066
-1
-0.64504
-0.33083
0.232649
0.675075
-0.20223
0.670258
-1
0.089209
-0.04634
0.119294
0.769583
-0.07167
0.623195
-0.94678
-0.99999
0.24633
3
0.052645
0.654461
-0.04576
0.75287
-0.99999
-0.98197
0.018788
0.282719
0.608288
-0.24576
0.699754
-0.99999
-0.98197
0.018788
0.118062
0.647982
-0.10263
0.745417
-0.99999
-0.98197
0.018788
3
0.118062
0.647982
-0.10263
0.745417
-0.99999
-0.98197
0.018788
-0.04607
0.654836
0.040051
0.753301
-0.99999
-0.98197
0.018788
0.18258
0.636571
-0.15871
0.732291
-0.99999
-0.98197
0.018788
2
-0.04607
0.654836
0.040051
0.753301
-0.99999
-0.98197
0.018788
-0.04607
0.654836
0.040051
0.753301
-0.99999
-0.98197
0.018788
2
-0.74541
-0.10263
-0.64798
0.118062
-0.99999
-0.98197
0.018788
-0.74541
-0.10263
-0.64798
0.118062
-0.99999
-0.98197
0.018788
2
0.118062
0.647982
-0.10263
0.745417
-0.99999
-0.98197
0.018788
0.118062
0.647982
-0.10263
0.745417
-0.99999
-0.98197
0.018788
extraleg
False
False
True
False
False
0.031000
0.031
0.151
0
0.02
-0.16
10
1
12
0
0
0
0
None
7
2
-0.43968
0.528628
0.412948
0.597244
-0.16136
1.000006
-0.92774
-0.43968
0.528628
0.412948
0.597244
-0.16136
1.000006
-0.92774
3
-0.43968
0.528628
0.412948
0.597244
-0.16136
1.000006
-0.92774
-0.56669
0.584483
0.400301
0.420701
-0.1739
0.898366
-1
-0.51424
0.525465
0.466927
0.491339
-0.22461
1.000036
-0.9265
3
-0.33794
0.601147
0.305465
0.656586
-0.16136
1.000006
-0.92774
-0.43968
0.528628
0.412948
0.597244
-0.16136
1.000006
-0.92774
-0.57815
0.36982
0.551336
0.474345
-0.16136
1.000006
-0.92774
3
-0.43968
0.528628
0.412948
0.597244
-0.16136
1.000006
-0.92774
-0.43968
0.528628
0.412948
0.597244
-0.16136
1.000006
-0.92774
-0.49006
0.490625
0.45745
0.55665
-0.16136
1.000006
-0.92774
2
-0.57928
0.403736
0.535697
0.463095
-0.16136
1.000006
-0.92774
-0.57928
0.403736
0.535697
0.463095
-0.16136
1.000006
-0.92774
2
-0.59724
0.412949
-0.52862
-0.43968
-0.16136
1.000006
-0.92774
-0.59724
0.412949
-0.52862
-0.43968
-0.16136
1.000006
-0.92774
2
-0.43968
0.528628
0.412948
0.597244
-0.16136
1.000006
-0.92774
-0.43968
0.528628
0.412948
0.597244
-0.16136
1.000006
-0.92774
extrafoot
False
False
True
False
False
0.031
0.051
0.031
0
-0.02
0
11
0
0
2
-7
0
None
7
2
0
0
0
1
-0.01457
-0.31209
-1
0
0
0
1
-0.01457
-0.31209
-1
3
0
0
0
1
-0.01457
-0.31209
-1
0
0
0
1
-0.01457
-0.31209
-1
0
0
0
1
-0.01457
-0.31209
-1
3
0
0
0
1
-0.01457
-0.31209
-1
0
0
0
1
-0.01457
-0.31209
-1
0
0
0
1
-0.01457
-0.31209
-1
3
0
0
0
1
-0.01457
-0.31209
-1
0
0
0
1
-0.01457
-0.31209
-1
0
0
0
1
-0.01457
-0.31209
-1
2
0
0
0
1
-0.01457
-0.31209
-1
0
0
0
1
-0.01457
-0.31209
-1
2
-1
0
0
0
-0.01457
-0.31209
-1
-1
0
0
0
-0.01457
-0.31209
-1
2
0
0
0
1
-0.01457
-0.31209
-1
0
0
0
1
-0.01457
-0.31209
-1
chomper
False
True
False
True
False
0.031
0.051
0.031
0
-0.04
0
2
0
0
6
-8
0
None
7
2
0
0
0.156434
0.987688
-0.53399
-1.00001
0.272914
0.016689
0.005102
0.017449
0.999695
-0.53399
-1.00001
0.272914
3
0
0
0.156434
0.987688
-0.53399
-1.00001
0.272914
0
0
0.156434
0.987688
-0.53399
-1.00001
0.272914
0
0
0.156434
0.987688
-0.53399
-1.00001
0.272914
3
0
0
0.156434
0.987688
-0.53399
-1.00001
0.272914
0
0
0.156434
0.987688
-0.53399
-1.00001
0.272914
0
0
0.156434
0.987688
-0.53399
-1.00001
0.272914
3
0
0
0.156434
0.987688
-0.53399
-1.00001
0.272914
0
0
-0.47715
0.878817
-0.53399
-1.00001
0.272914
-0.02701
-0.05539
0.243307
0.967989
-0.53399
-1.00001
0.272914
2
0
0
0.156434
0.987688
-0.53399
-1.00001
0.272914
0
0
0.156434
0.987688
-0.53399
-1.00001
0.272914
2
0
0
0.156434
0.987688
-0.53399
-1.00001
0.272914
0
0
0.156434
0.987688
-0.53399
-1.00001
0.272914
2
0
0
0.156434
0.987688
-0.53399
-1.00001
0.272914
0
0
0.156434
0.987688
-0.53399
-1.00001
0.272914
waspantler
False
True
False
True
True
0.011
0.021
0.061000
0
0
0.04
2
1
15
0
4
-10
0
None
7
2
-0.06949
-0.08694
0.006079
0.993768
-0.66553
0.99999
0.479695
-0.10366
-0.156
0.010298
0.982248
-0.66553
0.99999
0.479695
3
-0.06949
-0.08694
0.006079
0.993768
-0.66553
0.99999
0.479695
-0.06949
-0.08694
0.006079
0.993768
-0.66553
0.99999
0.479695
-0.06949
-0.08694
0.006079
0.993768
-0.66553
0.99999
0.479695
3
-0.06949
-0.08694
0.006079
0.993768
-0.66553
0.99999
0.479695
-0.06949
-0.08694
0.006079
0.993768
-0.66553
0.99999
0.479695
-0.06949
-0.08694
0.006079
0.993768
-0.66553
0.99999
0.479695
3
-0.06949
-0.08694
0.006079
0.993768
-0.66553
0.99999
0.479695
-0.06949
-0.08694
0.006079
0.993768
-0.66553
0.99999
0.479695
0.021
-0.42155
0.006865
0.906532
-0.66553
0.99999
0.479695
2
-0.06949
-0.08694
0.006079
0.993768
-0.66553
0.99999
0.479695
-0.06949
-0.08694
0.006079
0.993768
-0.66553
0.99999
0.479695
2
-0.06949
-0.08694
0.006079
0.993768
-0.66553
0.99999
0.479695
-0.06949
-0.08694
0.006079
0.993768
-0.66553
0.99999
0.479695
2
-0.06949
-0.08694
0.006079
0.993768
-0.66553
0.99999
0.479695
-0.06949
-0.08694
0.006079
0.993768
-0.66553
0.99999
0.479695
waspantlerext
False
False
False
True
True
0.021
0.011
0.111
0
0
0.099999
14
0
0
4
-10
0
None
7
2
0.190082
0.004561
-0.08703
0.977891
0
0
1.000003
0.190082
0.004561
-0.08703
0.977891
0
0
1.000003
3
0.190082
0.004561
-0.08703
0.977891
0
0
1.000003
0.190082
0.004561
-0.08703
0.977891
0
0
1.000003
0.190082
0.004561
-0.08703
0.977891
0
0
1.000003
3
0.190082
0.004561
-0.08703
0.977891
0
0
1.000003
0.190082
0.004561
-0.08703
0.977891
0
0
1.000003
0.190082
0.004561
-0.08703
0.977891
0
0
1.000003
3
0.190082
0.004561
-0.08703
0.977891
0
0
1.000003
0.190082
0.004561
-0.08703
0.977891
0
0
1.000003
0.190082
0.004561
-0.08703
0.977891
0
0
1.000003
2
0.190082
0.004561
-0.08703
0.977891
0
0
1.000003
0.190082
0.004561
-0.08703
0.977891
0
0
1.000003
2
0.190082
0.004561
-0.08703
0.977891
0
0
1.000003
0.190082
0.004561
-0.08703
0.977891
0
0
1.000003
2
0.190082
0.004561
-0.08703
0.977891
0
0
1.000003
0.190082
0.004561
-0.08703
0.977891
0
0
1.000003
assextender
False
False
False
True
False
0.081
0.070999
0.091000
0
0
-0.08
0
1
17
0
4
-10
0
None
7
2
0
0
0
1
-0.12002
-0.03307
-1
0
0
0
1
-0.12002
-0.03307
-1
3
0
0
0
1
-0.12002
-0.03307
-1
0
0
0
1
-0.12002
-0.03307
-1
0
0
0
1
-0.12002
-0.03307
-1
3
0
0
0
1
-0.12002
-0.03307
-1
0
0
0
1
-0.12002
-0.03307
-1
0
0
0
1
-0.12002
-0.03307
-1
3
0
0
0
1
-0.12002
-0.03307
-1
0.300705
0
0
0.953716
-0.12002
-0.03307
-1
0.300705
0
0
0.953716
-0.12002
-0.03307
-1
2
-0.34202
0
0
0.939692
-0.12002
-0.03307
-1
-0.34202
0
0
0.939692
-0.12002
-0.03307
-1
2
0
0
0
1
-0.12002
-0.03307
-1
0
0
0
1
-0.12002
-0.03307
-1
2
0
0
0
1
-0.12002
-0.03307
-1
0
0
0
1
-0.12002
-0.03307
-1
bigass
False
False
False
False
False
0.141
0.131
0.181
0
0
-0.1
16
0
0
2
-2
0
None
7
2
-0.15643
0
0
0.987688
0.121418
-0.27185
-1
-0.15643
0
0
0.987688
0.121418
-0.27185
-1
3
-0.03489
0
0
0.99939
0.121418
-0.27185
-1
-0.15643
0
0
0.987688
0.121418
-0.27185
-1
-0.15643
0
0
0.987688
0.121418
-0.27185
-1
3
-0.15643
0
0
0.987688
0.121418
-0.27185
-1
-0.15643
0
0
0.987688
0.121418
-0.27185
-1
-0.15643
0
0
0.987688
0.121418
-0.27185
-1
3
-0.15643
0
0
0.987688
0.121418
-0.27185
-1
0.233445
0
0
0.972369
0.121418
-0.27185
-1
-0.15643
0
0
0.987688
0.121418
-0.27185
-1
2
-0.98162
0
0
0.190808
0.121418
-0.27185
-1
-0.98162
0
0
0.190808
0.121418
-0.27185
-1
2
-0.98768
0
0
-0.15643
0.121418
-0.27185
-1
-0.98768
0
0
-0.15643
0.121418
-0.27185
-1
2
-0.15643
0
0
0.987688
0.121418
-0.27185
-1
-0.15643
0
0
0.987688
0.121418
-0.27185
-1
