30
0.573511
0.431372
0.537254
0.129411
perk_rejuvenate
false
0.897011
green
veggie
espargos
verde
leguminosa
спаржа
зеленый
овощ
asparagus
hijau
sayuran
espárrago
verde
vegetariano
แอสพารากัส
สีเขียว
ผัก
verde
зеленая
verde
F
M
M
зеленое
false
?
?
?
?
?
10
torso
False
False
False
False
False
0.061
0.061
0.211
0
0
0
-1
3
1
3
7
7
2
0
0
None
7
2
-0.69465
0
0
0.719339
0
0
0
-0.69465
0
0
0.719339
0
0
0
3
-0.69465
0
0
0.719339
0
0
0
-0.69465
0
0
0.719339
0
0
0
-0.69465
0
0
0.719339
0
0
0
3
-0.69465
0
0
0.719339
0
0
0
-0.69465
0
0
0.719339
0
0
0
-0.69465
0
0
0.719339
0
0
0
3
-0.69465
0
0
0.719339
0
0
0
-0.69465
0
0
0.719339
0
0
0
-0.69465
0
0
0.719339
0
0
0
2
-0.69465
0
0
0.719339
0
0
0.08
-0.69465
0
0
0.719339
0
0
0.08
2
-0.99813
0
0
0.061048
0
-0.08
-0.55999
-0.99813
0
0
0.061048
0
-0.09999
-0.55999
2
-0.69465
0
0
0.719339
0
0
0
-0.69465
0
0
0.719339
0
0
0
neck
False
False
False
True
False
0.060999
0.051
0.121
0
0
0.099999
0
2
2
8
7
6
-9
0
None
7
2
-0.03489
0
0
0.99939
-0.02271
-0.05687
1.000003
-0.03489
0
0
0.99939
-0.02271
-0.05687
1.000003
3
-0.03489
0
0
0.99939
-0.02271
-0.05687
1.000003
-0.03489
0
0
0.99939
-0.02271
-0.05687
1.000003
-0.03489
0
0
0.99939
-0.02271
-0.05687
1.000003
3
-0.03489
0
0
0.99939
-0.02271
-0.05687
1.000003
-0.03489
0
0
0.99939
-0.02271
-0.05687
1.000003
-0.03489
0
0
0.99939
-0.02271
-0.05687
1.000003
3
-0.03489
0
0
0.99939
-0.02271
-0.05687
1.000003
-0.03489
0
0
0.99939
-0.02271
-0.05687
1.000003
-0.03489
0
0
0.99939
-0.02271
-0.05687
1.000003
2
-0.03489
0
0
0.99939
-0.02271
-0.05687
1.000003
-0.03489
0
0
0.99939
-0.02271
-0.05687
1.000003
2
-0.03489
0
0
0.99939
-0.02271
-0.05687
1.000003
-0.03489
0
0
0.99939
-0.02271
-0.05687
1.000003
2
-0.03489
0
0
0.99939
-0.02271
-0.05687
1.000003
-0.03489
0
0
0.99939
-0.02271
-0.05687
1.000003
head
False
False
False
False
False
0.061
0.101
0.051
0
0
0
1
4
4
5
6
9
7
6
-6
0
None
7
2
0.008726
0
0
0.999961
0
-0.05643
0.99999
0.008726
0
0
0.999961
0
-0.05643
0.99999
3
0.008726
0
0
0.999961
0
-0.05643
0.99999
0.008726
0
0
0.999961
0
-0.05643
0.99999
0.008726
0
0
0.999961
0
-0.05643
0.99999
3
0.008726
0
0
0.999961
0
-0.05643
0.99999
0.008726
0
0
0.999961
0
-0.05643
0.99999
0.008726
0
0
0.999961
0
-0.05643
0.99999
3
0.008726
0
0
0.999961
0
-0.05643
0.99999
0.008726
0
0
0.999961
0
-0.05643
0.99999
0.008726
0
0
0.999961
0
-0.05643
0.99999
2
0.008726
0
0
0.999961
0
-0.05643
0.99999
0.008726
0
0
0.999961
0
-0.05643
0.99999
2
-0.66913
0
0
0.743145
0
-0.05643
0.99999
-0.66913
0
0
0.743145
0
-0.05643
0.99999
2
0.008726
0
0
0.999961
0
-0.05643
0.99999
0.008726
0
0
0.999961
0
-0.05643
0.99999
tail
False
False
False
False
False
0.081000
0.071
0.221
0
0
0.14
0
0
0
0
0
0
None
7
2
-0.69994
-0.02253
0.047237
-0.71227
0.035806
-0.06114
-1
-0.69994
-0.02253
0.047237
-0.71227
0.035806
-0.06114
-1
3
-0.69994
-0.02253
0.047237
-0.71227
0.035806
-0.06114
-1
-0.69994
-0.02253
0.047237
-0.71227
0.035806
-0.06114
-1
-0.69994
-0.02253
0.047237
-0.71227
0.035806
-0.06114
-1
3
-0.69994
-0.02253
0.047237
-0.71227
0.035806
-0.06114
-1
-0.69994
-0.02253
0.047237
-0.71227
0.035806
-0.06114
-1
-0.69994
-0.02253
0.047237
-0.71227
0.035806
-0.06114
-1
3
-0.69994
-0.02253
0.047237
-0.71227
0.035806
-0.06114
-1
-0.69994
-0.02253
0.047237
-0.71227
0.035806
-0.06114
-1
-0.69994
-0.02253
0.047237
-0.71227
0.035806
-0.06114
-1
2
-0.03485
-0.04852
0.019605
-0.99802
0.035806
-0.06114
-1
-0.03485
-0.04852
0.019605
-0.99802
0.035806
-0.06114
-1
2
-0.03485
0.015301
0.050049
-0.99802
0.035806
-0.06114
-1
-0.03485
0.015301
0.050049
-0.99802
0.035806
-0.06114
-1
2
-0.69994
-0.02253
0.047237
-0.71227
0.035806
-0.06114
-1
-0.69994
-0.02253
0.047237
-0.71227
0.035806
-0.06114
-1
ear
False
True
False
True
True
0.091000
0.041
0.021
-0.02
0
0
2
0
7
-6
4
0
None
7
2
0
0
-0.69465
0.719339
-0.66519
1.000009
0.055685
0
0
-0.69465
0.719339
-0.66519
1.000009
0.055685
3
0
0
-0.69465
0.719339
-0.66519
1.000009
0.055685
0
0
-0.69465
0.719339
-0.66519
1.000009
0.055685
0
0
-0.69465
0.719339
-0.66519
1.000009
0.055685
3
0
0
-0.69465
0.719339
-0.66519
1.000009
0.055685
0
0
-0.69465
0.719339
-0.66519
1.000009
0.055685
0
0
-0.69465
0.719339
-0.66519
1.000009
0.055685
3
0
0
-0.69465
0.719339
-0.66519
1.000009
0.055685
0
0
-0.69465
0.719339
-0.66519
1.000009
0.055685
0
0
-0.69465
0.719339
-0.66519
1.000009
0.055685
2
0
0
-0.69465
0.719339
-0.66519
1.000009
0.055685
0
0
-0.69465
0.719339
-0.66519
1.000009
0.055685
2
0
0
-0.69465
0.719339
-0.66519
1.000009
0.055685
0
0
-0.69465
0.719339
-0.66519
1.000009
0.055685
2
0
0
-0.69465
0.719339
-0.66519
1.000009
0.055685
0
0
-0.69465
0.719339
-0.66519
1.000009
0.055685
asparagus-top
False
True
False
True
True
0.031
0.091
0.031
0
0.08
0
2
0
7
6
-6
0
None
7
2
0
0
0
1
-0.56438
1.000001
-0.57302
0
0
0
1
-0.56438
1.000001
-0.57302
3
0
0
0
1
-0.56438
1.000001
-0.57302
0
0
0
1
-0.56438
1.000001
-0.57302
0
0
0
1
-0.56438
1.000001
-0.57302
3
0
0
0
1
-0.56438
1.000001
-0.57302
0
0
0
1
-0.56438
1.000001
-0.57302
0
0
0
1
-0.56438
1.000001
-0.57302
3
0
0
0
1
-0.56438
1.000001
-0.57302
0
0
0
1
-0.56438
1.000001
-0.57302
0
0
0
1
-0.56438
1.000001
-0.57302
2
0
0
0
1
-0.56438
1.000001
-0.57302
0
0
0
1
-0.56438
1.000001
-0.57302
2
0
0
0
1
-0.56438
1.000001
-0.57302
0
0
0
1
-0.56438
1.000001
-0.57302
2
0
0
0
1
-0.56438
1.000001
-0.57302
0
0
0
1
-0.56438
1.000001
-0.57302
asparagus-mid
False
False
False
False
True
0.031
0.101
0.031
0
0.099999
0
2
0
7
6
-6
0
None
7
2
0
0
0
1
0
1.00001
0.38012
0
0
0
1
0
1.00001
0.38012
3
0
0
0
1
0
1.00001
0.38012
0
0
0
1
0
1.00001
0.38012
0
0
0
1
0
1.00001
0.38012
3
0
0
0
1
0
1.00001
0.38012
0
0
0
1
0
1.00001
0.38012
0
0
0
1
0
1.00001
0.38012
3
0
0
0
1
0
1.00001
0.38012
0
0
0
1
0
1.00001
0.38012
0
0
0
1
0
1.00001
0.38012
2
0
0
0
1
0
1.00001
0.38012
0
0
0
1
0
1.00001
0.38012
2
-0.67559
0
0
0.737277
0
1.00001
0.38012
-0.67559
0
0
0.737277
0
1.00001
0.38012
2
0
0
0
1
0
1.00001
0.38012
0
0
0
1
0
1.00001
0.38012
asparanub
False
False
False
True
False
0.031
0.041
0.021
0
0
0
0
0
0
5
-2
0
None
7
2
-0.7071
0
0
0.707106
-0.99999
-0.48177
0.386448
-0.7071
0
0
0.707106
-0.99999
-0.48177
0.386448
3
-0.7071
0
0
0.707106
-0.99999
-0.48177
0.386448
-0.7071
0
0
0.707106
-0.99999
-0.48177
0.386448
-0.7071
0
0
0.707106
-0.99999
-0.48177
0.386448
3
-0.7071
0
0
0.707106
-0.99999
-0.48177
0.386448
-0.7071
0
0
0.707106
-0.99999
-0.48177
0.386448
-0.7071
0
0
0.707106
-0.99999
-0.48177
0.386448
3
-0.7071
0
0
0.707106
-0.99999
-0.48177
0.386448
-0.7071
0
0
0.707106
-0.99999
-0.48177
0.386448
-0.7071
0
0
0.707106
-0.99999
-0.48177
0.386448
2
-0.7071
0
0
0.707106
-0.99999
-0.48177
0.386448
-0.7071
0
0
0.707106
-0.99999
-0.48177
0.386448
2
-0.7071
0
0
0.707106
-0.99999
-0.48177
0.386448
-0.7071
0
0
0.707106
-0.99999
-0.48177
0.386448
2
-0.7071
0
0
0.707106
-0.99999
-0.48177
0.386448
-0.7071
0
0
0.707106
-0.99999
-0.48177
0.386448
asaparanub22
False
False
False
True
False
0.021
0.031
0.051
0
0
0
1
0
0
0
0
0
None
7
2
0
0
0
1
0.999981
-0.09653
0.02284
0
0
0
1
0.999981
-0.09653
0.02284
3
0
0
0
1
0.999981
-0.09653
0.02284
0
0
0
1
0.999981
-0.09653
0.02284
0
0
0
1
0.999981
-0.09653
0.02284
3
0
0
0
1
0.999981
-0.09653
0.02284
0
0
0
1
0.999981
-0.09653
0.02284
0
0
0
1
0.999981
-0.09653
0.02284
3
0
0
0
1
0.999981
-0.09653
0.02284
0
0
0
1
0.999981
-0.09653
0.02284
0
0
0
1
0.999981
-0.09653
0.02284
2
0
0
0
1
0.999981
-0.09653
0.02284
0
0
0
1
0.999981
-0.09653
0.02284
2
0
0
0
1
0.999981
-0.09653
0.02284
0
0
0
1
0.999981
-0.09653
0.02284
2
0
0
0
1
0.999981
-0.09653
0.02284
0
0
0
1
0.999981
-0.09653
0.02284
eyes
True
True
False
True
False
0.05
0.05
0.05
0
0
0.01
2
0
0
0
0
0
NinjaEye
7
2
0
0
0
1
-0.86559
-0.45769
1.000008
0
0
0
1
-0.86559
-0.45769
1.000008
3
0
0
0
1
-0.86559
-0.45769
1.000008
0
0
0
1
-0.86559
-0.45769
1.000008
0
0
0
1
-0.86559
-0.45769
1.000008
3
0
0
0
1
-0.86559
-0.45769
1.000008
0
0
0
1
-0.86559
-0.45769
1.000008
0
0
0
1
-0.86559
-0.45769
1.000008
3
0
0
0
1
-0.86559
-0.45769
1.000008
0
0
0
1
-0.86559
-0.45769
1.000008
0
0
0
1
-0.86559
-0.45769
1.000008
2
0
0
0
1
-0.86559
-0.45769
1.000008
0
0
0
1
-0.86559
-0.45769
1.000008
2
0
0
0
1
-0.86559
-0.45769
1.000008
0
0
0
1
-0.86559
-0.45769
1.000008
2
0
0
0
1
-0.86559
-0.45769
1.000008
0
0
0
1
-0.86559
-0.45769
1.000008
