30
0.811657
0.890196
0.913725
0.925490
perk_fireball
false
0.305482
space
cosmonaut
astronauta
espacial
cosmonauta
космонавт
космический
астронавт
astronot
angkasa
kosmonot
astronauta
espacial
cosmonauta
นักบินอวกาศ
พื้นที่
นักบินอวกาศ
espacial
космическая
espacial
F
M
F
космическое
false
Bones
Metal Bar
?
?
?
19
torso
False
False
False
False
False
0.211
0.111
0.261001
0
0
0
-1
5
1
3
4
13
15
0
0
0
0
None
7
2
-0.65605
0
0
0.754709
0
0
0
-0.65605
0
0
0.754709
0
0
0
3
-0.69465
0
0
0.719339
0
0
0
-0.74314
0
0
0.66913
0
0
0
-0.65605
0
0
0.754709
0
0
0
3
-0.65446
0.052645
-0.04576
0.752871
0
0
0
-0.65605
0
0
0.754709
0
0
0
-0.65116
-0.09197
0.079953
0.749084
0
0
0
3
-0.39874
0
0
0.91706
0
0.16
-0.24
-0.39874
0
0
0.91706
0
-0.16
0
0.026177
0
0
0.999657
0
-0.16
0.4
2
-0.65605
0
0
0.754709
0
-0.09999
-0.09999
-0.68835
0
0
0.725374
0
-0.08
-0.09999
2
-0.99756
0
0
0.069756
0
0.08
-0.55999
-0.99756
0
0
0.069756
0
0.06
-0.55999
2
-0.77714
0
0
0.62932
0
0
0
-0.82903
0
0
0.559193
0
0
0
neck
False
False
False
True
False
0.101
0.081000
0.141
0
0
0.04
0
1
2
0
0
0
0
None
7
2
0
0
0
1
0.071325
-0.00743
1
0
0
0
1
0.071333
0.306683
1.000001
3
0
0
0
1
0.071325
-0.00743
1
0
0
0
1
0.071331
-0.23018
0.999999
0.241921
0
0
0.970295
0.071329
-0.4827
1.000003
3
0
0
0
1
0.071325
-0.00743
1
0
0
0
1
0.071325
-0.00743
1
0
0
0
1
0.071325
-0.00743
1
3
0
0
0
1
0.071325
-0.00743
1
0
0
0
1
0.071325
-0.00743
1
0
0
0
1
0.071325
-0.00743
1
2
0
0
0
1
0.071325
-0.00743
1
0
0
0
1
0.071325
-0.00743
1
2
0
0
0
1
0.071325
-0.00743
1
0
0
0
1
0.071325
-0.00743
1
2
0.34202
0
0
0.939692
0.053353
-0.99999
0.747957
0.461748
0
0
0.88701
0.03907
-1
0.547733
head
False
False
False
False
False
0.131
0.141
0.191
0
0
0
1
5
9
10
11
12
18
0
0
-23
0
None
7
2
0.069756
0
0
0.997564
0
-0.41262
1.000006
0.069756
0
0
0.997564
0
-0.41903
0.999997
3
0.069756
0
0
0.997564
0
-0.42545
0.999996
0.069756
0
0
0.997564
0
-0.62441
0.999997
0.139173
0
0
0.990268
0
-0.42545
0.999996
3
0.069756
0
0
0.997564
0
-0.42545
0.999996
0.069756
0
0
0.997564
0
-0.42545
0.999996
0.069756
0
0
0.997564
0
-0.42545
0.999996
3
0.366501
0
0
0.930417
0
-0.41262
1.000006
0.069756
0
0
0.997564
0
-0.41262
1.000006
0.156434
0
0
0.987688
0
-0.41262
1.000006
2
0.069756
0
0
0.997564
0
-0.41262
1.000006
0.069756
0
0
0.997564
0
-0.41262
1.000006
2
-0.58778
0
0
0.809017
0
-0.41262
1.000006
-0.58778
0
0
0.809017
0
-0.41262
1.000006
2
0.069756
0
0
0.997564
0
-0.42545
0.999996
0.069756
0
0
0.997564
0
-0.42545
0.999996
shoulder
False
True
True
False
False
0.061
0.081000
0.151
-0.06
0
0
0
1
5
0
0
0
0
None
7
2
-0.65605
0
0
0.754709
-1
0.031146
0.339146
-0.65446
0.052645
-0.04576
0.752871
-1
0.031146
0.339146
3
-0.65605
0
0
0.754709
-1
0.031146
0.339146
-0.82903
0
0
0.559193
-1
-0.69972
0.414777
-0.51503
0
0
0.857167
-1
0.031146
0.339146
3
-0.63064
0.208026
-0.18083
0.725473
-1
0.031146
0.339146
-0.65605
0
0
0.754709
-1
0.031146
0.339146
-0.64967
-0.10503
0.091305
0.747364
-1
0.031146
0.339146
3
-0.97184
-0.05106
0.034081
-0.22746
-0.93364
0.695259
1
-0.98055
0.089848
0.09468
-0.14654
-0.83572
-0.10576
1.000001
-0.99353
0.098311
-0.04794
-0.03039
-1
-0.88531
0.45106
2
-0.82194
-0.07298
0.108211
0.554409
-1
0.031146
0.339146
-0.82194
-0.07298
0.108211
0.554409
-1
0.031146
0.339146
2
-0.98768
0
0
0.156434
-1
0.031146
0.339146
-0.98768
0
0
0.156434
-1
0.031146
0.339146
2
-0.61976
0.134949
0.10928
-0.76533
-1
0.054868
0.962265
-0.43941
0.108098
0.135898
-0.88133
-0.99999
0.650902
0.801852
hip
False
True
True
False
False
0.091
0.081
0.161002
0
0
-0.12
0
1
7
0
0
0
0
None
7
2
-0.76033
-0.09335
-0.07833
0.637996
-0.51203
0.018938
-1
-0.7259
-0.09732
-0.07334
0.676915
-0.51203
0.018938
-1
3
-0.54057
-0.11218
-0.04761
0.832419
-0.51203
0.018938
-1
-0.83241
-0.08311
-0.08912
0.540579
-0.51203
0.018938
-1
-0.8681
-0.07669
-0.09471
0.481196
-0.51203
0.018938
-1
3
-0.73518
0.018847
-0.20917
0.644515
-0.51203
0.018938
-1
-0.87636
-0.07503
-0.09603
0.465972
-0.51203
0.018938
-1
-0.76421
-0.17041
0.014909
0.621863
-0.51203
0.018938
-1
3
-0.76033
-0.09335
-0.07833
0.637996
-0.51203
0.018938
-1
-0.76033
-0.09335
-0.07833
0.637996
-0.51203
0.018938
-1
-0.45541
-0.08177
-0.06296
0.884276
-0.51203
0.018938
-1
2
-0.99044
-0.04779
-0.03002
0.125866
-0.51203
0.018938
-1
-0.99044
-0.04779
-0.03002
0.125866
-0.51203
0.018938
-1
2
-0.99254
-0.12186
0
0
-0.51203
0.018938
-1
-0.99254
-0.12186
0
0
-0.51203
0.018938
-1
2
-0.76033
-0.09335
-0.07833
0.637996
-0.51203
0.018938
-1
-0.76033
-0.09335
-0.07833
0.637996
-0.51203
0.018938
-1
arm
False
False
True
False
False
0.071
0.071
0.141
0
0
-0.12
3
1
6
0
0
0
0
None
7
2
-0.7071
0
0
0.707106
-0.03206
-0.1696
-0.99999
-0.7071
0
0
0.707106
-0.03206
-0.1696
-0.99999
3
-0.7071
0
0
0.707106
-0.03206
-0.1696
-0.99999
-0.9205
0
0
0.390731
-0.03206
-0.1696
-0.99999
-0.57357
0
0
0.819152
-0.03206
-0.1696
-0.99999
3
-0.70323
0.073912
-0.07391
0.703233
-0.03206
-0.1696
-0.99999
-0.7071
0
0
0.707106
-0.03206
-0.1696
-0.99999
-0.70538
-0.04932
0.049325
0.705384
-0.03206
-0.1696
-0.99999
3
-0.29589
-0.61073
0.734271
0.017379
-0.03206
-0.1696
-0.99999
-0.8957
0.134189
0.283939
-0.31478
-0.03206
-0.1696
-0.99999
-0.94934
0.223209
0.22092
0.010548
-0.03206
-0.1696
-0.99999
2
-0.91741
-0.07402
0.203386
0.333912
-0.03206
-0.1696
-0.99999
-0.91741
-0.07402
0.203386
0.333912
-0.03206
-0.1696
-0.99999
2
-0.99619
0
0
0.087155
-0.03206
-0.1696
-0.99999
-0.99619
0
0
0.087155
-0.03206
-0.1696
-0.99999
2
-0.68301
0.183012
0.183012
-0.68301
-0.03206
-0.1696
-0.99999
-0.30791
0.167293
0.271078
-0.8965
-0.03206
-0.1696
-0.99999
hand
False
False
True
False
False
0.070999
0.070999
0.091
0
-0.02
0
5
0
0
0
-23
0
None
7
2
0
0
0
1
0.191295
0.428437
-1
0
0
0
1
0.191295
0.428437
-1
3
0
0
0
1
0.191295
0.428437
-1
0
0
0
1
0.191295
0.428437
-1
0
0
0
1
0.191295
0.428437
-1
3
0
0
0
1
0.191295
0.428437
-1
0
0
0
1
0.191295
0.428437
-1
0
0
0
1
0.191295
0.428437
-1
3
0
0
0
1
0.191295
0.428437
-1
-0.81915
0
0
0.573576
0.191295
0.428437
-1
-0.81915
0
0
0.573576
0.191295
0.428437
-1
2
0
0
0
1
0.191295
0.428437
-1
0
0
0
1
0.191295
0.428437
-1
2
-0.64278
0
0
0.766044
0.191295
0.428437
-1
-0.64278
0
0
0.766044
0.191295
0.428437
-1
2
-0.99619
0
0
0.087155
0.191295
0.428437
-1
-0.99619
0
0
0.087155
0.191295
0.428437
-1
leg
False
False
True
False
False
0.081000
0.071000
0.141
0
0
-0.1
4
1
8
0
0
-23
0
None
7
2
-0.62157
-0.09844
-0.12157
0.767578
-0.06816
0
-1
-0.62157
-0.09844
-0.12157
0.767578
-0.06816
0
-1
3
-0.53793
-0.11061
-0.11061
0.828345
-0.06816
0
-1
-0.23894
-0.1406
-0.06857
0.958349
-0.06816
0
-1
-0.7888
-0.06611
-0.14177
0.594405
-0.06816
0
-1
3
-0.5986
0.009336
-0.20689
0.773809
-0.06816
0
-1
-0.43297
-0.12327
-0.09631
0.887728
-0.06816
0
-1
-0.63293
-0.21731
-0.02284
0.742727
-0.06816
0
-1
3
-0.62157
-0.09844
-0.12157
0.767578
-0.06816
0
-1
-0.62157
-0.09844
-0.12157
0.767578
-0.06816
0
-1
-0.4407
-0.12242
-0.09738
0.883916
-0.06816
0
-1
2
-0.62157
-0.09844
-0.12157
0.767578
-0.06816
0
-1
-0.62157
-0.09844
-0.12157
0.767578
-0.06816
0
-1
2
-0.96954
-0.15356
-0.02984
0.18846
-0.06816
0
-1
-0.96954
-0.15356
-0.02984
0.18846
-0.06816
0
-1
2
-0.62157
-0.09844
-0.12157
0.767578
-0.06816
0
-1
-0.51606
-0.11347
-0.10768
0.842142
-0.06816
0
-1
foot
False
False
True
False
False
0.090998
0.031
0.131
0
0
0
7
0
0
0
-23
0
None
7
2
0
-0.10452
0
0.994522
0.222271
-0.78581
-0.99999
0
-0.10452
0
0.994522
0.222271
-0.78581
-0.99999
3
0
-0.10452
0
0.994522
0.222271
-0.78581
-0.99999
0.29077
-0.09996
0.030561
0.951066
0.222271
-0.78581
-0.99999
0
-0.10452
0
0.994522
0.222271
-0.78581
-0.99999
3
0
-0.10452
0
0.994522
0.222271
-0.78581
-0.99999
0.257401
-0.10096
0.027053
0.960634
0.222271
-0.78581
-0.99999
0
-0.10452
0
0.994522
0.222271
-0.78581
-0.99999
3
0
-0.10452
0
0.994522
0.222271
-0.78581
-0.99999
0
-0.10452
0
0.994522
0.222271
-0.78581
-0.99999
0.299058
-0.09969
0.031432
0.948492
0.222271
-0.78581
-0.99999
2
0
-0.10452
0
0.994522
0.222271
-0.78581
-0.99999
0
-0.10452
0
0.994522
0.222271
-0.78581
-0.99999
2
-0.63926
-0.08007
0.067189
0.761848
0.222271
-0.78581
-0.99999
-0.63926
-0.08007
0.067189
0.761848
0.222271
-0.78581
-0.99999
2
0
-0.10452
0
0.994522
0.222271
-0.78581
-0.99999
0
-0.10452
0
0.994522
0.222271
-0.78581
-0.99999
ear
False
True
False
True
False
0.041
0.051
0.021
0
0
0
2
0
0
0
0
0
None
7
2
-0.10336
-0.04736
-0.01051
0.993459
-0.99999
-0.04731
-0.16568
-0.10336
-0.04736
-0.01051
0.993459
-0.99999
-0.04731
-0.16568
3
-0.10336
-0.04736
-0.01051
0.993459
-0.99999
-0.04731
-0.16568
-0.10336
-0.04736
-0.01051
0.993459
-0.99999
-0.04731
-0.16568
-0.10336
-0.04736
-0.01051
0.993459
-0.99999
-0.04731
-0.16568
3
-0.10336
-0.04736
-0.01051
0.993459
-0.99999
-0.04731
-0.16568
-0.10336
-0.04736
-0.01051
0.993459
-0.99999
-0.04731
-0.16568
-0.10336
-0.04736
-0.01051
0.993459
-0.99999
-0.04731
-0.16568
3
-0.10336
-0.04736
-0.01051
0.993459
-0.99999
-0.04731
-0.16568
-0.10336
-0.04736
-0.01051
0.993459
-0.99999
-0.04731
-0.16568
-0.10336
-0.04736
-0.01051
0.993459
-0.99999
-0.04731
-0.16568
2
-0.10336
-0.04736
-0.01051
0.993459
-0.99999
-0.04731
-0.16568
-0.10336
-0.04736
-0.01051
0.993459
-0.99999
-0.04731
-0.16568
2
-0.10336
-0.04736
-0.01051
0.993459
-0.99999
-0.04731
-0.16568
-0.10336
-0.04736
-0.01051
0.993459
-0.99999
-0.04731
-0.16568
2
-0.10336
-0.04736
-0.01051
0.993459
-0.99999
-0.04731
-0.16568
-0.10336
-0.04736
-0.01051
0.993459
-0.99999
-0.04731
-0.16568
astro_top
False
False
False
True
True
0.181
0.070999
0.181
0
0.02
0
2
1
16
0
0
0
0
None
7
2
0
0
0
1
0
1.000007
0.203327
0
0
0
1
0
0.999995
0.206101
3
0
0
0
1
0
1.000001
0.203323
0
0
0
1
0
1.000002
0.200556
0
0
0
1
0
1.000008
0.197784
3
0
0
0
1
0
1.000007
0.203327
0
0
0
1
0
1.000007
0.203327
0
0
0
1
0
1.000007
0.203327
3
0
0
0
1
0
1.000007
0.203327
0
0
0
1
0
1.000007
0.203327
0
0
0
1
0
1.000007
0.203327
2
0
0
0
1
0
1.000007
0.203327
0
0
0
1
0
1.000007
0.203327
2
0
0
0
1
0
1.000007
0.203327
0
0
0
1
0
1.000007
0.203327
2
0
0
0
1
0
1.000007
0.203327
0
0
0
1
0
1.000007
0.203327
astro_side
False
True
False
True
False
0.041
0.191
0.131
-0.04
0
0
2
0
0
0
0
0
None
7
2
0
0
0
1
-0.99999
0.082586
-0.12377
0
0
0
1
-1
0.079269
-0.12377
3
0
0
0
1
-0.99999
0.089234
-0.12377
0
0
0
1
-0.99999
0.092571
-0.12378
0
0
0
1
-0.99998
0.089239
-0.12377
3
0
0
0
1
-0.99999
0.082586
-0.12377
0
0
0
1
-0.99999
0.082586
-0.12377
0
0
0
1
-0.99999
0.082586
-0.12377
3
0
0
0
1
-0.99999
0.082586
-0.12377
0
0
0
1
-0.99999
0.082586
-0.12377
0
0
0
1
-0.99999
0.082586
-0.12377
2
0
0
0
1
-0.99999
0.082586
-0.12377
0
0
0
1
-0.99999
0.082586
-0.12377
2
0
0
0
1
-0.99999
0.082586
-0.12377
0
0
0
1
-0.99999
0.082586
-0.12377
2
0
0
0
1
-0.99999
0.082586
-0.12377
0
0
0
1
-0.99999
0.082586
-0.12377
astro_bot
False
False
False
True
False
0.191
0.051
0.191
0
-0.04
0
2
0
0
0
0
0
None
7
2
0
0
0
1
0.007133
-0.99999
0.034422
0
0
0
1
0.007133
-1
0.034423
3
0
0
0
1
0.007133
-0.99999
0.034421
0
0
0
1
0.007133
-1
0.034421
0
0
0
1
0.006603
-0.99999
0.031861
3
0
0
0
1
0.007133
-0.99999
0.034422
0
0
0
1
0.007133
-0.99999
0.034422
0
0
0
1
0.007133
-0.99999
0.034422
3
0
0
0
1
0.007133
-0.99999
0.034422
0
0
0
1
0.007133
-0.99999
0.034422
0
0
0
1
0.007133
-0.99999
0.034422
2
0
0
0
1
0.007133
-0.99999
0.034422
0
0
0
1
0.007133
-0.99999
0.034422
2
0
0
0
1
0.007133
-0.99999
0.034422
0
0
0
1
0.007133
-0.99999
0.034422
2
0
0
0
1
0.007133
-0.99999
0.034422
0
0
0
1
0.007133
-0.99999
0.034422
astrobox
False
False
False
True
False
0.131
0.061000
0.121
0
0
0
0
1
14
0
0
-19
0
None
7
2
0
0
0
1
0
-1
0.251515
0
0
0
1
0
-1
0.251514
3
0
0
0
1
0
-0.99999
0.253519
0
0
0
1
0
-0.99999
0.253521
0
0
0
1
0
-1
0.2596
3
0
0
0
1
0
-1
0.251515
0
0
0
1
0
-1
0.251515
0
0
0
1
0
-1
0.251515
3
0
0
0
1
0
-1
0.251515
0
0
0
1
0
-1
0.251515
0
0
0
1
0
-1
0.251515
2
0
0
0
1
0
-1
0.251515
0
0
0
1
0
-1
0.251515
2
0
0
0
1
0
-1
0.251515
0
0
0
1
0
-1
0.251515
2
0
0
0
1
0
-1
0.251515
0
0
0
1
0
-1
0.251515
limb005
False
False
False
True
False
0.041
0.011
0.081000
0
0
0
13
0
0
0
0
0
None
7
2
0
0
0
1
0.040236
-0.99999
0.574736
0
0
0
1
0.039953
-1
0.57068
3
0
0
0
1
0.041096
-0.99999
0.587023
0
0
0
1
0.041681
-0.99999
0.5954
0
0
0
1
0.041388
-0.99998
0.591207
3
0
0
0
1
0.040236
-0.99999
0.574736
0
0
0
1
0.040236
-0.99999
0.574736
0
0
0
1
0.040236
-0.99999
0.574736
3
0
0
0
1
0.040236
-0.99999
0.574736
0
0
0
1
0.040236
-0.99999
0.574736
0
0
0
1
0.040236
-0.99999
0.574736
2
0
0
0
1
0.040236
-0.99999
0.574736
0
0
0
1
0.040236
-0.99999
0.574736
2
0
0
0
1
0.040236
-0.99999
0.574736
0
0
0
1
0.040236
-0.99999
0.574736
2
0
0
0
1
0.040236
-0.99999
0.574736
0
0
0
1
0.040236
-0.99999
0.574736
backpack
False
False
False
True
False
0.221
0.171
0.251001
0
0
0
0
1
17
0
0
-19
0
None
7
2
0
0
0
1
-0.02606
1
0.261815
0
0
0
1
-0.02626
1.000005
0.263864
3
0
0
0
1
-0.02606
1.000006
0.261813
0
0
0
1
-0.02606
0.999992
0.261806
0
0
0
1
-0.02626
1
0.263852
3
0
0
0
1
-0.02606
1
0.261815
0
0
0
1
-0.02606
1
0.261815
0
0
0
1
-0.02606
1
0.261815
3
0
0
0
1
-0.02606
1
0.261815
0
0
0
1
-0.02606
1
0.261815
0
0
0
1
-0.02606
1
0.261815
2
0
0
0
1
-0.02606
1
0.261815
0
0
0
1
-0.02606
1
0.261815
2
0
0
0
1
-0.02606
1
0.261815
0
0
0
1
-0.02606
1
0.261815
2
0
0
0
1
-0.02606
1
0.261815
0
0
0
1
-0.02606
1
0.261815
_asddf_
False
True
False
True
True
0.051
0.070999
0.121
0
0
0
10
0
0
0
-19
0
None
7
2
0.087155
0
0
0.996194
-0.99999
0.252043
0.136571
0.087155
0
0
0.996194
-0.99999
0.242975
0.13657
3
0.087155
0
0
0.996194
-0.99999
0.261119
0.136573
0.087155
0
0
0.996194
-0.99999
0.242989
0.136578
0.087155
0
0
0.996194
-1
0.261125
0.136577
3
0.087155
0
0
0.996194
-0.99999
0.252043
0.136571
0.087155
0
0
0.996194
-0.99999
0.252043
0.136571
0.087155
0
0
0.996194
-0.99999
0.252043
0.136571
3
0.087155
0
0
0.996194
-0.99999
0.252043
0.136571
0.087155
0
0
0.996194
-0.99999
0.252043
0.136571
0.087155
0
0
0.996194
-0.99999
0.252043
0.136571
2
0.087155
0
0
0.996194
-0.99999
0.252043
0.136571
0.087155
0
0
0.996194
-0.99999
0.252043
0.136571
2
0.087155
0
0
0.996194
-0.99999
0.252043
0.136571
0.087155
0
0
0.996194
-0.99999
0.252043
0.136571
2
0.087155
0
0
0.996194
-0.99999
0.252043
0.136571
0.087155
0
0
0.996194
-0.99999
0.252043
0.136571
limb000
False
False
False
True
False
0.080999
0.041000
0.111
0
0
0
15
0
0
0
-9
0
None
7
2
0
0
-0.04361
0.999048
0.0474
1.000005
0.378464
0
0
-0.04361
0.999048
0.047399
1
0.378468
3
0
0
-0.04361
0.999048
0.047011
1.000004
0.375366
0
0
-0.04361
0.999048
0.047398
0.999999
0.37846
0
0
-0.04361
0.999048
0.04701
0.999997
0.375359
3
0
0
-0.04361
0.999048
0.0474
1.000005
0.378464
0
0
-0.04361
0.999048
0.0474
1.000005
0.378464
0
0
-0.04361
0.999048
0.0474
1.000005
0.378464
3
0
0
-0.04361
0.999048
0.0474
1.000005
0.378464
0
0
-0.04361
0.999048
0.0474
1.000005
0.378464
0
0
-0.04361
0.999048
0.0474
1.000005
0.378464
2
0
0
-0.04361
0.999048
0.0474
1.000005
0.378464
0
0
-0.04361
0.999048
0.0474
1.000005
0.378464
2
0
0
-0.04361
0.999048
0.0474
1.000005
0.378464
0
0
-0.04361
0.999048
0.0474
1.000005
0.378464
2
0
0
-0.04361
0.999048
0.0474
1.000005
0.378464
0
0
-0.04361
0.999048
0.0474
1.000005
0.378464
eyes
True
True
False
True
False
0.06
0.04
0.05
0
0
0.01
2
0
0
0
0
0
SeriousEye
7
2
0
0
0
1
-0.68919
-0.18129
0.999997
0
0
0
1
-0.68919
-0.18129
0.999997
3
0
0
0
1
-0.68919
-0.18129
0.999997
0
0
0
1
-0.68919
-0.18129
0.999997
0
0
0
1
-0.68919
-0.18129
0.999997
3
0
0
0
1
-0.68919
-0.18129
0.999997
0
0
0
1
-0.68919
-0.18129
0.999997
0
0
0
1
-0.68919
-0.18129
0.999997
3
0
0
0
1
-0.68919
-0.18129
0.999997
0
0
0
1
-0.68919
-0.18129
0.999997
0
0
0
1
-0.68919
-0.18129
0.999997
2
0
0
0
1
-0.68919
-0.18129
0.999997
0
0
0
1
-0.68919
-0.18129
0.999997
2
0
0
0
1
-0.68919
-0.18129
0.999997
0
0
0
1
-0.68919
-0.18129
0.999997
2
0
0
0
1
-0.68919
-0.18129
0.999997
0
0
0
1
-0.68919
-0.18129
0.999997
