30
0.369067
0.482352
0.690196
0.070588
perk_rejuvenate
false
0.545699
creamy
guacamole
abacate
cremoso
guacamole
авокадо
сливочный
гуакамоле
alpukat
lembut
guacamole
aguacate
cremoso
guacamole
อะโวคาโด
ครีม
กวากาโมเล่
cremosa
сливочные
cremosa
M
M
M
сливочное
false
?
?
?
?
?
8
torso
False
False
False
False
False
0.261
0.141002
0.241002
0
0
0
-1
3
1
3
4
8
0
-12
0
None
7
2
-0.69465
0
0
0.719339
0
0
0
-0.69465
0
0
0.719339
0
0
0
3
-0.69465
0
0
0.719339
0
0
0
-0.69465
0
0
0.719339
0
0
0
-0.69465
0
0
0.719339
0
0
0
3
-0.69465
0
0
0.719339
0
0
0
-0.69465
0
0
0.719339
0
0
0
-0.69465
0
0
0.719339
0
0
0
3
-0.69465
0
0
0.719339
0
0
0
-0.69465
0
0
0.719339
0
0
0
-0.69465
0
0
0.719339
0
0
0
2
-0.69465
0
0
0.719339
0
0
0.32
-0.69465
0
0
0.719339
0
0
0.32
2
-0.99452
0
0
0.104528
0
-0.4
-0.48
-0.99452
0
0
0.104528
0
-0.42
-0.48
2
-0.69465
0
0
0.719339
0
0
0
-0.69465
0
0
0.719339
0
0
0
neck
False
False
False
True
False
0.191
0.111
0.121
0
0
0.12
0
2
2
5
8
0
-12
0
None
7
2
0.008726
0
0
0.999961
-0.02271
-0.21424
1.000005
0.008726
0
0
0.999961
-0.02271
-0.21424
1.000005
3
0.008726
0
0
0.999961
-0.02271
-0.21424
1.000005
0.008726
0
0
0.999961
-0.02271
-0.21424
1.000005
0.008726
0
0
0.999961
-0.02271
-0.21424
1.000005
3
0.008726
0
0
0.999961
-0.02271
-0.21424
1.000005
0.008726
0
0
0.999961
-0.02271
-0.21424
1.000005
0.008726
0
0
0.999961
-0.02271
-0.21424
1.000005
3
0.008726
0
0
0.999961
-0.02271
-0.21424
1.000005
0.008726
0
0
0.999961
-0.02271
-0.21424
1.000005
0.008726
0
0
0.999961
-0.02271
-0.21424
1.000005
2
0.008726
0
0
0.999961
-0.02271
-0.21424
1.000005
0.008726
0
0
0.999961
-0.02271
-0.21424
1.000005
2
0.008726
0
0
0.999961
-0.02271
-0.21424
1.000005
0.008726
0
0
0.999961
-0.02271
-0.21424
1.000005
2
0.008726
0
0
0.999961
-0.02271
-0.21424
1.000005
0.008726
0
0
0.999961
-0.02271
-0.21424
1.000005
head
False
False
False
False
False
0.121
0.070999
0.111
0
0.06
0
1
1
6
8
0
-12
0
None
7
2
0.052336
0
0
0.998629
0
-0.05643
0.999997
0.052336
0
0
0.998629
0
-0.05643
0.999997
3
0.052336
0
0
0.998629
0
-0.05643
0.999997
0.052336
0
0
0.998629
0
-0.05643
0.999997
0.052336
0
0
0.998629
0
-0.05643
0.999997
3
0.052336
0
0
0.998629
0
-0.05643
0.999997
0.052336
0
0
0.998629
0
-0.05643
0.999997
0.052336
0
0
0.998629
0
-0.05643
0.999997
3
0.052336
0
0
0.998629
0
-0.05643
0.999997
0.052336
0
0
0.998629
0
-0.05643
0.999997
0.052336
0
0
0.998629
0
-0.05643
0.999997
2
0.052336
0
0
0.998629
0
-0.05643
0.999997
0.052336
0
0
0.998629
0
-0.05643
0.999997
2
-0.60181
0
0
0.798635
0
-0.05643
0.999997
-0.60181
0
0
0.798635
0
-0.05643
0.999997
2
0.052336
0
0
0.998629
0
-0.05643
0.999997
0.052336
0
0
0.998629
0
-0.05643
0.999997
tail
False
False
False
False
False
0.151
0.080999
0.061
0
0
0.06
0
0
8
0
-12
0
None
7
2
-0.69763
0.015334
-0.04254
-0.71502
0.035806
-0.36522
-0.99999
-0.69763
0.015334
-0.04254
-0.71502
0.035806
-0.36522
-0.99999
3
-0.69763
0.015334
-0.04254
-0.71502
0.035806
-0.36522
-0.99999
-0.69763
0.015334
-0.04254
-0.71502
0.035806
-0.36522
-0.99999
-0.69763
0.015334
-0.04254
-0.71502
0.035806
-0.36522
-0.99999
3
-0.69763
0.015334
-0.04254
-0.71502
0.035806
-0.36522
-0.99999
-0.69763
0.015334
-0.04254
-0.71502
0.035806
-0.36522
-0.99999
-0.69763
0.015334
-0.04254
-0.71502
0.035806
-0.36522
-0.99999
3
-0.69763
0.015334
-0.04254
-0.71502
0.035806
-0.36522
-0.99999
-0.69763
0.015334
-0.04254
-0.71502
0.035806
-0.36522
-0.99999
-0.69763
0.015334
-0.04254
-0.71502
0.035806
-0.36522
-0.99999
2
-0.3709
0.030446
-0.03343
-0.92756
0.035806
-0.36522
-0.99999
-0.3709
0.030446
-0.03343
-0.92756
0.035806
-0.36522
-0.99999
2
-0.07481
-0.01559
-0.04244
-0.99617
0.035806
-0.36522
-0.99999
-0.07481
-0.01559
-0.04244
-0.99617
0.035806
-0.36522
-0.99999
2
-0.69763
0.015334
-0.04254
-0.71502
0.035806
-0.36522
-0.99999
-0.69763
0.015334
-0.04254
-0.71502
0.035806
-0.36522
-0.99999
belly-inner
False
False
False
True
False
0.191
0.041
0.231001
0
0
0
0
1
7
0
0
0
0
None
7
2
0
0
0
1
0
-0.99999
-0.02042
0
0
0
1
0
-0.99999
-0.02042
3
0
0
0
1
0
-0.99999
-0.02042
0
0
0
1
0
-0.99999
-0.02042
0
0
0
1
0
-0.99999
-0.02042
3
0
0
0
1
0
-0.99999
-0.02042
0
0
0
1
0
-0.99999
-0.02042
0
0
0
1
0
-0.99999
-0.02042
3
0
0
0
1
0
-0.99999
-0.02042
0
0
0
1
0
-0.99999
-0.02042
0
0
0
1
0
-0.99999
-0.02042
2
0
0
0
1
0
-0.99999
-0.02042
0
0
0
1
0
-0.99999
-0.02042
2
0
0
0
1
0
-0.99999
-0.02042
0
0
0
1
0
-0.99999
-0.02042
2
0
0
0
1
0
-0.99999
-0.02042
0
0
0
1
0
-0.99999
-0.02042
neck0inner
False
False
False
True
False
0.151
0.121
0.021
0
0
0
1
0
0
0
0
0
None
7
2
-0.7071
0
0
0.707106
0
-1
-0.1816
-0.7071
0
0
0.707106
0
-1
-0.1816
3
-0.7071
0
0
0.707106
0
-1
-0.1816
-0.7071
0
0
0.707106
0
-1
-0.1816
-0.7071
0
0
0.707106
0
-1
-0.1816
3
-0.7071
0
0
0.707106
0
-1
-0.1816
-0.7071
0
0
0.707106
0
-1
-0.1816
-0.7071
0
0
0.707106
0
-1
-0.1816
3
-0.7071
0
0
0.707106
0
-1
-0.1816
-0.7071
0
0
0.707106
0
-1
-0.1816
-0.7071
0
0
0.707106
0
-1
-0.1816
2
-0.7071
0
0
0.707106
0
-1
-0.1816
-0.7071
0
0
0.707106
0
-1
-0.1816
2
-0.7071
0
0
0.707106
0
-1
-0.1816
-0.7071
0
0
0.707106
0
-1
-0.1816
2
-0.7071
0
0
0.707106
0
-1
-0.1816
-0.7071
0
0
0.707106
0
-1
-0.1816
head-inners
False
False
False
True
False
0.090999
0.051
0.021
0
0
0
2
0
0
0
0
0
None
7
2
0
0
0
1
0
-0.31807
1.00001
0
0
0
1
0
-0.31807
1.00001
3
0
0
0
1
0
-0.31807
1.00001
0
0
0
1
0
-0.31807
1.00001
0
0
0
1
0
-0.31807
1.00001
3
0
0
0
1
0
-0.31807
1.00001
0
0
0
1
0
-0.31807
1.00001
0
0
0
1
0
-0.31807
1.00001
3
0
0
0
1
0
-0.31807
1.00001
0
0
0
1
0
-0.31807
1.00001
0
0
0
1
0
-0.31807
1.00001
2
0
0
0
1
0
-0.31807
1.00001
0
0
0
1
0
-0.31807
1.00001
2
0
0
0
1
0
-0.31807
1.00001
0
0
0
1
0
-0.31807
1.00001
2
0
0
0
1
0
-0.31807
1.00001
0
0
0
1
0
-0.31807
1.00001
pitttt
False
False
False
True
False
0.121
0.041
0.121
0
0
0
4
0
-16
0
-5
0
None
7
2
0
0
0
1
0
-1
0.037077
0
0
0
1
0
-1
0.037077
3
0
0
0
1
0
-1
0.037077
0
0
0
1
0
-1
0.037077
0
0
0
1
0
-1
0.037077
3
0
0
0
1
0
-1
0.037077
0
0
0
1
0
-1
0.037077
0
0
0
1
0
-1
0.037077
3
0
0
0
1
0
-1
0.037077
0
0
0
1
0
-1
0.037077
0
0
0
1
0
-1
0.037077
2
0
0
0
1
0
-1
0.037077
0
0
0
1
0
-1
0.037077
2
0
0
0
1
0
-1
0.037077
0
0
0
1
0
-1
0.037077
2
0
0
0
1
0
-1
0.037077
0
0
0
1
0
-1
0.037077
