30
0.554476
0.454902
0.521568
0.325490
perk_forceful_push
false
0.094898
banana-gobbling
booga
babuíno
devorador de banana
homem das cavernas
бабуин
пожиратель бананов
пещерный человек
babon
pemakan pisang
manusia gua
babuino
devorador de plátanos
cavernícola
ลิงบาบูน
กินกล้วย
มนุษย์ถ้ำ
devorador de banana
пожиратель бананов
devorador de plátanos
M
M
F
пожиратель бананов
false
Fur
Uncooked Meat
Bones
?
?
15
torso
False
False
False
False
False
0.211
0.111
0.291
0
0
0
-1
4
1
5
6
13
0
0
0
0
None
7
2
-0.13917
0
0
0.990268
0
0
0
-0.18223
0
0
0.983254
0
0.02
0
3
0.121869
0
0
0.992546
0
0
0
-0.26723
0
0
0.96363
0
0
0
-0.05233
0
0
0.998629
0
0
0
3
-0.22464
0.050994
-0.01177
0.973034
0
0
0
-0.35836
0
0
0.93358
0
0
0
-0.22276
-0.1356
0.031307
0.964887
0
0
0
3
0.078459
0
0
0.996917
0
-0.12
-0.4
-0.05233
0
0
0.998629
0
0.06
0.519999
0.078459
0
0
0.996917
0
-0.04
0.499999
2
-0.64944
0
0
0.760405
0
0
0.099999
-0.68199
0
0
0.731353
0
0
0.099999
2
-0.99996
0
0
-0.00872
0
-0.08
-0.48
-0.99996
0
0
-0.00872
0
-0.09999
-0.48
2
-0.39073
0
0
0.920504
0
0
0
-0.46947
0
0
0.882947
0
0
0
neck
False
False
False
True
False
0.101
0.061
0.071
0
0
0.06
0
1
2
0
0
0
0
None
7
2
0.113203
0
0
0.993571
0.071317
0.408102
0.999997
0.113203
0
0
0.993571
0.071317
0.408102
0.999997
3
0.113203
0
0
0.993571
0.071317
0.408102
0.999997
0.113203
0
0
0.993571
0.071317
0.408102
0.999997
0.113203
0
0
0.993571
0.071317
0.408102
0.999997
3
0.156434
0
0
0.987688
0.071316
0.268346
0.999997
0.156434
0
0
0.987688
0.071316
0.268346
0.999997
0.156434
0
0
0.987688
0.071316
0.268346
0.999997
3
0.325568
0
0
0.945518
0.071316
0.268346
0.999997
0.113203
0
0
0.993571
0.071318
0.314731
1.000002
0.113203
0
0
0.993571
0.071317
0.408102
0.999997
2
0.113203
0
0
0.993571
0.071317
0.408102
0.999997
0.113203
0
0
0.993571
0.071317
0.408102
0.999997
2
0.113203
0
0
0.993571
0.071317
0.408102
0.999997
0.113203
0
0
0.993571
0.071317
0.408102
0.999997
2
0.156434
0
0
0.987688
0.071316
0.268346
0.999997
0.156434
0
0
0.987688
0.071316
0.268346
0.999997
head
False
False
False
False
False
0.131
0.111
0.101
0
0
0.08
1
4
3
4
12
14
-23
12
12
0
None
7
2
0.017452
0
0
0.999847
0
-0.0725
0.999985
0.061048
0
0
0.998134
0
-0.0725
0.999985
3
0.017452
0
0
0.999847
0
-0.0725
0.999985
0.017452
0
0
0.999847
0
-0.0725
0.999985
0.017452
0
0
0.999847
0
-0.0725
0.999985
3
0.104528
0
0
0.994522
0
-0.80188
0.999992
0.104528
0
0
0.994522
0
-0.80188
0.999992
0.104528
0
0
0.994522
0
-0.80188
0.999992
3
0.777146
0
0
0.62932
0
1.00003
0.570057
0.587785
0
0
0.809016
0
0.23544
1.000012
0.017452
0
0
0.999847
0
-0.0725
0.999985
2
0.017452
0
0
0.999847
0
-1
0.903132
0.017452
0
0
0.999847
0
-1
0.903132
2
-0.85716
0
0
0.515038
0
-0.0725
0.999985
-0.85716
0
0
0.515038
0
-0.0725
0.999985
2
0.104528
0
0
0.994522
0
-0.80188
0.999992
0.104528
0
0
0.994522
0
-0.80188
0.999992
snout
False
False
False
True
False
0.051
0.080999
0.061
0
0
0.02
2
1
11
-23
7
13
0
None
7
2
0.164984
-0.00241
0
0.986293
0.026194
-0.64253
0.999991
0.164984
-0.00241
0
0.986293
0.026194
-0.64253
0.999991
3
0.164984
-0.00241
0
0.986293
0.026194
-0.64253
0.999991
0.164984
-0.00241
0
0.986293
0.026194
-0.64253
0.999991
0.164984
-0.00241
0
0.986293
0.026194
-0.64253
0.999991
3
0.034835
-0.00234
0
0.99939
0.026195
-0.41636
1.000007
0.034835
-0.00234
0
0.99939
0.026195
-0.41636
1.000007
0.034835
-0.00234
0
0.99939
0.026195
-0.41636
1.000007
3
0.034835
-0.00234
0
0.99939
0.026195
-0.41636
1.000007
0.164984
-0.00241
0
0.986293
0.026194
-0.64253
0.999991
0.164984
-0.00241
0
0.986293
0.026194
-0.64253
0.999991
2
0.164984
-0.00241
0
0.986293
0.026194
-0.64253
0.999991
0.164984
-0.00241
0
0.986293
0.026194
-0.64253
0.999991
2
0.164984
-0.00241
0
0.986293
0.026194
-0.64253
0.999991
0.164984
-0.00241
0
0.986293
0.026194
-0.64253
0.999991
2
0.034835
-0.00234
0
0.99939
0.026195
-0.41636
1.000007
0.034835
-0.00234
0
0.99939
0.026195
-0.41636
1.000007
eyes
True
True
False
True
False
0.05
0.06
0.05
0
0
0.01
2
0
0
0
0
0
SeriousEye
7
2
0
0
0
1
-0.36028
0.294195
1.000003
0
0
0
1
-0.36028
0.294195
1.000003
3
0
0
0
1
-0.36028
0.294195
1.000003
0
0
0
1
-0.36028
0.294195
1.000003
0
0
0
1
-0.36028
0.294195
1.000003
3
0
0
0
1
-0.80001
0.131735
1.000001
0
0
0
1
-0.80001
0.131735
1.000001
0
0
0
1
-0.80001
0.131735
1.000001
3
0
0
0
1
-0.80001
0.131735
1.000001
0
0
0
1
-0.36028
0.294195
1.000003
0
0
0
1
-0.36028
0.294195
1.000003
2
0
0
0
1
-0.36028
0.294195
1.000003
0
0
0
1
-0.36028
0.294195
1.000003
2
0
0
0
1
-0.36028
0.294195
1.000003
0
0
0
1
-0.36028
0.294195
1.000003
2
0
0
0
1
-0.80001
0.131735
1.000001
0
0
0
1
-0.80001
0.131735
1.000001
shoulder
False
True
True
False
False
0.111
0.161
0.171
0.02
0
-0.04
0
1
7
0
-2
-6
0
None
7
2
-0.64278
0
0
0.766044
-0.99999
-0.03043
0.710568
-0.64278
0
0
0.766044
-0.99999
-0.26354
0.710566
3
-0.3007
0
0
0.953717
-0.99999
-0.03043
0.710568
-0.64278
0
0
0.766044
-0.99999
-0.03043
0.710568
-0.64278
0
0
0.766044
-0.99999
-0.03043
0.710568
3
-0.60009
0.274525
-0.23035
0.715164
-0.99999
-0.44809
0.489464
-0.74303
0.0148
-0.00924
0.669028
-0.99999
-0.04145
0.460514
-0.64034
-0.06676
0.056022
0.763129
-0.99999
-0.54708
0.460521
3
-0.3382
0.29653
-0.06365
0.890861
-1
0.01277
0.36026
-0.92387
0
0
0.382683
-0.99999
-0.03043
0.710568
-0.76604
0
0
0.642787
-0.99999
-0.03043
0.710568
2
-0.64278
0
0
0.766044
-0.99999
-0.03043
0.710568
-0.64278
0
0
0.766044
-0.99999
-0.03043
0.710568
2
-0.84339
0
0
-0.53729
-0.99999
-0.03043
0.710568
-0.84339
0
0
-0.53729
-0.99999
-0.03043
0.710568
2
-0.64034
0.066765
0.056022
-0.76312
-0.99999
0.293188
0.519515
-0.49809
0.056022
0.066765
-0.86272
-0.859
1.000004
0.430026
hip
False
True
False
False
False
0.061
0.071000
0.141
0
0
0
0
1
9
0
-7
6
0
None
7
2
-0.55919
0
0
0.829037
-0.72961
-0.65834
-1
-0.55919
0
0
0.829037
-0.72961
-0.65834
-1
3
-0.94832
0
0
0.317304
-0.72961
-0.65834
-1
-0.55919
0
0
0.829037
-0.72961
-0.65834
-1
-0.55919
0
0
0.829037
-0.72961
-0.65834
-1
3
-0.54486
0.186492
-0.12579
0.807789
-0.85779
-0.57307
-1
-0.55919
0
0
0.829037
-0.90524
-0.18162
-0.99999
-0.55069
-0.14396
0.097102
0.816442
-0.72961
-0.65834
-1
3
-0.7826
0
0
0.622514
-0.99999
-0.59796
-0.7281
-0.55919
0
0
0.829037
-0.72961
-0.65834
-1
-0.55919
0
0
0.829037
-0.72961
-0.65834
-1
2
-0.99813
0
0
0.061048
-0.49311
-1
-0.67576
-0.99813
0
0
0.061048
-0.49311
-1
-0.67576
2
-0.89493
0
0
-0.44619
-0.72961
-0.65834
-1
-0.89493
0
0
-0.44619
-0.72961
-0.65834
-1
2
-0.55919
0
0
0.829037
-0.72961
-0.65834
-1
-0.55919
0
0
0.829037
-0.72961
-0.65834
-1
arm
False
False
True
False
False
0.061
0.061
0.171
0
0
-0.12
5
1
8
0
-1
3
0
None
7
2
-0.69465
0
0
0.719339
-0.03206
-0.1696
-0.99999
-0.69465
0
0
0.719339
-0.03206
-0.1696
-0.99999
3
-0.80901
0
0
0.587785
-0.03206
-0.1696
-0.99999
-0.99813
0
0
0.061048
-0.03206
-0.1696
-0.99999
-0.94832
0
0
0.317304
-0.03206
-0.1696
-0.99999
3
-0.6841
0.124912
-0.12062
0.708411
-0.03206
-0.1696
-0.99999
-0.88294
0
0
0.469471
-0.03206
-0.1696
-0.99999
-0.68948
-0.08766
0.084657
0.713977
-0.03206
-0.1696
-0.99999
3
-0.85716
0
0
0.515037
-0.03206
-0.1696
-0.99999
-0.99357
0.043513
-0.00304
0.104428
-0.03206
-0.1696
-0.99999
-0.96126
0
0
0.275637
-0.03206
-0.1696
-0.99999
2
-0.95759
-0.04053
0.16885
0.229898
-0.03206
-0.1696
-0.99999
-0.95759
-0.04053
0.16885
0.229898
-0.03206
-0.1696
-0.99999
2
-0.80385
0
0
-0.59482
-0.03206
-0.1696
-0.99999
-0.80385
0
0
-0.59482
-0.03206
-0.1696
-0.99999
2
0.646091
-0.13105
-0.11392
0.743244
-0.03206
-0.1696
-0.99999
0.312483
-0.07748
-0.1554
0.933916
-0.0321
0.020056
-1
hand
False
False
True
False
False
0.070999
0.041
0.081
0
-0.02
0
7
0
0
-2
-6
0
None
7
2
0
0
0
1
0.191295
0.428437
-1
0
0
0
1
0.191295
0.428437
-1
3
0
0
0
1
0.191295
0.428437
-1
0
0
0
1
0.191295
0.428437
-1
0
0
0
1
0.191295
0.428437
-1
3
0
0
0
1
0.191295
0.428437
-1
0
0
0
1
0.191295
0.428437
-1
0
0
0
1
0.191295
0.428437
-1
3
0
0
0
1
0.191295
0.428437
-1
0
0
0
1
0.191295
0.428437
-1
0
0
0
1
0.191295
0.428437
-1
2
-0.37686
0.16043
0.066452
0.909843
0.191295
0.428437
-1
-0.37686
0.16043
0.066452
0.909843
0.191295
0.428437
-1
2
-0.99144
0
0
0.130526
0.191295
0.428437
-1
-0.99144
0
0
0.130526
0.191295
0.428437
-1
2
-0.99619
0
0
-0.08715
0.191295
0.428437
-1
-0.99619
0
0
-0.08715
0.191295
0.428437
-1
leg
False
False
False
False
False
0.061
0.061000
0.141
0
0
-0.1
6
1
10
0
-7
6
0
None
7
2
-0.62932
0
0
0.777146
-0.06816
0
-1
-0.62932
0
0
0.777146
-0.06816
0
-1
3
-0.62932
0
0
0.777146
-0.06816
0
-1
-0.62932
0
0
0.777146
-0.06816
0
-1
-0.28401
0
0
0.958819
-0.06816
0
-1
3
-0.62157
0.121572
-0.09844
0.767578
-0.06816
0
-1
-0.4848
0
0
0.874619
-0.06816
0
-1
-0.61556
-0.16157
0.130843
0.760163
-0.06816
0
-1
3
-0.55919
0
0
0.829037
-0.06816
0
-1
-0.32556
0
0
0.945518
-0.06816
0
-1
-0.62932
0
0
0.777146
-0.06816
0
-1
2
-0.62932
0
0
0.777146
-0.06816
0
-1
-0.62932
0
0
0.777146
-0.06816
0
-1
2
-0.85264
0
0
-0.52249
-0.06816
0
-1
-0.85264
0
0
-0.52249
-0.06816
0
-1
2
-0.62932
0
0
0.777146
-0.06816
0
-1
-0.62932
0
0
0.777146
-0.06816
0
-1
foot
False
False
False
False
False
0.080998
0.031
0.111
0
0
0
9
0
0
-2
-6
0
None
7
2
0
-0.10452
0
0.994522
-0.07333
-0.70818
-1
0
-0.10452
0
0.994522
-0.07333
-0.70818
-1
3
0
-0.10452
0
0.994522
-0.07333
-0.70818
-1
0
-0.10452
0
0.994522
-0.07333
-0.70818
-1
0.215254
-0.10205
0.022624
0.970947
-0.07333
-0.70818
-1
3
0
-0.10452
0
0.994522
-0.07333
-0.55534
-0.99999
0.240596
-0.10142
0.025287
0.96498
-0.07333
-0.55534
-0.99999
0
-0.10452
0
0.994522
-0.07333
-0.55534
-0.99999
3
0.129811
-0.10363
0.013643
0.986013
-0.07333
-0.55534
-0.99999
0.380587
-0.09657
0.040001
0.918818
-0.07333
-0.70818
-1
0
-0.10452
0
0.994522
-0.07333
-0.70818
-1
2
0
-0.10452
0
0.994522
-0.07333
-0.70818
-1
0
-0.10452
0
0.994522
-0.07333
-0.70818
-1
2
-0.98601
-0.01364
0.103634
0.129811
-0.07333
-0.70818
-1
-0.98601
-0.01364
0.103634
0.129811
-0.07333
-0.70818
-1
2
0
-0.10452
0
0.994522
-0.07333
-0.55534
-0.99999
0
-0.10452
0
0.994522
-0.07333
-0.55534
-0.99999
mouth
True
False
False
True
False
0.06
0.08
0.05
0
0
0.01
3
0
0
0
0
0
ViciousMouth
7
2
0
0
0
1
-0.12671
-0.11901
1.000004
0
0
0
1
-0.12671
-0.11901
1.000004
3
0
0
0
1
-0.12671
-0.11901
1.000004
0
0
0
1
-0.12671
-0.11901
1.000004
0
0
0
1
-0.12671
-0.11901
1.000004
3
0
0
0
1
-0.12671
-0.30267
1
0
0
0
1
-0.12671
-0.30267
1
0
0
0
1
-0.12671
-0.30267
1
3
0
0
0
1
-0.12671
-0.30267
1
0
0
0
1
-0.12671
-0.11901
1.000004
0
0
0
1
-0.12671
-0.11901
1.000004
2
0
0
0
1
-0.12671
-0.11901
1.000004
0
0
0
1
-0.12671
-0.11901
1.000004
2
0
0
0
1
-0.12671
-0.11901
1.000004
0
0
0
1
-0.12671
-0.11901
1.000004
2
0
0
0
1
-0.12671
-0.30267
1
0
0
0
1
-0.12671
-0.30267
1
sideburns
False
True
False
True
False
0.095499
0.1155
0.0955
-0.02
0
0
2
0
0
-7
11
0
None
7
2
0.003855
-0.17249
-0.08731
0.981125
-0.99999
0.152901
-0.52388
0.003855
-0.17249
-0.08731
0.981125
-0.99999
0.152901
-0.52388
3
0.003855
-0.17249
-0.08731
0.981125
-0.99999
0.152901
-0.52388
0.003855
-0.17249
-0.08731
0.981125
-0.99999
0.152901
-0.52388
0.003855
-0.17249
-0.08731
0.981125
-0.99999
0.152901
-0.52388
3
0.003855
-0.17249
-0.08731
0.981125
-0.99998
0.144427
-0.25199
0.003855
-0.17249
-0.08731
0.981125
-0.99998
0.144427
-0.25199
0.003855
-0.17249
-0.08731
0.981125
-0.99998
0.144427
-0.25199
3
0.003855
-0.17249
-0.08731
0.981125
-0.99998
0.144427
-0.25199
0.003855
-0.17249
-0.08731
0.981125
-0.99999
0.152901
-0.52388
0.003855
-0.17249
-0.08731
0.981125
-0.99999
0.152901
-0.52388
2
0.003855
-0.17249
-0.08731
0.981125
-0.99999
0.152901
-0.52388
0.003855
-0.17249
-0.08731
0.981125
-0.99999
0.152901
-0.52388
2
0.003855
-0.17249
-0.08731
0.981125
-0.99999
0.152901
-0.52388
0.003855
-0.17249
-0.08731
0.981125
-0.99999
0.152901
-0.52388
2
0.003855
-0.17249
-0.08731
0.981125
-0.99998
0.144427
-0.25199
0.003855
-0.17249
-0.08731
0.981125
-0.99998
0.144427
-0.25199
tail
False
False
False
False
False
0.0455
0.0455
0.2155
0
0
-0.2
0
0
0
-2
-6
0
None
7
2
-0.08715
0
0
0.996194
-0.16933
0.707781
-1
-0.08715
0
0
0.996194
-0.16933
0.707781
-1
3
-0.08715
0
0
0.996194
-0.16933
0.707781
-1
-0.08715
0
0
0.996194
-0.16933
0.707781
-1
-0.08715
0
0
0.996194
-0.16933
0.707781
-1
3
-0.08715
0
0
0.996194
-0.16933
0.707781
-1
-0.08715
0
0
0.996194
-0.16933
0.707781
-1
-0.08715
0
0
0.996194
-0.16933
0.707781
-1
3
-0.08715
0
0
0.996194
-0.16933
0.707781
-1
-0.08715
0
0
0.996194
-0.16933
0.707781
-1
-0.08715
0
0
0.996194
-0.16933
0.707781
-1
2
-0.08715
0
0
0.996194
-0.16933
0.707781
-1
-0.08715
0
0
0.996194
-0.16933
0.707781
-1
2
-0.99904
0
0
0.043619
-0.16933
0.707781
-1
-0.99904
0
0
0.043619
-0.16933
0.707781
-1
2
-0.08715
0
0
0.996194
-0.16933
0.707781
-1
-0.08715
0
0
0.996194
-0.16933
0.707781
-1
eyebrow
False
True
False
True
False
0.0555
0.0255
0.0255
0
0
0
2
0
-23
12
5
0
None
7
2
0.043619
0
0
0.999048
-0.34322
0.671743
1.000002
0.043619
0
0
0.999048
-0.34322
0.671743
1.000002
3
0.043619
0
0
0.999048
-0.34322
0.671743
1.000002
0.043619
0
0
0.999048
-0.34322
0.671743
1.000002
0.043619
0
0
0.999048
-0.34322
0.671743
1.000002
3
0.043619
0
0
0.999048
-0.34322
0.507448
1.000001
0.043619
0
0
0.999048
-0.34322
0.507448
1.000001
0.043619
0
0
0.999048
-0.34322
0.507448
1.000001
3
0.043619
0
0
0.999048
-0.34322
0.507448
1.000001
0.043619
0
0
0.999048
-0.34322
0.671743
1.000002
0.043619
0
0
0.999048
-0.34322
0.671743
1.000002
2
0.043619
0
0
0.999048
-0.34322
0.671743
1.000002
0.043619
0
0
0.999048
-0.34322
0.671743
1.000002
2
0.043619
0
0
0.999048
-0.34322
0.671743
1.000002
0.043619
0
0
0.999048
-0.34322
0.671743
1.000002
2
0.043619
0
0
0.999048
-0.34322
0.507448
1.000001
0.043619
0
0
0.999048
-0.34322
0.507448
1.000001
