30
0.622118
0.854902
0.854902
0.372549
perk_healing_touch
false
0.303731
yellow
fruit
banana
amarelo
fruta
банан
желтый
фрукты
pisang
kuning
buah
plátano
amarillo
fruta
กล้วย
สีเหลือง
ผลไม้
amarela
желтая
amarilla
F
M
F
желтое
false
?
?
?
?
?
12
torso
False
False
False
False
False
0.151
0.151
0.271
0
0
0
-1
3
1
4
7
0
0
0
0
None
7
2
-0.69465
0
0
0.719339
0
0
0
-0.69465
0
0
0.719339
0
0
0
3
-0.69465
0
0
0.719339
0
0
0
-0.69465
0
0
0.719339
0
0
0
-0.69465
0
0
0.719339
0
0
0
3
-0.69465
0
0
0.719339
0
0
0
-0.69465
0
0
0.719339
0
0
0
-0.69465
0
0
0.719339
0
0
0
3
-0.69465
0
0
0.719339
0
0
0
-0.69465
0
0
0.719339
0
0
0
-0.69465
0
0
0.719339
0
0
0
2
-0.69465
0
0
0.719339
0
0
0.14
-0.69465
0
0
0.719339
0
0
0.14
2
-0.99452
0
0
0.104528
0
-0.06
-0.4
-0.99452
0
0
0.104528
0
-0.08
-0.4
2
-0.69465
0
0
0.719339
0
0
0
-0.69465
0
0
0.719339
0
0
0
neck
False
False
False
True
False
0.141
0.121
0.081000
0
0
0.02
0
1
2
0
0
0
0
None
7
2
0.182235
0
0
0.983254
-0.02271
0.077685
0.999997
0.182235
0
0
0.983254
-0.02271
0.077685
0.999997
3
0.182235
0
0
0.983254
-0.02271
0.077685
0.999997
0.182235
0
0
0.983254
-0.02271
0.077685
0.999997
0.182235
0
0
0.983254
-0.02271
0.077685
0.999997
3
0.182235
0
0
0.983254
-0.02271
0.077685
0.999997
0.182235
0
0
0.983254
-0.02271
0.077685
0.999997
0.182235
0
0
0.983254
-0.02271
0.077685
0.999997
3
0.182235
0
0
0.983254
-0.02271
0.077685
0.999997
0.182235
0
0
0.983254
-0.02271
0.077685
0.999997
0.182235
0
0
0.983254
-0.02271
0.077685
0.999997
2
0.182235
0
0
0.983254
-0.02271
0.077685
0.999997
0.182235
0
0
0.983254
-0.02271
0.077685
0.999997
2
0.182235
0
0
0.983254
-0.02271
0.077685
0.999997
0.182235
0
0
0.983254
-0.02271
0.077685
0.999997
2
0.182235
0
0
0.983254
-0.02271
0.077685
0.999997
0.182235
0
0
0.983254
-0.02271
0.077685
0.999997
head
False
False
False
False
False
0.121
0.131
0.111
0
0.099999
0
1
3
3
6
10
0
0
0
0
None
7
2
0.267238
0
0
0.96363
0
-0.05643
0.999997
0.267238
0
0
0.96363
0
-0.05643
0.999997
3
0.267238
0
0
0.96363
0
-0.05643
0.999997
0.267238
0
0
0.96363
0
-0.05643
0.999997
0.267238
0
0
0.96363
0
-0.05643
0.999997
3
0.267238
0
0
0.96363
0
-0.05643
0.999997
0.267238
0
0
0.96363
0
-0.05643
0.999997
0.267238
0
0
0.96363
0
-0.05643
0.999997
3
0.267238
0
0
0.96363
0
-0.05643
0.999997
0.267238
0
0
0.96363
0
-0.05643
0.999997
0.267238
0
0
0.96363
0
-0.05643
0.999997
2
0.267238
0
0
0.96363
0
-0.05643
0.999997
0.267238
0
0
0.96363
0
-0.05643
0.999997
2
-0.41469
0
0
0.909961
0
-0.05643
0.999997
-0.41469
0
0
0.909961
0
-0.05643
0.999997
2
0.267238
0
0
0.96363
0
-0.05643
0.999997
0.267238
0
0
0.96363
0
-0.05643
0.999997
eyes
True
True
False
True
False
0.06
0.059999
0.05
0
0
0.01
2
0
0
0
0
0
SeriousEye
7
2
0
0
0
1
-0.52637
0.117918
1.000007
0
0
0
1
-0.52637
0.117918
1.000007
3
0
0
0
1
-0.52637
0.117918
1.000007
0
0
0
1
-0.52637
0.117918
1.000007
0
0
0
1
-0.52637
0.117918
1.000007
3
0
0
0
1
-0.52637
0.117918
1.000007
0
0
0
1
-0.52637
0.117918
1.000007
0
0
0
1
-0.52637
0.117918
1.000007
3
0
0
0
1
-0.52637
0.117918
1.000007
0
0
0
1
-0.52637
0.117918
1.000007
0
0
0
1
-0.52637
0.117918
1.000007
2
0
0
0
1
-0.52637
0.117918
1.000007
0
0
0
1
-0.52637
0.117918
1.000007
2
0
0
0
1
-0.52637
0.117918
1.000007
0
0
0
1
-0.52637
0.117918
1.000007
2
0
0
0
1
-0.52637
0.117918
1.000007
0
0
0
1
-0.52637
0.117918
1.000007
tail
False
False
False
False
False
0.141
0.111
0.171
0
0
0.1
0
1
5
0
15
-2
0
None
7
2
-0.45475
-0.02292
-0.00341
-0.89031
0.035809
-0.16839
-1
-0.45475
-0.02292
-0.00341
-0.89031
0.035809
-0.16839
-1
3
-0.45475
-0.02292
-0.00341
-0.89031
0.035809
-0.16839
-1
-0.45475
-0.02292
-0.00341
-0.89031
0.035809
-0.16839
-1
-0.45475
-0.02292
-0.00341
-0.89031
0.035809
-0.16839
-1
3
-0.45475
-0.02292
-0.00341
-0.89031
0.035809
-0.16839
-1
-0.45475
-0.02292
-0.00341
-0.89031
0.035809
-0.16839
-1
-0.45475
-0.02292
-0.00341
-0.89031
0.035809
-0.16839
-1
3
-0.45475
-0.02292
-0.00341
-0.89031
0.035809
-0.16839
-1
-0.45475
-0.02292
-0.00341
-0.89031
0.035809
-0.16839
-1
-0.45475
-0.02292
-0.00341
-0.89031
0.035809
-0.16839
-1
2
-0.20883
-0.02125
-0.00923
-0.97767
0.035809
-0.16839
-1
-0.20883
-0.02125
-0.00923
-0.97767
0.035809
-0.16839
-1
2
0.223915
-0.01975
0.012117
-0.97433
0.035809
-0.16839
-1
0.223915
-0.01975
0.012117
-0.97433
0.035809
-0.16839
-1
2
-0.45475
-0.02292
-0.00341
-0.89031
0.035809
-0.16839
-1
-0.45475
-0.02292
-0.00341
-0.89031
0.035809
-0.16839
-1
tailext
False
False
False
True
False
0.111
0.070999
0.051
0
0
0.06
4
0
0
15
-2
0
None
7
2
-0.04361
0
0
0.999048
0
0
1
-0.04361
0
0
0.999048
0
0
1
3
-0.04361
0
0
0.999048
0
0
1
-0.04361
0
0
0.999048
0
0
1
-0.04361
0
0
0.999048
0
0
1
3
-0.04361
0
0
0.999048
0
0
1
-0.04361
0
0
0.999048
0
0
1
-0.04361
0
0
0.999048
0
0
1
3
-0.04361
0
0
0.999048
0
0
1
-0.04361
0
0
0.999048
0
0
1
-0.04361
0
0
0.999048
0
0
1
2
-0.04361
0
0
0.999048
0
0
1
-0.04361
0
0
0.999048
0
0
1
2
-0.04361
0
0
0.999048
0
0
1
-0.04361
0
0
0.999048
0
0
1
2
-0.04361
0
0
0.999048
0
0
1
-0.04361
0
0
0.999048
0
0
1
hat
False
False
False
True
True
0.101
0.091000
0.081
0
0.06
0
2
0
0
0
0
0
None
7
2
0.173648
0
0
0.984807
-0.00585
1.000002
0.100951
0.173648
0
0
0.984807
-0.00585
1.000002
0.100951
3
0.173648
0
0
0.984807
-0.00585
1.000002
0.100951
0.173648
0
0
0.984807
-0.00585
1.000002
0.100951
0.173648
0
0
0.984807
-0.00585
1.000002
0.100951
3
0.173648
0
0
0.984807
-0.00585
1.000002
0.100951
0.173648
0
0
0.984807
-0.00585
1.000002
0.100951
0.173648
0
0
0.984807
-0.00585
1.000002
0.100951
3
0.173648
0
0
0.984807
-0.00585
1.000002
0.100951
0.173648
0
0
0.984807
-0.00585
1.000002
0.100951
0.173648
0
0
0.984807
-0.00585
1.000002
0.100951
2
0.173648
0
0
0.984807
-0.00585
1.000002
0.100951
0.173648
0
0
0.984807
-0.00585
1.000002
0.100951
2
0.173648
0
0
0.984807
-0.00585
1.000002
0.100951
0.173648
0
0
0.984807
-0.00585
1.000002
0.100951
2
0.173648
0
0
0.984807
-0.00585
1.000002
0.100951
0.173648
0
0
0.984807
-0.00585
1.000002
0.100951
husk
False
True
False
True
False
0.061
0.171
0.151
-0.02
0
-0.02
0
1
8
0
15
-2
0
None
7
2
0
-0.25881
0
0.965925
-1
0
-0.4123
0
-0.25881
0
0.965925
-1
0
-0.4123
3
0
-0.25881
0
0.965925
-1
0
-0.4123
0
-0.25881
0
0.965925
-1
0
-0.4123
0
-0.25881
0
0.965925
-1
0
-0.4123
3
0
-0.25881
0
0.965925
-1
0
-0.4123
0
-0.25881
0
0.965925
-1
0
-0.4123
0
-0.25881
0
0.965925
-1
0
-0.4123
3
0
-0.25881
0
0.965925
-1
0
-0.4123
0
-0.25881
0
0.965925
-1
0
-0.4123
0
-0.25881
0
0.965925
-1
0
-0.4123
2
0
-0.25881
0
0.965925
-1
0
-0.4123
0
-0.25881
0
0.965925
-1
0
-0.4123
2
0
-0.25881
0
0.965925
-1
0
-0.4123
0
-0.25881
0
0.965925
-1
0
-0.4123
2
0
-0.25881
0
0.965925
-1
0
-0.4123
0
-0.25881
0
0.965925
-1
0
-0.4123
husk-cont
False
False
False
True
False
0.031
0.161
0.081
0
0
0.04
7
1
9
0
15
-2
0
None
7
2
0
-0.5
0
0.866025
0
0
0.999997
0
-0.5
0
0.866025
0
0
0.999997
3
0
-0.5
0
0.866025
0
0
0.999997
0
-0.5
0
0.866025
0
0
0.999997
0
-0.5
0
0.866025
0
0
0.999997
3
0
-0.5
0
0.866025
0
0
0.999997
0
-0.5
0
0.866025
0
0
0.999997
0
-0.5
0
0.866025
0
0
0.999997
3
0
-0.5
0
0.866025
0
0
0.999997
0
-0.5
0
0.866025
0
0
0.999997
0
-0.5
0
0.866025
0
0
0.999997
2
0
-0.5
0
0.866025
0
0
0.999997
0
-0.5
0
0.866025
0
0
0.999997
2
0
-0.5
0
0.866025
0
0
0.999997
0
-0.5
0
0.866025
0
0
0.999997
2
0
-0.5
0
0.866025
0
0
0.999997
0
-0.5
0
0.866025
0
0
0.999997
husk-cont2
False
False
False
True
False
0.031000
0.151
0.121
0
0
0.099999
8
0
0
15
-2
0
None
7
2
0.077308
-0.45999
-0.04024
0.883635
0
0
1.00001
0.077308
-0.45999
-0.04024
0.883635
0
0
1.00001
3
0.077308
-0.45999
-0.04024
0.883635
0
0
1.00001
0.077308
-0.45999
-0.04024
0.883635
0
0
1.00001
0.077308
-0.45999
-0.04024
0.883635
0
0
1.00001
3
0.077308
-0.45999
-0.04024
0.883635
0
0
1.00001
0.077308
-0.45999
-0.04024
0.883635
0
0
1.00001
0.077308
-0.45999
-0.04024
0.883635
0
0
1.00001
3
0.077308
-0.45999
-0.04024
0.883635
0
0
1.00001
0.077308
-0.45999
-0.04024
0.883635
0
0
1.00001
0.077308
-0.45999
-0.04024
0.883635
0
0
1.00001
2
0.077308
-0.45999
-0.04024
0.883635
0
0
1.00001
0.077308
-0.45999
-0.04024
0.883635
0
0
1.00001
2
0.077308
-0.45999
-0.04024
0.883635
0
0
1.00001
0.077308
-0.45999
-0.04024
0.883635
0
0
1.00001
2
0.077308
-0.45999
-0.04024
0.883635
0
0
1.00001
0.077308
-0.45999
-0.04024
0.883635
0
0
1.00001
snout
False
False
False
True
False
0.070999
0.041
0.001
0
0
0
2
1
11
0
0
0
0
None
7
2
0
0
0
1
0
-0.58239
1.00001
0
0
0
1
0
-0.58239
1.00001
3
0
0
0
1
0
-0.58239
1.00001
0
0
0
1
0
-0.58239
1.00001
0
0
0
1
0
-0.58239
1.00001
3
0
0
0
1
0
-0.58239
1.00001
0
0
0
1
0
-0.58239
1.00001
0
0
0
1
0
-0.58239
1.00001
3
0
0
0
1
0
-0.58239
1.00001
0
0
0
1
0
-0.58239
1.00001
0
0
0
1
0
-0.58239
1.00001
2
0
0
0
1
0
-0.58239
1.00001
0
0
0
1
0
-0.58239
1.00001
2
0
0
0
1
0
-0.58239
1.00001
0
0
0
1
0
-0.58239
1.00001
2
0
0
0
1
0
-0.58239
1.00001
0
0
0
1
0
-0.58239
1.00001
mouth
True
False
False
True
False
0.07
0
0.05
0
0
0.01
10
0
0
0
0
0
HippoSmile
7
2
0
0
0
1
0
0.006013
1.000027
0
0
0
1
0
0.006013
1.000027
3
0
0
0
1
0
0.006013
1.000027
0
0
0
1
0
0.006013
1.000027
0
0
0
1
0
0.006013
1.000027
3
0
0
0
1
0
0.006013
1.000027
0
0
0
1
0
0.006013
1.000027
0
0
0
1
0
0.006013
1.000027
3
0
0
0
1
0
0.006013
1.000027
0
0
0
1
0
0.006013
1.000027
0
0
0
1
0
0.006013
1.000027
2
0
0
0
1
0
0.006013
1.000027
0
0
0
1
0
0.006013
1.000027
2
0
0
0
1
0
0.006013
1.000027
0
0
0
1
0
0.006013
1.000027
2
0
0
0
1
0
0.006013
1.000027
0
0
0
1
0
0.006013
1.000027
