30
0.417544
0.411764
0.329411
0.243137
perk_vampire
false
0.009618
winged
hawk
morcego
alado
falcão
летучая мышь
крылатый
ястреб
kelelawar
bersayap
elang
murciélago
alado
halcón
ค้างคาวถ้ํา
มีปีก
เหยี่ยว
alada
крылатая
alada
M
M
M
крылатое
false
Fur
Uncooked Meat
Bones
?
?
17
torso
False
False
False
False
False
0.126567
0.126567
0.252236
0
0
0
-1
4
1
5
6
7
0
0
0
0
None
7
2
-0.3746
0
0
0.927183
0
0
0
-0.30901
0
0
0.951056
0
0
0
3
-0.32556
0
0
0.945518
0
0
0
-0.40673
0
0
0.913545
0
0
0
-0.34202
0
0
0.939692
0
0
0
3
-0.37437
0.032358
-0.01307
0.926619
0
0
0
-0.45399
0
0
0.891006
0
0
0
-0.37369
-0.06467
0.026131
0.924925
0
0
0
3
-0.03489
0
0
0.99939
0
-0.09999
-0.24
-0.3746
0
0
0.927183
0
-0.18
0.2
-0.12186
0
0
0.992546
0
-0.24
0.34
2
-0.45399
0
0
0.891006
0
0.06
0.22
-0.45399
0
0
0.891006
0
0.06
0.22
2
-0.99996
0
0
0.008726
0
-0.2
-0.55999
-0.99996
0
0
0.008726
0
-0.22
-0.55999
2
-0.52991
0
0
0.848048
0
0
0
-0.60181
0
0
0.798635
0
0
0
neck
False
False
False
True
False
0.144519
0.14452
0.099638
0
0
0
0
1
2
0
0
0
0
None
7
2
0.104528
0
0
0.994522
0
0.10216
1.000006
0.207911
0
0
0.978147
0
0.10216
1.000006
3
0.104528
0
0
0.994522
0
0.10216
1.000006
0.104528
0
0
0.994522
0
0.10216
1.000006
0.104528
0
0
0.994522
0
0.10216
1.000006
3
0.104528
0
0
0.994522
0
0.10216
1.000006
0.104528
0
0
0.994522
0
0.10216
1.000006
0.104528
0
0
0.994522
0
0.10216
1.000006
3
0.190809
0
0
0.981627
0
0.10216
1.000006
0.233445
0
0
0.972369
0
0.10216
1.000006
0.233445
0
0
0.972369
0
0.10216
1.000006
2
0.275637
0
0
0.961261
0
0.10216
1.000006
0.275637
0
0
0.961261
0
0.10216
1.000006
2
0.104528
0
0
0.994522
0
0.10216
1.000006
0.104528
0
0
0.994522
0
0.10216
1.000006
2
0.104528
0
0
0.994522
0
0.10216
1.000006
0.275637
0
0
0.961261
0
-0.74376
1.000003
head
False
False
False
False
False
0.126567
0.11759
0.090661
0
0
0
1
3
3
4
12
0
0
0
0
None
7
2
-0.25881
0
0
0.965925
0
-0.01016
0.999999
-0.12186
0
0
0.992546
0
-0.01016
0.999999
3
-0.25881
0
0
0.965925
0
-0.01016
0.999999
-0.25881
0
0
0.965925
0
-0.01016
0.999999
-0.25881
0
0
0.965925
0
-0.01016
0.999999
3
-0.25881
0
0
0.965925
0
-0.01016
0.999999
-0.25881
0
0
0.965925
0
-0.01016
0.999999
-0.25881
0
0
0.965925
0
-0.01016
0.999999
3
0.422618
0
0
0.906307
0
-0.01016
0.999999
-0.25881
0
0
0.965925
0
-0.01016
0.999999
-0.25881
0
0
0.965925
0
-0.01016
0.999999
2
-0.25881
0
0
0.965925
0
-0.01016
0.999999
-0.25881
0
0
0.965925
0
-0.01016
0.999999
2
-0.99619
0
0
0.087155
0
-0.01016
0.999999
-0.99619
0
0
0.087155
0
-0.01016
0.999999
2
-0.25881
0
0
0.965925
0
-0.01016
0.999999
-0.25881
0
0
0.965925
0
-0.01016
0.999999
snout
False
False
False
True
False
0.081685
0.063732
0.036803
0
0
0.02
2
1
16
0
0
-1
0
None
7
2
0.173585
-0.00241
0
0.984815
0.026195
-0.41636
1.000007
0.173585
-0.00241
0
0.984815
0.026195
-0.41636
1.000007
3
0.173585
-0.00241
0
0.984815
0.026195
-0.41636
1.000007
0.173585
-0.00241
0
0.984815
0.026195
-0.41636
1.000007
0.173585
-0.00241
0
0.984815
0.026195
-0.41636
1.000007
3
0.173585
-0.00241
0
0.984815
0.026195
-0.41636
1.000007
0.173585
-0.00241
0
0.984815
0.026195
-0.41636
1.000007
0.173585
-0.00241
0
0.984815
0.026195
-0.41636
1.000007
3
0.173585
-0.00241
0
0.984815
0.026195
-0.41636
1.000007
0.173585
-0.00241
0
0.984815
0.026195
-0.41636
1.000007
0.173585
-0.00241
0
0.984815
0.026195
-0.41636
1.000007
2
0.173585
-0.00241
0
0.984815
0.026195
-0.41636
1.000007
0.173585
-0.00241
0
0.984815
0.026195
-0.41636
1.000007
2
0.173585
-0.00241
0
0.984815
0.026195
-0.41636
1.000007
0.173585
-0.00241
0
0.984815
0.026195
-0.41636
1.000007
2
0.173585
-0.00241
0
0.984815
0.026195
-0.41636
1.000007
0.173585
-0.00241
0
0.984815
0.026195
-0.41636
1.000007
eyes
True
True
False
True
False
0.071811
0.071811
0.044881
0
0
0.01
2
0
0
0
0
0
RegularEye
7
2
0
0
0
1
-0.66479
0.246683
0.999996
0
0
0
1
-0.66479
0.246683
0.999996
3
0
0
0
1
-0.66479
0.246683
0.999996
0
0
0
1
-0.66479
0.246683
0.999996
0
0
0
1
-0.66479
0.246683
0.999996
3
0
0
0
1
-0.66479
0.246683
0.999996
0
0
0
1
-0.66479
0.246683
0.999996
0
0
0
1
-0.66479
0.246683
0.999996
3
0
0
0
1
-0.66479
0.246683
0.999996
0
0
0
1
-0.66479
0.246683
0.999996
0
0
0
1
-0.66479
0.246683
0.999996
2
0
0
0
1
-0.66479
0.246683
0.999996
0
0
0
1
-0.66479
0.246683
0.999996
2
0
0
0
1
-0.66479
0.246683
0.999996
0
0
0
1
-0.66479
0.246683
0.999996
2
0
0
0
1
-0.66479
0.246683
0.999996
0
0
0
1
-0.66479
0.246683
0.999996
shoulder
False
True
False
False
False
0.01885
0.027827
0.090662
0
0
-0.09999
0
2
8
13
0
0
-7
0
None
7
2
-0.62819
0.319912
-0.56656
0.426655
-0.99999
0.736153
0.722719
-0.53182
0.382717
-0.65786
0.371357
-0.99999
0.736153
0.722719
3
-0.56552
0.362757
-0.62912
0.390878
-0.99999
0.736153
0.722719
-0.39653
0.446543
-0.74725
0.291508
-0.99999
0.736153
0.722719
-0.62819
0.319912
-0.56656
0.426655
-0.99999
0.736153
0.722719
3
-0.68397
0.273561
-0.49779
0.457758
-0.99999
0.736153
0.722719
-0.59768
0.341803
-0.59866
0.409328
-0.99999
0.736153
0.722719
-0.62819
0.319912
-0.56656
0.426655
-0.99999
0.736153
0.722719
3
-0.72007
0.189716
-0.43442
0.506724
-0.99999
0.736153
0.722719
-0.74364
0.512374
-0.40101
0.153779
-0.99999
0.353721
0.829506
-0.74364
0.512374
-0.40101
0.153779
-0.99999
0.353721
0.829506
2
-0.62819
0.319912
-0.56656
0.426655
-0.99999
0.736153
0.722719
-0.56861
0.393435
-0.63169
0.350493
-0.99999
0.736153
0.722719
2
-0.61577
-0.42297
-0.49439
-0.44438
-0.99999
0.736153
0.722719
-0.61577
-0.42297
-0.49439
-0.44438
-0.99999
0.736153
0.722719
2
-0.45846
0.62473
-0.60621
0.178945
-0.99999
0.736153
0.722719
-0.37625
0.516451
-0.74486
0.192069
-0.99999
0.736153
0.722719
hip
False
True
True
False
False
0.045779
0.090661
0.099638
0
0
0
0
1
10
0
0
-5
0
None
7
2
-0.55919
0
0
0.829037
-1
-0.47916
-0.71995
-0.55919
0
0
0.829037
-1
-0.47916
-0.71995
3
-0.55919
0
0
0.829037
-1
-0.47916
-0.71995
-0.76604
0
0
0.642787
-0.99999
-0.72705
-0.54044
-0.82903
0
0
0.559193
-0.99999
-0.83497
-0.71994
3
-0.55502
0.101034
-0.06814
0.822858
-1
-0.47916
-0.71995
-0.55919
0
0
0.829037
-1
-0.30987
-0.52186
-0.55502
-0.10103
0.068148
0.822858
-1
-0.47916
-0.71995
3
-0.55919
0
0
0.829037
-1
-0.47916
-0.71995
-0.55919
0
0
0.829037
-1
-0.47916
-0.71995
-0.44619
0
0
0.894934
-1
-0.47916
-0.71995
2
-0.99813
0
0
0.061048
-1
-0.47916
-0.71995
-0.99813
0
0
0.061048
-1
-0.47916
-0.71995
2
-0.97029
0
0
-0.24192
-1
-0.47916
-0.71995
-0.97029
0
0
-0.24192
-1
-0.47916
-0.71995
2
-0.55919
0
0
0.829037
-1
-0.47916
-0.71995
-0.55919
0
0
0.829037
-1
-0.47916
-0.71995
tail
False
False
False
False
False
0.11759
0.01885
0.11759
0
0
0.099999
0
0
0
0
-7
0
None
7
2
-0.99452
0
0
-0.10452
0.035805
0.818937
-0.99999
-0.99452
0
0
-0.10452
0.035805
0.818937
-0.99999
3
-0.99452
0
0
-0.10452
0.035805
0.818937
-0.99999
-0.99452
0
0
-0.10452
0.035805
0.818937
-0.99999
-0.99452
0
0
-0.10452
0.035805
0.818937
-0.99999
3
-0.99452
0
0
-0.10452
0.035805
0.818937
-0.99999
-0.99452
0
0
-0.10452
0.035805
0.818937
-0.99999
-0.99452
0
0
-0.10452
0.035805
0.818937
-0.99999
3
-0.99452
0
0
-0.10452
0.035805
0.818937
-0.99999
-0.99452
0
0
-0.10452
0.035805
0.818937
-0.99999
-0.99452
0
0
-0.10452
0.035805
0.818937
-0.99999
2
-0.99452
0
0
-0.10452
0.035805
0.818937
-0.99999
-0.99452
0
0
-0.10452
0.035805
0.818937
-0.99999
2
-0.24192
0
0
-0.97029
0.035805
0.818937
-0.99999
-0.24192
0
0
-0.97029
0.035805
0.818937
-0.99999
2
-0.99452
0
0
-0.10452
0.035805
0.818937
-0.99999
-0.99452
0
0
-0.10452
0.035805
0.818937
-0.99999
arm
False
False
False
False
False
0.01885
0.01885
0.234283
0
0
-0.24
5
2
9
14
0
0
-7
0
None
7
2
-0.79708
0.321779
-0.18768
0.475285
-0.44363
0
-1
-0.31667
0.573651
-0.75516
0.01904
-0.44363
0
-1
3
-0.43091
0.56361
-0.69633
0.108545
-0.44363
0
-1
-0.35576
0.571868
-0.73755
0.049037
-0.44363
0
-1
-0.79708
0.321779
-0.18768
0.475285
-0.44363
0
-1
3
-0.78204
0.354149
-0.24282
0.451681
-0.44363
0
-1
-0.7632
0.384794
-0.29678
0.425877
-0.44363
0
-1
-0.79708
0.321779
-0.18768
0.475285
-0.44363
0
-1
3
-0.38031
0.155937
-0.3383
0.846518
-0.44363
0
-1
-0.72018
0.242833
-0.54918
-0.34749
-0.44363
0
-1
-0.88838
0.377151
0.234814
-0.11571
-0.44363
0
-1
2
-0.79708
0.321779
-0.18768
0.475285
-0.44363
0
-1
-0.72134
0.433828
-0.38758
0.375808
-0.44363
0
-1
2
-0.71924
-0.0663
-0.36656
-0.58645
-0.44363
0
-1
-0.71924
-0.0663
-0.36656
-0.58645
-0.44363
0
-1
2
0.082165
0.493775
-0.84926
-0.16789
-0.44363
0
-1
0.067219
0.417878
-0.88906
-0.17441
-0.44363
0
-1
hand
False
False
False
False
False
0.01885
0.01885
0.11759
0.02
-0.02
0.099999
8
1
15
0
0
-7
0
None
7
2
-0.05831
-0.66658
0.064769
0.740317
-0.34451
0.157347
-1
-0.40454
-0.50475
0.049744
0.760977
-0.34451
0.157347
-1
3
-0.27087
-0.61559
0.016787
0.739854
-0.34451
0.157347
-1
-0.30669
-0.60516
0.006619
0.73462
-0.34451
0.157347
-1
-0.05831
-0.66658
0.064769
0.740317
-0.34451
0.157347
-1
3
0.055257
-0.69703
0.179935
0.691889
-0.34451
0.157347
-1
0.044254
-0.67598
0.162425
0.717425
-0.34451
0.157347
-1
-0.05831
-0.66658
0.064769
0.740317
-0.34451
0.157347
-1
3
0.011895
-0.89665
0.096583
0.431896
-0.34451
0.157347
-1
0.053776
0.059795
0.607621
0.790144
-0.34451
0.157347
-1
0.053776
0.059795
0.607621
0.790144
-0.34451
0.157347
-1
2
-0.05831
-0.66658
0.064769
0.740317
-0.34451
0.157347
-1
-0.05831
-0.66658
0.064769
0.740317
-0.34451
0.157347
-1
2
-0.71561
-0.16712
0.648536
0.198401
-0.34451
0.157347
-1
-0.71561
-0.16712
0.648536
0.198401
-0.34451
0.157347
-1
2
-0.6956
-0.34041
-0.57675
0.260016
-0.34451
0.157347
-1
-0.83226
-0.36173
-0.41015
0.090861
-0.34451
0.157347
-1
leg
False
False
True
False
False
0.027826
0.036803
0.063732
0
0
-0.06
6
1
11
0
-4
5
0
None
7
2
-0.62932
0
0
0.777146
-0.33145
0
-1
-0.62932
0
0
0.777146
-0.33145
0
-1
3
-0.62932
0
0
0.777146
-0.33145
0
-1
-0.96592
0
0
0.258819
-0.33143
-0.15626
-1
-0.84804
0
0
0.529919
-0.33134
-0.12075
-1
3
-0.62932
0
0
0.777146
-0.33145
0
-1
-0.62932
0
0
0.777146
-0.33145
0
-1
-0.61775
-0.14828
0.12008
0.762867
-0.33145
0
-1
3
-0.62932
0
0
0.777146
-0.33145
0
-1
-0.62932
0
0
0.777146
-0.33145
0
-1
-0.3665
0
0
0.930417
-0.33145
0
-1
2
-0.99813
0
0
0.061048
-0.33145
0
-1
-0.99813
0
0
0.061048
-0.33145
0
-1
2
-0.94551
0
0
-0.32556
-0.33145
0
-1
-0.94551
0
0
-0.32556
-0.33145
0
-1
2
-0.62932
0
0
0.777146
-0.33145
0
-1
-0.62932
0
0
0.777146
-0.33145
0
-1
foot
False
False
True
False
False
0.027826
0.036803
0.036803
0
0
0
10
0
0
0
-7
0
None
7
2
0
0
0
1
-0.07332
0
-0.99999
0
0
0
1
-0.07332
0
-0.99999
3
0
0
0
1
-0.07332
0
-0.99999
0
0
0
1
-0.07332
0
-0.99999
0
0
0
1
-0.07332
0
-0.99999
3
0
0
0
1
-0.07332
0
-0.99999
0
0
0
1
-0.07332
0
-0.99999
0
0
0
1
-0.07332
0
-0.99999
3
0
0
0
1
-0.07332
0
-0.99999
0
0
0
1
-0.07332
0
-0.99999
0
0
0
1
-0.07332
0
-0.99999
2
-0.64278
0
0
0.766044
-0.07332
0
-0.99999
-0.64278
0
0
0.766044
-0.07332
0
-0.99999
2
-0.93969
0
0
0.34202
-0.07332
0
-0.99999
-0.93969
0
0
0.34202
-0.07332
0
-0.99999
2
0
0
0
1
-0.07332
0
-0.99999
0
0
0
1
-0.07332
0
-0.99999
ear
False
True
False
True
True
0.153496
0.072708
0.01885
-0.09999
0
0
2
0
0
0
0
0
None
7
2
0.224557
-0.24697
-0.62197
0.708327
-0.99999
0.475953
0.258748
0.224557
-0.24697
-0.62197
0.708327
-0.99999
0.475953
0.258748
3
0.224557
-0.24697
-0.62197
0.708327
-0.99999
0.475953
0.258748
0.224557
-0.24697
-0.62197
0.708327
-0.99999
0.475953
0.258748
0.224557
-0.24697
-0.62197
0.708327
-0.99999
0.634503
0.258721
3
0.224557
-0.24697
-0.62197
0.708327
-0.99999
0.475953
0.258748
0.224557
-0.24697
-0.62197
0.708327
-0.99999
0.475953
0.258748
0.224557
-0.24697
-0.62197
0.708327
-0.99999
0.475953
0.258748
3
0.224557
-0.24697
-0.62197
0.708327
-0.99999
0.475953
0.258748
0.224557
-0.24697
-0.62197
0.708327
-0.99999
0.475953
0.258748
0.224557
-0.24697
-0.62197
0.708327
-0.99999
0.475953
0.258748
2
0.224557
-0.24697
-0.62197
0.708327
-0.99999
0.475953
0.258748
0.224557
-0.24697
-0.62197
0.708327
-0.99999
0.475953
0.258748
2
0.224557
-0.24697
-0.62197
0.708327
-0.99999
0.475953
0.258748
0.224557
-0.24697
-0.62197
0.708327
-0.99999
0.475953
0.258748
2
0.224557
-0.24697
-0.62197
0.708327
-0.99999
0.475953
0.258748
0.224557
-0.24697
-0.62197
0.708327
-0.99999
0.475953
0.258748
batwingsh
False
False
False
True
False
0.009874
0.108614
0.207354
0
0.12
0
5
0
0
-6
5
0
None
7
2
-0.01738
0.087142
-0.00152
0.996043
-0.50628
1.00002
-0.01288
-0.01738
0.087142
-0.00152
0.996043
-0.50628
1.00002
-0.01288
3
-0.01738
0.087142
-0.00152
0.996043
-0.50628
1.00002
-0.01288
-0.01738
0.087142
-0.00152
0.996043
-0.50628
1.00002
-0.01288
-0.01738
0.087142
-0.00152
0.996043
-0.50628
1.00002
-0.01288
3
-0.01738
0.087142
-0.00152
0.996043
-0.50628
1.00002
-0.01288
-0.01738
0.087142
-0.00152
0.996043
-0.50628
1.00002
-0.01288
-0.01738
0.087142
-0.00152
0.996043
-0.50628
1.00002
-0.01288
3
-0.01738
0.087142
-0.00152
0.996043
-0.50628
1.00002
-0.01288
-0.01738
0.087142
-0.00152
0.996043
-0.50628
1.00002
-0.01288
-0.01738
0.087142
-0.00152
0.996043
-0.50628
1.00002
-0.01288
2
-0.01738
0.087142
-0.00152
0.996043
-0.50628
1.00002
-0.01288
-0.01738
0.087142
-0.00152
0.996043
-0.50628
1.00002
-0.01288
2
-0.01738
0.087142
-0.00152
0.996043
-0.50628
1.00002
-0.01288
-0.01738
0.087142
-0.00152
0.996043
-0.50628
1.00002
-0.01288
2
-0.01738
0.087142
-0.00152
0.996043
-0.50628
1.00002
-0.01288
-0.01738
0.087142
-0.00152
0.996043
-0.50628
1.00002
-0.01288
batwing
False
False
False
True
False
0.009874
0.14452
0.225307
0
0.16
0
8
0
0
-6
5
0
None
7
2
0
0
0
1
-0.71308
0.999987
-0.05012
0
0
0
1
-0.71308
0.999987
-0.05012
3
0
0
0
1
-0.71308
0.999987
-0.05012
0
0
0
1
-0.71308
0.999987
-0.05012
0
0
0
1
-0.71308
0.999987
-0.05012
3
0
0
0
1
-0.71308
0.999987
-0.05012
0
0
0
1
-0.71308
0.999987
-0.05012
0
0
0
1
-0.71308
0.999987
-0.05012
3
0
0
0
1
-0.71308
0.999987
-0.05012
0
0
0
1
-0.71308
0.999987
-0.05012
0
0
0
1
-0.71308
0.999987
-0.05012
2
0
0
0
1
-0.71308
0.999987
-0.05012
0
0
0
1
-0.71308
0.999987
-0.05012
2
0
0
0
1
-0.71308
0.999987
-0.05012
0
0
0
1
-0.71308
0.999987
-0.05012
2
0
0
0
1
-0.71308
0.999987
-0.05012
0
0
0
1
-0.71308
0.999987
-0.05012
batwingtip
False
False
False
True
False
0.153496
0.009873
0.11759
-0.16
0
0
9
0
0
-6
5
0
None
7
2
0
0
0
1
-1
0.65186
-0.03399
0
0
0
1
-1
0.65186
-0.03399
3
0
0
0
1
-1
0.65186
-0.03399
0
0
0
1
-1
0.65186
-0.03399
0
0
0
1
-1
0.65186
-0.03399
3
0
0
0
1
-1
0.65186
-0.03399
0
0
0
1
-1
0.65186
-0.03399
0
0
0
1
-1
0.65186
-0.03399
3
0
0
0
1
-1
0.65186
-0.03399
0
0
0
1
-1
0.65186
-0.03399
0
0
0
1
-1
0.65186
-0.03399
2
0
0
0
1
-1
0.65186
-0.03399
0
0
0
1
-1
0.65186
-0.03399
2
0
0
0
1
-1
0.65186
-0.03399
0
0
0
1
-1
0.65186
-0.03399
2
0
0
0
1
-1
0.65186
-0.03399
0
0
0
1
-1
0.65186
-0.03399
mouth
True
False
False
True
False
0.044881
0.089762
0.044881
0
0
0.01
3
0
0
0
0
0
AngryMouth
7
2
0
0
0
1
0
0
1.00005
0
0
0
1
0
0
1.00005
3
0
0
0
1
0
0
1.00005
0
0
0
1
0
0
1.00005
0
0
0
1
0
0
1.00005
3
0
0
0
1
0
0
1.00005
0
0
0
1
0
0
1.00005
0
0
0
1
0
0
1.00005
3
0
0
0
1
0
0
1.00005
0
0
0
1
0
0
1.00005
0
0
0
1
0
0
1.00005
2
0
0
0
1
0
0
1.00005
0
0
0
1
0
0
1.00005
2
0
0
0
1
0
0
1.00005
0
0
0
1
0
0
1.00005
2
0
0
0
1
0
0
1.00005
0
0
0
1
0
0
1.00005
