30
0.481604
0.352941
0.290196
0.215686
perk_rage
false
0.919546
russian
grizzly
urso
russo
urso-pardo
нести
русский
гризли
beruang
rusia
grizzly
oso
ruso
grizzly
หมี
รัสเซีย
กริซลี่
russa
русская
rusa
M
M
M
pусское
false
Sharp Tooth
Fur
Uncooked Meat
Bones
?
17
torso
False
False
False
False
False
0.221
0.211
0.361
0
0
0
-1
3
1
5
6
0
0
0
0
None
7
2
0.034899
0
0
0.99939
0
0
0
0.034899
0
0
0.99939
0
0.04
0
3
0.104528
0
0
0.994522
0
0
0
-0.03489
0
0
0.99939
0
0
0
0.034899
0
0
0.99939
0
0
0
3
0.034878
0.034878
0.001217
0.998782
0
0
0
0.034878
0.034878
0.001217
0.998782
0
0
0
0.034851
-0.0523
-0.00182
0.998021
0
0
0
3
0.165047
0
0
0.986285
0
-0.14
-0.2
-0.05233
0
0
0.998629
0
0
0.22
0.078459
0
0
0.996917
0
0
0.32
2
-0.46947
0
0
0.882947
0
0
0.26
-0.50753
0
0
0.861629
0
0
0.26
2
-0.99939
0
0
0.034899
0
-0.3
-0.58
-0.99939
0
0
0.034899
0
-0.32
-0.58
2
-0.22495
0
0
0.97437
0
0
0
-0.3502
0
0
0.936672
0
0
0
neck
False
False
False
True
False
0.121
0.181
0.101
0
0
0
0
1
2
0
3
-5
0
None
7
2
-0.13917
0
0
0.990268
0.071318
0.408068
1.000001
-0.03489
0
0
0.99939
0.071318
0.326764
1.000001
3
-0.13917
0
0
0.990268
0.071318
0.408068
1.000001
-0.13917
0
0
0.990268
0.071318
0.408068
1.000001
-0.13917
0
0
0.990268
0.071318
0.408068
1.000001
3
-0.13917
0
0
0.990268
0.071318
0.408068
1.000001
-0.13917
0
0
0.990268
0.071318
0.408068
1.000001
-0.13917
0
0
0.990268
0.071318
0.408068
1.000001
3
0.121869
0
0
0.992546
0.071316
0.216426
0.999999
-0.13917
0
0
0.990268
0.071318
0.408068
1.000001
0.165047
0
0
0.986285
0.071318
0.408068
1.000001
2
0.121869
0
0
0.992546
0.07132
-0.26504
1.000001
0.121869
0
0
0.992546
0.07132
-0.26504
1.000001
2
-0.13917
0
0
0.990268
0.071318
0.408068
1.000001
-0.13917
0
0
0.990268
0.071318
0.408068
1.000001
2
-0.13917
0
0
0.990268
0.071318
0.408068
1.000001
0.165047
0
0
0.986285
0.071318
-0.11967
1.000001
head
False
False
False
False
False
0.161
0.131
0.101
0
0
0
1
3
3
4
11
0
2
-5
0
None
7
2
0.104528
0
0
0.994522
0
-0.04072
0.999998
0.156434
0
0
0.987688
0
-0.04072
0.999998
3
0.104528
0
0
0.994522
0
-0.14092
1.000005
0.104528
0
0
0.994522
0
-0.04072
0.999998
0.104528
0
0
0.994522
0
-0.04072
0.999998
3
0.104528
0
0
0.994522
0
-0.04072
0.999998
0.104528
0
0
0.994522
0
-0.04072
0.999998
0.104528
0
0
0.994522
0
-0.04072
0.999998
3
0.190809
0
0
0.981627
0
-0.04072
0.999998
-0.06975
0
0
0.997564
0
0.09871
1.000004
-0.06975
0
0
0.997564
0
0.09871
1.000004
2
0.104528
0
0
0.994522
0
-0.43549
1.000001
0.104528
0
0
0.994522
0
-0.43549
1.000001
2
-0.99452
0
0
0.104528
0
-0.04072
0.999998
-0.99452
0
0
0.104528
0
-0.04072
0.999998
2
0.104528
0
0
0.994522
0
-0.04072
0.999998
0.104528
0
0
0.994522
0
-0.04072
0.999998
snout
False
False
False
True
False
0.051
0.081
0.101
0
0
0.02
2
2
15
16
5
0
3
0
None
7
2
0.173585
-0.00241
0
0.984815
0.026195
-0.41636
1.000007
0.173585
-0.00241
0
0.984815
0.026195
-0.41636
1.000007
3
0.173585
-0.00241
0
0.984815
0.026195
-0.41636
1.000007
0.173585
-0.00241
0
0.984815
0.026195
-0.41636
1.000007
0.173585
-0.00241
0
0.984815
0.026195
-0.41636
1.000007
3
0.173585
-0.00241
0
0.984815
0.026195
-0.41636
1.000007
0.173585
-0.00241
0
0.984815
0.026195
-0.41636
1.000007
0.173585
-0.00241
0
0.984815
0.026195
-0.41636
1.000007
3
0.173585
-0.00241
0
0.984815
0.026195
-0.41636
1.000007
0.173585
-0.00241
0
0.984815
0.026195
-0.41636
1.000007
0.173585
-0.00241
0
0.984815
0.026195
-0.41636
1.000007
2
0.173585
-0.00241
0
0.984815
0.026195
-0.41636
1.000007
0.173585
-0.00241
0
0.984815
0.026195
-0.41636
1.000007
2
0.173585
-0.00241
0
0.984815
0.026195
-0.41636
1.000007
0.173585
-0.00241
0
0.984815
0.026195
-0.41636
1.000007
2
0.173585
-0.00241
0
0.984815
0.026195
-0.41636
1.000007
0.173585
-0.00241
0
0.984815
0.026195
-0.41636
1.000007
eyes
True
True
False
True
False
0.06
0.06
0.05
0
0
0.01
2
0
0
0
0
0
SeriousEye
7
2
0
0
0
1
-0.80001
0.131735
1.000001
0
0
0
1
-0.80001
0.131735
1.000001
3
0
0
0
1
-0.80001
0.131735
1.000001
0
0
0
1
-0.80001
0.131735
1.000001
0
0
0
1
-0.80001
0.131735
1.000001
3
0
0
0
1
-0.80001
0.131735
1.000001
0
0
0
1
-0.80001
0.131735
1.000001
0
0
0
1
-0.80001
0.131735
1.000001
3
0
0
0
1
-0.80001
0.131735
1.000001
0
0
0
1
-0.80001
0.131735
1.000001
0
0
0
1
-0.80001
0.131735
1.000001
2
0
0
0
1
-0.80002
0.140558
0.999992
0
0
0
1
-0.80002
0.140558
0.999992
2
0
0
0
1
-0.80001
0.131735
1.000001
0
0
0
1
-0.80001
0.131735
1.000001
2
0
0
0
1
-0.80001
0.131735
1.000001
0
0
0
1
-0.80001
0.131735
1.000001
shoulder
False
True
True
False
False
0.090999
0.151
0.201
0.02
0
0
0
1
7
0
3
-4
0
None
7
2
-0.64278
0
0
0.766044
-0.99999
0.307165
0.56282
-0.58778
0
0
0.809017
-1
0.12141
0.586993
3
-0.64278
0
0
0.766044
-1
-0.13002
0.517204
-0.6736
0.114408
-0.10668
0.722349
-1
0.176542
0.651799
-0.77418
0.054848
-0.06773
0.626925
-1
-0.02305
0.719188
3
-0.63097
0.146168
-0.12264
0.75197
-0.99999
-0.01533
0.562818
-0.64278
0
0
0.766044
-1
0.312368
0.562819
-0.64034
-0.06676
0.056022
0.763129
-1
-0.05011
0.562823
3
-0.62755
0.165802
-0.13912
0.747886
-0.99999
0.307165
0.56282
-0.86602
0
0
-0.5
-1
0.274502
0.90064
-0.88701
0
0
0.461748
-0.99999
0.307165
0.56282
2
-0.60644
-0.06425
0.058881
0.790334
-0.99999
-0.49079
0.620754
-0.64034
-0.06676
0.056022
0.763129
-0.99999
-0.49079
0.620754
2
-0.76604
0
0
-0.64278
-0.99999
0.307165
0.56282
-0.76604
0
0
-0.64278
-0.99999
0.307165
0.56282
2
-0.70441
0.061628
0.061628
-0.70441
-0.99999
0.307165
0.56282
-0.49809
0.043577
0.075479
-0.86272
-0.99999
0.307165
0.56282
hip
False
True
True
False
False
0.061
0.131
0.201
0
0
0
0
1
9
0
3
-4
0
None
7
2
-0.55919
0
0
0.829037
-1
-0.14948
-0.78712
-0.55919
0
0
0.829037
-0.99999
-0.43388
-0.79279
3
-0.69465
0
0
0.719339
-0.99999
-0.47809
-0.67812
-0.77714
0
0
0.62932
-1
-0.54642
-0.66869
-0.55919
0
0
0.829037
-1
-0.631
-0.87839
3
-0.55502
0.101034
-0.06814
0.822858
-0.99999
-0.51534
-0.78712
-0.55919
0
0
0.829037
-1
-0.01214
-0.78712
-0.55502
-0.10103
0.068148
0.822858
-1
-0.4959
-0.78712
3
-0.55919
0
0
0.829037
-1
-0.37534
-0.78713
-0.40673
0
0
0.913545
-1
-0.39412
-0.78713
-0.40673
0
0
0.913545
-1
-0.39412
-0.78713
2
-0.97948
0.029402
-0.17101
0.102448
-1
-0.14948
-0.78712
-0.97948
0.029402
-0.17101
0.102448
-1
-0.14948
-0.78712
2
-0.82903
0
0
-0.55919
-1
-0.14948
-0.78712
-0.82903
0
0
-0.55919
-1
-0.14948
-0.78712
2
-0.55919
0
0
0.829037
-1
-0.14948
-0.78712
-0.55919
0
0
0.829037
-1
-0.14948
-0.78712
arm
False
False
True
False
False
0.061
0.081
0.171
0
0
-0.12
5
1
8
0
3
-7
0
None
7
2
-0.69465
0
0
0.719339
-0.32444
0.235457
-0.99999
-0.73135
0
0
0.681998
-0.32441
0.134849
-1
3
-0.54463
0
0
0.83867
-0.32445
0.40435
-1
-0.91822
0.130327
-0.04872
0.370825
-0.21484
0.087082
-1
-0.83547
0.074707
-0.04488
0.542566
-0.09787
-0.02939
-1
3
-0.68948
0.087665
-0.08465
0.713977
-0.32444
0.235457
-0.99999
-0.61566
0
0
0.78801
-0.32444
0.235457
-0.99999
-0.69201
-0.06269
0.060543
0.716602
-0.32444
0.235457
-0.99999
3
-0.91357
0.031942
0.081091
0.397231
-0.32444
0.235457
-0.99999
-0.91354
0
0
-0.40673
-0.32444
0.235457
-0.99999
-0.89879
0
0
0.43837
-0.32444
0.235457
-0.99999
2
-0.69465
0
0
0.719339
-0.32444
0.235457
-0.99999
-0.69465
0
0
0.719339
-0.32444
0.235457
-0.99999
2
-0.71933
0
0
-0.69465
-0.32444
0.235457
-0.99999
-0.71933
0
0
-0.69465
-0.32444
0.235457
-0.99999
2
-0.69482
0.17979
0.186178
-0.67098
-0.32444
0.235457
-0.99999
-0.4609
0.115484
0.231626
-0.84887
-0.32444
0.235457
-0.99999
hand
False
False
True
False
False
0.070999
0.031
0.111
0
-0.02
0
7
3
12
13
14
0
3
-6
0
None
7
2
0
0
0
1
0.191397
-0.32422
-1.00001
0
0
0
1
0.191397
-0.32422
-1.00001
3
0
0
0
1
0.191397
-0.32422
-1.00001
0.156434
0
0
0.987688
0.339631
-0.02629
-1
0.156434
0
0
0.987688
0.191397
-0.32422
-1.00001
3
0
0
0
1
0.191397
-0.32422
-1.00001
0
0
0
1
0.191397
-0.32422
-1.00001
0
0
0
1
0.191397
-0.32422
-1.00001
3
0
0
0
1
0.191397
-0.32422
-1.00001
0.216439
0
0
0.976296
0.191397
-0.32422
-1.00001
0.216439
0
0
0.976296
0.191397
-0.32422
-1.00001
2
0.087155
0
0
0.996194
0.191397
-0.32422
-1.00001
0.087155
0
0
0.996194
0.191397
-0.32422
-1.00001
2
-1
0
0
0
0.191397
-0.32422
-1.00001
-1
0
0
0
0.191397
-0.32422
-1.00001
2
-0.98106
0.172987
-0.08583
0.015134
0.191397
-0.32422
-1.00001
-0.98106
0.172987
-0.08583
0.015134
0.191397
-0.32422
-1.00001
leg
False
False
True
False
False
0.070999
0.061000
0.131
0
0
-0.1
6
1
10
0
3
-7
0
None
7
2
-0.62932
0
0
0.777146
0.185354
0
-1
-0.62932
0
0
0.777146
0.185354
0
-1
3
-0.73135
0
0
0.681998
0.231598
-0.08073
-1
-0.83867
0
0
0.544639
0.18531
-0.35486
-1.00001
-0.62932
0
0
0.777146
0.185354
0
-1
3
-0.62319
0.108157
-0.08758
0.769582
0.185354
0
-1
-0.5
0
0
0.866025
0.185354
0
-1
-0.62319
-0.10815
0.087584
0.769582
0.185354
0
-1
3
-0.62932
0
0
0.777146
0.185354
0
-1
-0.62932
0
0
0.777146
0.185354
0
-1
-0.62932
0
0
0.777146
0.185354
0
-1
2
-0.97399
0.025666
-0.17174
0.145563
0.185354
0
-1
-0.97399
0.025666
-0.17174
0.145563
0.185354
0
-1
2
-0.77714
0
0
-0.62932
0.185354
0
-1
-0.77714
0
0
-0.62932
0.185354
0
-1
2
-0.62932
0
0
0.777146
0.185354
0
-1
-0.62932
0
0
0.777146
0.185354
0
-1
foot
False
False
True
False
False
0.070999
0.031
0.091
0
0
0
9
0
0
3
-6
0
None
7
2
0
0
0
1
-0.07333
-0.55534
-0.99999
0
0
0
1
-0.07333
-0.55534
-0.99999
3
0
0
0
1
-0.07333
-0.55534
-0.99999
0
0
0
1
-0.07333
-0.55534
-0.99999
0
0
0
1
-0.07333
-0.55534
-0.99999
3
0
0
0
1
-0.07333
-0.55534
-0.99999
0.173648
0
0
0.984807
-0.07333
-0.55534
-0.99999
0.173648
0
0
0.984807
-0.07333
-0.55534
-0.99999
3
0
0
0
1
-0.07333
-0.55534
-0.99999
0
0
0
1
-0.07333
-0.55534
-0.99999
0
0
0
1
-0.07333
-0.55534
-0.99999
2
-0.5
0
0
0.866025
-0.07333
-0.55534
-0.99999
-0.5
0
0
0.866025
-0.07333
-0.55534
-0.99999
2
-1
0
0
0
-0.07333
-0.55534
-0.99999
-1
0
0
0
-0.07333
-0.55534
-0.99999
2
0
0
0
1
-0.07333
-0.55534
-0.99999
0
0
0
1
-0.07333
-0.55534
-0.99999
ear
False
True
False
True
False
0.091
0.041
0.021
0
0
0
2
0
0
2
-7
0
None
7
2
-0.1192
-0.02533
-0.20636
0.970856
-1
0.665855
-0.71896
-0.1192
-0.02533
-0.20636
0.970856
-1
0.665855
-0.71896
3
-0.1192
-0.02533
-0.20636
0.970856
-1
0.665855
-0.71896
-0.1192
-0.02533
-0.20636
0.970856
-1
0.665855
-0.71896
-0.1192
-0.02533
-0.20636
0.970856
-1
0.665855
-0.71896
3
-0.1192
-0.02533
-0.20636
0.970856
-1
0.665855
-0.71896
-0.1192
-0.02533
-0.20636
0.970856
-1
0.665855
-0.71896
-0.1192
-0.02533
-0.20636
0.970856
-1
0.665855
-0.71896
3
-0.1192
-0.02533
-0.20636
0.970856
-1
0.665855
-0.71896
-0.1192
-0.02533
-0.20636
0.970856
-1
0.665855
-0.71896
-0.1192
-0.02533
-0.20636
0.970856
-1
0.665855
-0.71896
2
-0.1192
-0.02533
-0.20636
0.970856
-1
0.665855
-0.71896
-0.1192
-0.02533
-0.20636
0.970856
-1
0.665855
-0.71896
2
-0.1192
-0.02533
-0.20636
0.970856
-1
0.665855
-0.71896
-0.1192
-0.02533
-0.20636
0.970856
-1
0.665855
-0.71896
2
-0.1192
-0.02533
-0.20636
0.970856
-1
0.665855
-0.71896
-0.1192
-0.02533
-0.20636
0.970856
-1
0.665855
-0.71896
finger
False
False
True
True
False
0.021
0.011
0.061
0
0
0.04
8
0
5
0
8
0
None
7
2
0
0
0
1
-0.01367
0.041847
1.000003
0
0
0
1
-0.01367
0.041847
1.000003
3
0
0
0
1
-0.01367
0.041847
1.000003
0
0
0
1
-0.01367
0.041847
1.000003
0
0
0
1
-0.01367
0.041847
1.000003
3
0
0
0
1
-0.01367
0.041847
1.000003
0
0
0
1
-0.01367
0.041847
1.000003
0
0
0
1
-0.01367
0.041847
1.000003
3
0
0
0
1
-0.01367
0.041847
1.000003
0
0
0
1
-0.01367
0.041847
1.000003
0
0
0
1
-0.01367
0.041847
1.000003
2
0
0
0
1
-0.01367
0.041847
1.000003
0
0
0
1
-0.01367
0.041847
1.000003
2
0
0
0
1
-0.01367
0.041847
1.000003
0
0
0
1
-0.01367
0.041847
1.000003
2
0
0
0
1
-0.01367
0.041847
1.000003
0
0
0
1
-0.01367
0.041847
1.000003
finger2
False
False
True
True
False
0.021
0.011
0.051
0
0
0.04
8
0
5
0
8
0
None
7
2
0
-0.03489
0
0.99939
-0.64746
-0.10132
1.000003
0
-0.03489
0
0.99939
-0.64746
-0.10132
1.000003
3
0
-0.03489
0
0.99939
-0.64746
-0.10132
1.000003
0
-0.03489
0
0.99939
-0.64746
-0.10132
1.000003
0
-0.03489
0
0.99939
-0.64746
-0.10132
1.000003
3
0
-0.03489
0
0.99939
-0.64746
-0.10132
1.000003
0
-0.03489
0
0.99939
-0.64746
-0.10132
1.000003
0
-0.03489
0
0.99939
-0.64746
-0.10132
1.000003
3
0
-0.03489
0
0.99939
-0.64746
-0.10132
1.000003
0
-0.03489
0
0.99939
-0.64746
-0.10132
1.000003
0
-0.03489
0
0.99939
-0.64746
-0.10132
1.000003
2
0
-0.03489
0
0.99939
-0.64746
-0.10132
1.000003
0
-0.03489
0
0.99939
-0.64746
-0.10132
1.000003
2
0
-0.03489
0
0.99939
-0.64746
-0.10132
1.000003
0
-0.03489
0
0.99939
-0.64746
-0.10132
1.000003
2
0
-0.03489
0
0.99939
-0.64746
-0.10132
1.000003
0
-0.03489
0
0.99939
-0.64746
-0.10132
1.000003
finger3
False
False
True
True
False
0.021
0.011
0.051
0
0
0.04
8
0
5
0
8
0
None
7
2
0
0.052335
0
0.998629
0.679721
0
1.000011
0
0.052335
0
0.998629
0.679721
0
1.000011
3
0
0.052335
0
0.998629
0.679721
0
1.000011
0
0.052335
0
0.998629
0.679721
0
1.000011
0
0.052335
0
0.998629
0.679721
0
1.000011
3
0
0.052335
0
0.998629
0.679721
0
1.000011
0
0.052335
0
0.998629
0.679721
0
1.000011
0
0.052335
0
0.998629
0.679721
0
1.000011
3
0
0.052335
0
0.998629
0.679721
0
1.000011
0
0.052335
0
0.998629
0.679721
0
1.000011
0
0.052335
0
0.998629
0.679721
0
1.000011
2
0
0.052335
0
0.998629
0.679721
0
1.000011
0
0.052335
0
0.998629
0.679721
0
1.000011
2
0
0.052335
0
0.998629
0.679721
0
1.000011
0
0.052335
0
0.998629
0.679721
0
1.000011
2
0
0.052335
0
0.998629
0.679721
0
1.000011
0
0.052335
0
0.998629
0.679721
0
1.000011
snouttip
False
False
False
True
False
0.041
0.031
0.021
0
0
0
3
0
0
3
-7
0
None
7
2
0
0
0
1
0
0.662988
1.000004
0
0
0
1
0
0.662988
1.000004
3
0
0
0
1
0
0.662988
1.000004
0
0
0
1
0
0.662988
1.000004
0
0
0
1
0
0.662988
1.000004
3
0
0
0
1
0
0.662988
1.000004
0
0
0
1
0
0.662988
1.000004
0
0
0
1
0
0.662988
1.000004
3
0
0
0
1
0
0.662988
1.000004
0
0
0
1
0
0.662988
1.000004
0
0
0
1
0
0.662988
1.000004
2
0
0
0
1
0
0.662988
1.000004
0
0
0
1
0
0.662988
1.000004
2
0
0
0
1
0
0.662988
1.000004
0
0
0
1
0
0.662988
1.000004
2
0
0
0
1
0
0.662988
1.000004
0
0
0
1
0
0.662988
1.000004
mouth
True
False
False
True
False
0.07
0.1
0.05
0
0
0.01
3
0
0
0
0
0
AngryMouth
7
2
0
0
0
1
-0.1385
-0.45484
0.999997
0
0
0
1
-0.1385
-0.45484
0.999997
3
0
0
0
1
-0.1385
-0.45484
0.999997
0
0
0
1
-0.1385
-0.45484
0.999997
0
0
0
1
-0.1385
-0.45484
0.999997
3
0
0
0
1
-0.1385
-0.45484
0.999997
0
0
0
1
-0.1385
-0.45484
0.999997
0
0
0
1
-0.1385
-0.45484
0.999997
3
0
0
0
1
-0.1385
-0.45484
0.999997
0
0
0
1
-0.1385
-0.45484
0.999997
0
0
0
1
-0.1385
-0.45484
0.999997
2
0
0
0
1
-0.1385
-0.45484
0.999997
0
0
0
1
-0.1385
-0.45484
0.999997
2
0
0
0
1
-0.1385
-0.45484
0.999997
0
0
0
1
-0.1385
-0.45484
0.999997
2
0
0
0
1
-0.1385
-0.45484
0.999997
0
0
0
1
-0.1385
-0.45484
0.999997
