30
0.392077
0.552941
0.337254
0.239215
perk_tail_slap
false
0.085062
bucktooth
burrower
castor
com dentes ruins
escavadora
бобр
бак-зубчатый
землекоп
berang
bergigi tajam
penggali
castor
de dientes de gallo
madriguera
บีเวอร์
บัคทู ธ
คนขุด
com dentes ruins
бак-зубчатая
con dientes de gallo
F
M
F
бак-зубчатoe
false
Fur
Uncooked Meat
Bones
?
?
14
torso
False
False
False
False
False
0.251
0.221
0.301
0
0
0
-1
4
1
5
6
7
0
0
0
0
None
7
2
-0.06975
0
0
0.997564
0
0
0
-0.06975
0
0
0.997564
0
0.04
0
3
-0.06975
0
0
0.997564
0
0
0
-0.10452
0
0
0.994522
0
0
0
-0.03489
0
0
0.99939
0
0
0
3
-0.06958
0.069586
-0.00486
0.995134
0
0
0
-0.1908
0
0
0.981627
0
0
0
-0.06937
-0.10427
0.007291
0.992099
0
0
0
3
0.233445
0
0
0.972369
0
-0.18
-0.16
-0.1132
0
0
0.993571
0
0
0.24
0.104528
0
0
0.994521
0
0
0.32
2
-0.55919
0
0
0.829037
0
0.06
0.3
-0.59482
0
0
0.803856
0
0.06
0.3
2
-0.99984
0
0
0.017452
0
-0.34
-0.55999
-0.99984
0
0
0.017452
0
-0.36
-0.55999
2
-0.15643
0
0
0.987688
0
0
0
-0.3665
0
0
0.930417
0
0
0
neck
False
False
False
True
False
0.080999
0.101
0.121
0
0
0
0
1
2
0
0
0
0
None
7
2
0.034899
0
0
0.99939
0
-0.20545
1
0.034899
0
0
0.99939
0
-0.30889
0.999993
3
0.034899
0
0
0.99939
0
-0.20545
1
0.034899
0
0
0.99939
0
-0.20545
1
0.034899
0
0
0.99939
0
-0.20545
1
3
0.034899
0
0
0.99939
0
-0.20545
1
0.034899
0
0
0.99939
0
-0.20545
1
0.034899
0
0
0.99939
0
-0.20545
1
3
0.121869
0
0
0.992546
0
0.523347
1.000001
0.121869
0
0
0.992546
0
-0.20545
1
0.078459
0
0
0.996917
0
0.09098
0.999998
2
0.25038
0
0
0.968147
0
-0.47903
1.000001
0.25038
0
0
0.968147
0
-0.47903
1.000001
2
0.034899
0
0
0.99939
0
-0.20545
1
0.034899
0
0
0.99939
0
-0.20545
1
2
0.034899
0
0
0.99939
0
-0.20545
1
0.207911
0
0
0.978147
0
-0.66364
0.999999
head
False
False
False
False
False
0.141
0.131
0.101
0
0
0
1
3
3
4
12
0
0
0
0
None
7
2
0.121869
0
0
0.992546
0
0.198522
0.999996
0.052335
0
0
0.998629
0
0.198522
0.999996
3
-0.03489
0
0
0.99939
0
0.198522
0.999996
0.121869
0
0
0.992546
0
0.198522
0.999996
0.121869
0
0
0.992546
0
0.198522
0.999996
3
0.121869
0
0
0.992546
0
0.198522
0.999996
0.121869
0
0
0.992546
0
0.198522
0.999996
0.121869
0
0
0.992546
0
0.198522
0.999996
3
0.492423
0
0
0.870355
0
0.198522
0.999996
0.529919
0
0
0.848048
0
0.198522
0.999996
0.374606
0
0
0.927183
0
0.198522
0.999996
2
0.121869
0
0
0.992546
0
-0.81429
1.000002
0.121869
0
0
0.992546
0
-0.81429
1.000002
2
-0.97814
0
0
0.207912
0
0.198522
0.999996
-0.97814
0
0
0.207912
0
0.198522
0.999996
2
0.121869
0
0
0.992546
0
0.198522
0.999996
0.121869
0
0
0.992546
0
0.198522
0.999996
snout
False
False
False
True
False
0.070998
0.091
0.041
0
0
0.02
2
1
13
0
0
0
0
None
7
2
-0.01751
-0.00231
0
0.999843
0.026193
-0.27094
0.999989
-0.01751
-0.00231
0
0.999843
0.026193
-0.27094
0.999989
3
-0.01751
-0.00231
0
0.999843
0.026193
-0.27094
0.999989
-0.01751
-0.00231
0
0.999843
0.026193
-0.27094
0.999989
-0.01751
-0.00231
0
0.999843
0.026193
-0.27094
0.999989
3
-0.01751
-0.00231
0
0.999843
0.026193
-0.27094
0.999989
-0.01751
-0.00231
0
0.999843
0.026193
-0.27094
0.999989
-0.01751
-0.00231
0
0.999843
0.026193
-0.27094
0.999989
3
-0.01751
-0.00231
0
0.999843
0.026193
-0.27094
0.999989
-0.01751
-0.00231
0
0.999843
0.026193
-0.27094
0.999989
-0.01751
-0.00231
0
0.999843
0.026193
-0.27094
0.999989
2
-0.01751
-0.00231
0
0.999843
0.026193
-0.27094
0.999989
-0.01751
-0.00231
0
0.999843
0.026193
-0.27094
0.999989
2
-0.01751
-0.00231
0
0.999843
0.026193
-0.27094
0.999989
-0.01751
-0.00231
0
0.999843
0.026193
-0.27094
0.999989
2
-0.01751
-0.00231
0
0.999843
0.026193
-0.27094
0.999989
-0.01751
-0.00231
0
0.999843
0.026193
-0.27094
0.999989
eyes
True
True
False
True
False
0.06
0.06
0.05
0
0
0.01
2
0
0
0
0
0
RegularEye
7
2
0
0
0
1
-0.80001
0.131735
1.000001
0
0
0
1
-0.80001
0.131735
1.000001
3
0
0
0
1
-0.80001
0.131735
1.000001
0
0
0
1
-0.80001
0.131735
1.000001
0
0
0
1
-0.80001
0.131735
1.000001
3
0
0
0
1
-0.80001
0.131735
1.000001
0
0
0
1
-0.80001
0.131735
1.000001
0
0
0
1
-0.80001
0.131735
1.000001
3
0
0
0
1
-0.80001
0.131735
1.000001
0
0
0
1
-0.80001
0.131735
1.000001
0
0
0
1
-0.80001
0.131735
1.000001
2
0
0
0
1
-0.80001
0.131735
1.000001
0
0
0
1
-0.80001
0.131735
1.000001
2
0
0
0
1
-0.80001
0.131735
1.000001
0
0
0
1
-0.80001
0.131735
1.000001
2
0
0
0
1
-0.80001
0.131735
1.000001
0
0
0
1
-0.80001
0.131735
1.000001
shoulder
False
True
True
False
False
0.051
0.091
0.111
0
0
0
0
1
8
0
0
0
0
None
7
2
-0.69465
0
0
0.71934
-1
-0.37945
0.636007
-0.69465
0
0
0.71934
-1
-0.37945
0.636007
3
-0.69465
0
0
0.71934
-1
-0.37945
0.636007
-0.69465
0
0
0.71934
-1
-0.37945
0.636007
-0.69465
0
0
0.71934
-1
-0.37945
0.636007
3
-0.6861
0.112529
-0.10866
0.710483
-1
-0.37945
0.636007
-0.69465
0
0
0.71934
-1
-0.37945
0.636007
-0.68948
-0.08766
0.084657
0.713978
-1
-0.37945
0.636007
3
-0.69465
0
0
0.71934
-1
-0.04351
0.702998
-0.69465
0
0
0.71934
-1
-0.69904
0.635976
-0.69465
0
0
0.71934
-0.99999
-0.48836
0.635986
2
-0.69399
-0.03137
0.0303
0.718655
-0.80708
-1
0.446175
-0.69399
-0.03137
0.0303
0.718655
-0.80708
-1
0.446175
2
-0.77714
0
0
-0.62932
-1
-0.37945
0.636007
-0.77714
0
0
-0.62932
-1
-0.37945
0.636007
2
-0.6337
0.16288
0.20114
-0.72899
-1
0.724667
0.527851
-0.4609
0.115484
0.231626
-0.84887
-0.75805
1
0.241812
hip
False
True
True
False
False
0.051
0.141
0.161
0
0
0
0
1
10
0
0
0
0
None
7
2
-0.77714
0
0
0.62932
-1
-0.47916
-0.71995
-0.71933
0
0
0.694658
-0.99999
-0.6255
-0.68026
3
-0.66913
0
0
0.743144
-0.99999
-0.68433
-0.86371
-0.77714
0
0
0.62932
-0.99999
-0.2803
-0.5711
-0.77714
0
0
0.62932
-1
-0.73961
-0.37487
3
-0.76016
0.130843
-0.16157
0.615568
-0.99999
-0.54347
-0.71995
-0.77714
0
0
0.62932
-0.99999
-0.29465
-0.71995
-0.77288
-0.06578
0.081233
0.625872
-1
-0.47916
-0.71995
3
-0.47715
0
0
0.878817
-1
-0.47916
-0.71995
-0.51503
0
0
0.857167
-1
-0.47916
-0.71995
-0.51503
0
0
0.857167
-1
-0.67781
-0.71992
2
-0.98768
0
0
0.156434
-0.99999
-0.31896
-0.53342
-0.98768
0
0
0.156434
-0.99999
-0.31896
-0.53342
2
-0.69465
0
0
-0.71933
-1
-0.47916
-0.71995
-0.69465
0
0
-0.71933
-1
-0.47916
-0.71995
2
-0.77714
0
0
0.62932
-1
-0.47916
-0.71995
-0.77714
0
0
0.62932
-1
-0.47916
-0.71995
tail
False
False
False
False
False
0.181
0.041
0.341002
0
0
0.34
0
0
0
5
-12
0
None
7
2
-0.99026
0
0
0.139173
0.035805
0.377778
-1
-0.95105
0
0
0.309016
0.035805
0.377778
-1
3
-0.91354
0
0
0.406736
0.035805
0.377778
-1
-0.99026
0
0
0.139173
0.035805
0.377778
-1
-0.99939
0
0
0.034899
0.035805
0.377778
-1
3
-0.99026
0
0
0.139173
0.035805
0.377778
-1
-0.99026
0
0
0.139173
0.035805
0.377778
-1
-0.99026
0
0
0.139173
0.035805
0.377778
-1
3
-0.99539
0
0
0.095845
0.035805
0.377778
-1
-0.88294
0
0
0.469471
0.035805
0.377778
-1
-0.88294
0
0
0.469471
0.035805
0.377778
-1
2
-0.99026
0
0
0.139173
0.035805
0.377778
-1
-0.99026
0
0
0.139173
0.035805
0.377778
-1
2
-0.22495
0
0
-0.97437
0.035805
0.377778
-1
-0.22495
0
0
-0.97437
0.035805
0.377778
-1
2
-0.99026
0
0
0.139173
0.035805
0.377778
-1
-0.99026
0
0
0.139173
0.035805
0.377778
-1
arm
False
False
True
False
False
0.031
0.041000
0.081000
0
0
-0.06
5
1
9
0
0
-5
0
None
7
2
-0.97814
0
0
0.207911
-0.44363
0
-1
-0.96126
0
0
0.275637
-0.44363
0
-1
3
-0.69465
0
0
0.719339
-0.44374
0.328817
-0.99998
-0.97814
0
0
0.207911
-0.44363
0
-1
-0.97814
0
0
0.207911
-0.44363
0
-1
3
-0.97814
0
0
0.207911
-0.44363
0
-1
-0.97814
0
0
0.207911
-0.44363
0
-1
-0.97814
0
0
0.207911
-0.44363
0
-1
3
-0.96328
-0.0361
0.169853
0.204752
-0.44363
0
-1
-0.97814
0
0
0.207911
-0.44363
0
-1
-0.97814
0
0
0.207911
-0.44363
0
-1
2
-0.99254
0
0
0.121869
-0.44363
0
-1
-0.99254
0
0
0.121869
-0.44363
0
-1
2
-0.29237
0
0
-0.9563
-0.44363
0
-1
-0.29237
0
0
-0.9563
-0.44363
0
-1
2
-0.60643
0.260189
0.333027
-0.67351
-0.44363
0
-1
-0.41145
0.16513
0.389022
-0.80752
-0.44363
0
-1
hand
False
False
True
False
False
0.041
0.031000
0.051000
0
0
0
8
0
0
3
-10
0
None
7
2
0.642787
0
0
0.766044
0.191442
0.527482
-0.99999
0.642787
0
0
0.766044
0.191442
0.527482
-0.99999
3
0.642787
0
0
0.766044
0.191442
0.527482
-0.99999
0.642787
0
0
0.766044
0.191442
0.527482
-0.99999
0.642787
0
0
0.766044
0.191442
0.527482
-0.99999
3
0.642787
0
0
0.766044
0.191442
0.527482
-0.99999
0.642787
0
0
0.766044
0.191442
0.527482
-0.99999
0.642787
0
0
0.766044
0.191442
0.527482
-0.99999
3
0.642787
0
0
0.766044
0.191442
0.527482
-0.99999
0.642787
0
0
0.766044
0.191442
0.527482
-0.99999
0.642787
0
0
0.766044
0.191442
0.527482
-0.99999
2
0.642787
0
0
0.766044
0.191442
0.527482
-0.99999
0.642787
0
0
0.766044
0.191442
0.527482
-0.99999
2
-0.7071
0
0
0.707107
0.191442
0.527482
-0.99999
-0.7071
0
0
0.707107
0.191442
0.527482
-0.99999
2
-0.7424
0.242403
0.519836
-0.34618
0.191442
0.527482
-0.99999
-0.7424
0.242403
0.519836
-0.34618
0.191442
0.527482
-0.99999
leg
False
False
True
False
False
0.031
0.041
0.051
0
0
-0.02
6
1
11
0
0
-5
0
None
7
2
-0.7071
0
0
0.707106
-0.33145
0
-1
-0.7071
0
0
0.707106
-0.33145
0
-1
3
-0.7071
0
0
0.707106
-0.33145
0
-1
-0.7071
0
0
0.707106
-0.33145
0
-1
-0.7071
0
0
0.707106
-0.33145
0
-1
3
-0.69411
0.134922
-0.13492
0.694115
-0.33145
0
-1
-0.7071
0
0
0.707106
-0.33145
0
-1
-0.69296
0.048456
0.075191
0.715399
-0.33145
0
-1
3
-0.7071
0
0
0.707106
-0.33145
0
-1
-0.7071
0
0
0.707106
-0.33145
0
-1
-0.7071
0
0
0.707106
-0.33145
0
-1
2
-0.92387
0
0
0.382683
-0.33145
0
-1
-0.92387
0
0
0.382683
-0.33145
0
-1
2
-0.76604
0
0
-0.64278
-0.33145
0
-1
-0.76604
0
0
-0.64278
-0.33145
0
-1
2
-0.7071
0
0
0.707106
-0.33145
0
-1
-0.7071
0
0
0.707106
-0.33145
0
-1
foot
False
False
True
False
False
0.041
0.031
0.171
0
0
0.08
10
0
0
3
-10
0
None
7
2
0
-0.06975
0
0.997564
-0.07332
0
-0.99999
0
-0.06975
0
0.997564
-0.07332
0
-0.99999
3
0
-0.06975
0
0.997564
-0.07332
0
-0.99999
0.086943
-0.06949
0.006079
0.993768
-0.07332
0
-0.99999
0
-0.06975
0
0.997564
-0.07332
0
-0.99999
3
0
-0.10452
0
0.994522
-0.07332
0
-0.99999
-0.10446
-0.0347
-0.00364
0.993916
-0.07332
0
-0.99999
0
0.139173
0
0.990268
-0.07332
0
-0.99999
3
0
-0.32556
0
0.945518
-0.07332
0
-0.99999
0.258188
-0.06737
0.018054
0.963572
-0.07332
0
-0.99999
-0.04351
-0.06969
-0.00304
0.996614
-0.07332
0
-0.99999
2
-0.53599
-0.05883
-0.03748
0.841336
-0.07332
0
-0.99999
-0.53599
-0.05883
-0.03748
0.841336
-0.07332
0
-0.99999
2
-0.99376
-0.00607
0.069491
0.086943
-0.07332
0
-0.99999
-0.99376
-0.00607
0.069491
0.086943
-0.07332
0
-0.99999
2
0
-0.06975
0
0.997564
-0.07332
0
-0.99999
0
-0.06975
0
0.997564
-0.07332
0
-0.99999
ear
False
True
False
True
False
0.070999
0.031
0.011
0
0
0
2
0
0
3
-9
0
None
7
2
-0.13309
-0.28952
0.04069
0.946998
-1
0.233744
-0.696
-0.13309
-0.28952
0.04069
0.946998
-1
0.233744
-0.696
3
-0.13309
-0.28952
0.04069
0.946998
-1
0.233744
-0.696
-0.13309
-0.28952
0.04069
0.946998
-1
0.233744
-0.696
-0.13309
-0.28952
0.04069
0.946998
-1
0.233744
-0.696
3
-0.13309
-0.28952
0.04069
0.946998
-1
0.233744
-0.696
-0.13309
-0.28952
0.04069
0.946998
-1
0.233744
-0.696
-0.13309
-0.28952
0.04069
0.946998
-1
0.233744
-0.696
3
-0.13309
-0.28952
0.04069
0.946998
-1
0.233744
-0.696
-0.13309
-0.28952
0.04069
0.946998
-1
0.233744
-0.696
-0.13309
-0.28952
0.04069
0.946998
-1
0.233744
-0.696
2
-0.13309
-0.28952
0.04069
0.946998
-1
0.233744
-0.696
-0.13309
-0.28952
0.04069
0.946998
-1
0.233744
-0.696
2
-0.13309
-0.28952
0.04069
0.946998
-1
0.233744
-0.696
-0.13309
-0.28952
0.04069
0.946998
-1
0.233744
-0.696
2
-0.13309
-0.28952
0.04069
0.946998
-1
0.233744
-0.696
-0.13309
-0.28952
0.04069
0.946998
-1
0.233744
-0.696
beaverteeth
False
False
False
True
False
0.051
0.051
0.011
0
-0.02
0
3
0
0
-20
16
0
None
7
2
0
0
0
1
0
-0.99998
0.471482
0
0
0
1
0
-0.99998
0.471482
3
0
0
0
1
0
-0.99998
0.471482
0
0
0
1
0
-0.99998
0.471482
0
0
0
1
0
-0.99998
0.471482
3
0
0
0
1
0
-0.99998
0.471482
0
0
0
1
0
-0.99998
0.471482
0
0
0
1
0
-0.99998
0.471482
3
0
0
0
1
0
-0.99998
0.471482
0
0
0
1
0
-0.99998
0.471482
0
0
0
1
0
-0.99998
0.471482
2
0
0
0
1
0
-0.99998
0.471482
0
0
0
1
0
-0.99998
0.471482
2
0
0
0
1
0
-0.99998
0.471482
0
0
0
1
0
-0.99998
0.471482
2
0
0
0
1
0
-0.99998
0.471482
0
0
0
1
0
-0.99998
0.471482
