30
0.629082
0.184313
0.2
0.2
perk_sprint
false
0.585819
rolling
cycle
bicicleta
rolando
cicleta
велосипед
прокатки 
машина
sepeda
bergulir
roda-gigi
bicicleta
rodante
cicleta
จักรยาน
กลิ้ง
เกียร์
rolando
прокатки
rodante
F
F
F
прокатки
false
Metal Bar
?
?
?
?
24
torso
False
False
False
False
False
0.040999
0.051
0.341
0
0
0
-1
5
1
4
5
11
17
0
0
0
0
None
7
2
-0.1132
0
0
0.993571
0
0
0
-0.1132
0
0
0.993571
0
0
0
3
-0.1132
0
0
0.993571
0
0
0
-0.1132
0
0
0.993571
0
0
0
-0.1132
0
0
0.993571
0
0
0
3
-0.1132
0
0
0.993571
0
0
0
-0.1132
0
0
0.993571
0
0
0
-0.1132
0
0
0.993571
0
0
0
3
-0.1132
0
0
0.993571
0
0
0
-0.1132
0
0
0.993571
0
0
0
-0.1132
0
0
0.993571
0
0
0
2
-0.4848
0
0
0.874619
0
0.02
0.099999
-0.4848
0
0
0.874619
0
0.02
0.099999
2
-0.99813
0
0
0.061048
0
0
-0.55999
-0.99813
0
0
0.061048
0
-0.02
-0.55999
2
-0.1132
0
0
0.993571
0
0
0
-0.1132
0
0
0.993571
0
0
0
neck
False
False
False
True
False
0.031
0.031
0.090999
0
0
0.08
0
1
2
0
0
12
0
None
7
2
-0.71325
0
0
0.700909
0.058836
1.000002
0.824993
-0.71325
0
0
0.700909
0.058836
1.000002
0.824993
3
-0.71325
0
0
0.700909
0.058836
1.000002
0.824993
-0.71325
0
0
0.700909
0.058836
1.000002
0.824993
-0.71325
0
0
0.700909
0.058836
1.000002
0.824993
3
-0.71325
0
0
0.700909
0.058836
1.000002
0.824993
-0.71325
0
0
0.700909
0.058836
1.000002
0.824993
-0.71325
0
0
0.700909
0.058836
1.000002
0.824993
3
-0.71325
0
0
0.700909
0.058836
1.000002
0.824993
-0.71325
0
0
0.700909
0.058836
1.000002
0.824993
-0.71325
0
0
0.700909
0.058836
1.000002
0.824993
2
-0.3502
0
0
0.936672
0.058836
1.000002
0.824993
-0.3502
0
0
0.936672
0.058836
1.000002
0.824993
2
-0.09584
0
0
0.995396
0.071309
-0.24804
1.000002
-0.09584
0
0
0.995396
0.071309
-0.24804
1.000002
2
-0.71325
0
0
0.700909
0.058836
1.000002
0.824993
-0.71325
0
0
0.700909
0.058836
1.000002
0.824993
head
False
False
False
False
False
0.181
0.031
0.031
0
0
0
1
2
3
10
0
0
12
0
None
7
2
0.104528
0
0
0.994522
0
-1
0.807972
0.104528
0
0
0.994522
0
-1
0.807972
3
0.104528
0
0
0.994522
0
-1
0.807972
0.104528
0
0
0.994522
0
-1
0.807972
0.104528
0
0
0.994522
0
-1
0.807972
3
0.104528
0
0
0.994522
0
-1
0.807972
0.104528
0
0
0.994522
0
-1
0.807972
0.104528
0
0
0.994522
0
-1
0.807972
3
0.104528
0
0
0.994522
0
-1
0.807972
0.104528
0
0
0.994522
0
-1
0.807972
0.104528
0
0
0.994522
0
-1
0.807972
2
0.104528
0
0
0.994522
0
-1
0.807972
0.104528
0
0
0.994522
0
-1
0.807972
2
-0.96126
0
0
0.275637
0
-1
0.807972
-0.96126
0
0
0.275637
0
-1
0.807972
2
0.104528
0
0
0.994522
0
-1
0.807972
0.104528
0
0
0.994522
0
-1
0.807972
eyes
True
True
False
True
False
0.06
0.05
0.05
0
0
0.01
2
0
0
0
0
0
SeriousEye
7
2
0
0
0
1
-0.80001
0.131735
1.000001
0
0
0
1
-0.80001
0.131735
1.000001
3
0
0
0
1
-0.80001
0.131735
1.000001
0
0
0
1
-0.80001
0.131735
1.000001
0
0
0
1
-0.80001
0.131735
1.000001
3
0
0
0
1
-0.80001
0.131735
1.000001
0
0
0
1
-0.80001
0.131735
1.000001
0
0
0
1
-0.80001
0.131735
1.000001
3
0
0
0
1
-0.80001
0.131735
1.000001
0
0
0
1
-0.80001
0.131735
1.000001
0
0
0
1
-0.80001
0.131735
1.000001
2
0
0
0
1
-0.80001
0.131735
1.000001
0
0
0
1
-0.80001
0.131735
1.000001
2
0
0
0
1
-0.80001
0.131735
1.000001
0
0
0
1
-0.80001
0.131735
1.000001
2
0
0
0
1
-0.80001
0.131735
1.000001
0
0
0
1
-0.80001
0.131735
1.000001
shoulder
False
True
True
False
False
0.021
0.041
0.221002
0.02
0
-0.16
0
1
6
0
0
0
0
None
7
2
-0.05967
0.834138
0.546594
0.043434
-0.24261
-0.46763
0.999999
-0.05967
0.834138
0.546594
0.043434
-0.24261
-0.46763
0.999999
3
-0.05967
0.834138
0.546594
0.043434
-0.24261
-0.46763
0.999999
-0.05967
0.834138
0.546594
0.043434
-0.24261
-0.46763
0.999999
-0.05967
0.834138
0.546594
0.043434
-0.24261
-0.46763
0.999999
3
-0.05967
0.834138
0.546594
0.043434
-0.24261
-0.46763
0.999999
-0.05967
0.834138
0.546594
0.043434
-0.24261
-0.46763
0.999999
-0.05967
0.834138
0.546594
0.043434
-0.24261
-0.46763
0.999999
3
-0.05967
0.834138
0.546594
0.043434
-0.24261
-0.46763
0.999999
-0.05967
0.834138
0.546594
0.043434
-0.24261
-0.46763
0.999999
-0.05967
0.834138
0.546594
0.043434
-0.24261
-0.46763
0.999999
2
-0.03287
0.992278
0.099673
0.066082
-0.24261
-0.46763
0.999999
-0.03287
0.992278
0.099673
0.066082
-0.24261
-0.46763
0.999999
2
-0.05313
0.683137
-0.72655
-0.05122
-0.24261
-0.46763
0.999999
-0.05313
0.683137
-0.72655
-0.05122
-0.24261
-0.46763
0.999999
2
-0.05967
0.834138
0.546594
0.043434
-0.24261
-0.46763
0.999999
-0.05967
0.834138
0.546594
0.043434
-0.24261
-0.46763
0.999999
hip
False
True
False
False
False
0.021
0.041
0.141
0
0
-0.1
0
1
8
0
0
0
0
None
7
2
-0.52312
0.05416
0.029406
0.850023
-0.72964
-0.33709
-1
-0.52312
0.05416
0.029406
0.850023
-0.72964
-0.33709
-1
3
-0.52312
0.05416
0.029406
0.850023
-0.72964
-0.33709
-1
-0.52312
0.05416
0.029406
0.850023
-0.72964
-0.33709
-1
-0.52312
0.05416
0.029406
0.850023
-0.72964
-0.33709
-1
3
-0.52312
0.05416
0.029406
0.850023
-0.72964
-0.33709
-1
-0.52312
0.05416
0.029406
0.850023
-0.72964
-0.33709
-1
-0.52312
0.05416
0.029406
0.850023
-0.72964
-0.33709
-1
3
-0.52312
0.05416
0.029406
0.850023
-0.72964
-0.33709
-1
-0.52312
0.05416
0.029406
0.850023
-0.72964
-0.33709
-1
-0.52312
0.05416
0.029406
0.850023
-0.72964
-0.33709
-1
2
-0.9977
0.001613
0.061607
-0.02802
-0.72964
-0.33709
-1
-0.9977
0.001613
0.061607
-0.02802
-0.72964
-0.33709
-1
2
-0.92795
0.038364
-0.04823
-0.36757
-0.72964
-0.33709
-1
-0.92795
0.038364
-0.04823
-0.36757
-0.72964
-0.33709
-1
2
-0.52312
0.05416
0.029406
0.850023
-0.72964
-0.33709
-1
-0.52312
0.05416
0.029406
0.850023
-0.72964
-0.33709
-1
arm
False
False
True
False
False
0.021
0.031
0.061
0
0
-0.04
4
1
7
0
0
-2
0
None
7
2
-0.69465
0
0
0.719339
-0.03206
-0.1696
-0.99999
-0.69465
0
0
0.719339
-0.03206
-0.1696
-0.99999
3
-0.69465
0
0
0.719339
-0.03206
-0.1696
-0.99999
-0.69465
0
0
0.719339
-0.03206
-0.1696
-0.99999
-0.69465
0
0
0.719339
-0.03206
-0.1696
-0.99999
3
-0.69465
0
0
0.719339
-0.03206
-0.1696
-0.99999
-0.69465
0
0
0.719339
-0.03206
-0.1696
-0.99999
-0.69465
0
0
0.719339
-0.03206
-0.1696
-0.99999
3
-0.69465
0
0
0.719339
-0.03206
-0.1696
-0.99999
-0.69465
0
0
0.719339
-0.03206
-0.1696
-0.99999
-0.69465
0
0
0.719339
-0.03206
-0.1696
-0.99999
2
-0.69465
0
0
0.719339
-0.03206
-0.1696
-0.99999
-0.69465
0
0
0.719339
-0.03206
-0.1696
-0.99999
2
-0.82903
0
0
-0.55919
-0.03206
-0.1696
-0.99999
-0.82903
0
0
-0.55919
-0.03206
-0.1696
-0.99999
2
-0.69465
0
0
0.719339
-0.03206
-0.1696
-0.99999
-0.69465
0
0
0.719339
-0.03206
-0.1696
-0.99999
hand
False
False
True
False
False
0.040999
0.051
0.051
0
-0.02
0
6
1
13
0
0
-2
0
None
7
2
0
0
0
1
0.191318
0.060081
-1
0
0
0
1
0.191318
0.060081
-1
3
0
0
0
1
0.191318
0.060081
-1
0
0
0
1
0.191318
0.060081
-1
0
0
0
1
0.191318
0.060081
-1
3
0
0
0
1
0.191318
0.060081
-1
0
0
0
1
0.191318
0.060081
-1
0
0
0
1
0.191318
0.060081
-1
3
0
0
0
1
0.191318
0.060081
-1
0
0
0
1
0.191318
0.060081
-1
0
0
0
1
0.191318
0.060081
-1
2
0
0
0
1
0.191318
0.060081
-1
0
0
0
1
0.191318
0.060081
-1
2
-0.9848
0
0
0.173648
0.191318
0.060081
-1
-0.9848
0
0
0.173648
0.191318
0.060081
-1
2
0
0
0
1
0.191318
0.060081
-1
0
0
0
1
0.191318
0.060081
-1
leg
False
False
False
False
False
0.021
0.041
0.061000
0
0
-0.04
5
1
9
0
0
-2
0
None
7
2
-0.62932
0
0
0.777146
-0.06816
0
-1
-0.62932
0
0
0.777146
-0.06816
0
-1
3
-0.62932
0
0
0.777146
-0.06816
0
-1
-0.62932
0
0
0.777146
-0.06816
0
-1
-0.62932
0
0
0.777146
-0.06816
0
-1
3
-0.62932
0
0
0.777146
-0.06816
0
-1
-0.62932
0
0
0.777146
-0.06816
0
-1
-0.62932
0
0
0.777146
-0.06816
0
-1
3
-0.62932
0
0
0.777146
-0.06816
0
-1
-0.62932
0
0
0.777146
-0.06816
0
-1
-0.62932
0
0
0.777146
-0.06816
0
-1
2
-0.99965
0
0
-0.02617
-0.06816
0
-1
-0.99965
0
0
-0.02617
-0.06816
0
-1
2
-0.87461
0
0
-0.4848
-0.06816
0
-1
-0.87461
0
0
-0.4848
-0.06816
0
-1
2
-0.62932
0
0
0.777146
-0.06816
0
-1
-0.62932
0
0
0.777146
-0.06816
0
-1
foot
False
False
False
False
False
0.020999
0.051
0.051
0
0
0
8
1
15
0
0
-2
0
None
7
2
0
0.026176
0
0.999657
-0.54602
-0.63522
-0.99997
0
0.026176
0
0.999657
-0.54602
-0.63522
-0.99997
3
0
0.026176
0
0.999657
-0.54602
-0.63522
-0.99997
0
0.026176
0
0.999657
-0.54602
-0.63522
-0.99997
0
0.026176
0
0.999657
-0.54602
-0.63522
-0.99997
3
0
0.026176
0
0.999657
-0.54602
-0.63522
-0.99997
0
0.026176
0
0.999657
-0.54602
-0.63522
-0.99997
0
0.026176
0
0.999657
-0.54602
-0.63522
-0.99997
3
0
0.026176
0
0.999657
-0.54602
-0.63522
-0.99997
0
0.026176
0
0.999657
-0.54602
-0.63522
-0.99997
0
0.026176
0
0.999657
-0.54602
-0.63522
-0.99997
2
0
0.026176
0
0.999657
-0.54602
-0.63522
-0.99997
0
0.026176
0
0.999657
-0.54602
-0.63522
-0.99997
2
-0.98447
0.004545
-0.02577
0.173589
-0.54602
-0.63522
-0.99997
-0.98447
0.004545
-0.02577
0.173589
-0.54602
-0.63522
-0.99997
2
0
0.026176
0
0.999657
-0.54602
-0.63522
-0.99997
0
0.026176
0
0.999657
-0.54602
-0.63522
-0.99997
ear
False
True
False
True
True
0.101
0.031
0.021
-0.08
0
0
2
0
0
0
-8
0
None
7
2
-0.17003
-0.51144
-0.23521
0.808818
-1
0.469889
-0.47678
-0.17003
-0.51144
-0.23521
0.808818
-1
0.469889
-0.47678
3
-0.17003
-0.51144
-0.23521
0.808818
-1
0.469889
-0.47678
-0.17003
-0.51144
-0.23521
0.808818
-1
0.469889
-0.47678
-0.17003
-0.51144
-0.23521
0.808818
-1
0.469889
-0.47678
3
-0.17003
-0.51144
-0.23521
0.808818
-1
0.469889
-0.47678
-0.17003
-0.51144
-0.23521
0.808818
-1
0.469889
-0.47678
-0.17003
-0.51144
-0.23521
0.808818
-1
0.469889
-0.47678
3
-0.17003
-0.51144
-0.23521
0.808818
-1
0.469889
-0.47678
-0.17003
-0.51144
-0.23521
0.808818
-1
0.469889
-0.47678
-0.17003
-0.51144
-0.23521
0.808818
-1
0.469889
-0.47678
2
-0.17003
-0.51144
-0.23521
0.808818
-1
0.469889
-0.47678
-0.17003
-0.51144
-0.23521
0.808818
-1
0.469889
-0.47678
2
-0.17003
-0.51144
-0.23521
0.808818
-1
0.469889
-0.47678
-0.17003
-0.51144
-0.23521
0.808818
-1
0.469889
-0.47678
2
-0.17003
-0.51144
-0.23521
0.808818
-1
0.469889
-0.47678
-0.17003
-0.51144
-0.23521
0.808818
-1
0.469889
-0.47678
tail
False
False
False
True
False
0.031
0.101
0.031
0
0.08
0
0
1
12
0
0
12
0
None
7
2
-0.04361
0
0
0.999048
0.428913
1.000002
-0.81608
-0.04361
0
0
0.999048
0.428913
1.000002
-0.81608
3
-0.04361
0
0
0.999048
0.428913
1.000002
-0.81608
-0.04361
0
0
0.999048
0.428913
1.000002
-0.81608
-0.04361
0
0
0.999048
0.428913
1.000002
-0.81608
3
-0.04361
0
0
0.999048
0.428913
1.000002
-0.81608
-0.04361
0
0
0.999048
0.428913
1.000002
-0.81608
-0.04361
0
0
0.999048
0.428913
1.000002
-0.81608
3
-0.04361
0
0
0.999048
0.428913
1.000002
-0.81608
-0.04361
0
0
0.999048
0.428913
1.000002
-0.81608
-0.04361
0
0
0.999048
0.428913
1.000002
-0.81608
2
-0.04361
0
0
0.999048
0.428913
1.000002
-0.81608
-0.04361
0
0
0.999048
0.428913
1.000002
-0.81608
2
-0.04361
0
0
0.999048
0.428913
1.000002
-0.81608
-0.04361
0
0
0.999048
0.428913
1.000002
-0.81608
2
-0.04361
0
0
0.999048
0.428913
1.000002
-0.81608
-0.04361
0
0
0.999048
0.428913
1.000002
-0.81608
tailext
False
False
False
True
False
0.061
0.021
0.121
0
0
0
11
0
49
20
8
0
None
7
2
0.173648
0
0
0.984807
0.233058
0.999997
0.339066
0.173648
0
0
0.984807
0.233058
0.999997
0.339066
3
0.173648
0
0
0.984807
0.233058
0.999997
0.339066
0.173648
0
0
0.984807
0.233058
0.999997
0.339066
0.173648
0
0
0.984807
0.233058
0.999997
0.339066
3
0.173648
0
0
0.984807
0.233058
0.999997
0.339066
0.173648
0
0
0.984807
0.233058
0.999997
0.339066
0.173648
0
0
0.984807
0.233058
0.999997
0.339066
3
0.173648
0
0
0.984807
0.233058
0.999997
0.339066
0.173648
0
0
0.984807
0.233058
0.999997
0.339066
0.173648
0
0
0.984807
0.233058
0.999997
0.339066
2
0.173648
0
0
0.984807
0.233058
0.999997
0.339066
0.173648
0
0
0.984807
0.233058
0.999997
0.339066
2
0.173648
0
0
0.984807
0.233058
0.999997
0.339066
0.173648
0
0
0.984807
0.233058
0.999997
0.339066
2
0.173648
0
0
0.984807
0.233058
0.999997
0.339066
0.173648
0
0
0.984807
0.233058
0.999997
0.339066
tire-front
False
False
False
False
False
0.021
0.211
0.201
0
0
0
7
1
14
0
0
-8
0
None
7
2
0
0
0
1
1.000008
0
0.201938
0
0
0
1
1.000008
0
0.201938
3
0
0
0
1
1.000008
0
0.201938
0
0
0
1
1.000008
0
0.201938
0
0
0
1
1.000008
0
0.201938
3
0
0
0
1
1.000008
0
0.201938
0
0
0
1
1.000008
0
0.201938
0
0
0
1
1.000008
0
0.201938
3
0
0
0
1
1.000008
0
0.201938
0
0
0
1
1.000008
0
0.201938
0
0
0
1
1.000008
0
0.201938
2
0
0
0
1
1.000008
0
0.201938
0
0
0
1
1.000008
0
0.201938
2
-0.9848
0
0
0.173648
1.000008
0
0.201938
-0.9848
0
0
0.173648
1.000008
0
0.201938
2
0
0
0
1
1.000008
0
0.201938
0
0
0
1
1.000008
0
0.201938
hubfront
False
False
False
True
False
0.021
0.161
0.151
-0.02
0
0
13
0
0
0
5
0
None
7
2
0
0
0
1
-0.99999
0.005974
-0.01705
0
0
0
1
-0.99999
0.005974
-0.01705
3
0
0
0
1
-0.99999
0.005974
-0.01705
0
0
0
1
-0.99999
0.005974
-0.01705
0
0
0
1
-0.99999
0.005974
-0.01705
3
0
0
0
1
-0.99999
0.005974
-0.01705
0
0
0
1
-0.99999
0.005974
-0.01705
0
0
0
1
-0.99999
0.005974
-0.01705
3
0
0
0
1
-0.99999
0.005974
-0.01705
0
0
0
1
-0.99999
0.005974
-0.01705
0
0
0
1
-0.99999
0.005974
-0.01705
2
0
0
0
1
-0.99999
0.005974
-0.01705
0
0
0
1
-0.99999
0.005974
-0.01705
2
0
0
0
1
-0.99999
0.005974
-0.01705
0
0
0
1
-0.99999
0.005974
-0.01705
2
0
0
0
1
-0.99999
0.005974
-0.01705
0
0
0
1
-0.99999
0.005974
-0.01705
tire-rear
False
False
False
False
False
0.021
0.191
0.191
0.02
0
0
9
1
16
0
0
-8
0
None
7
2
0
0
0
1
1.000035
0
0.051956
0
0
0
1
1.000035
0
0.051956
3
0
0
0
1
1.000035
0
0.051956
0
0
0
1
1.000035
0
0.051956
0
0
0
1
1.000035
0
0.051956
3
0
0
0
1
1.000035
0
0.051956
0
0
0
1
1.000035
0
0.051956
0
0
0
1
1.000035
0
0.051956
3
0
0
0
1
1.000035
0
0.051956
0
0
0
1
1.000035
0
0.051956
0
0
0
1
1.000035
0
0.051956
2
0
0
0
1
1.000035
0
0.051956
0
0
0
1
1.000035
0
0.051956
2
-0.9848
0
0
0.173648
1.000035
0
0.051956
-0.9848
0
0
0.173648
1.000035
0
0.051956
2
0
0
0
1
1.000035
0
0.051956
0
0
0
1
1.000035
0
0.051956
hubrear
False
False
False
True
False
0.021
0.151
0.151
0
0
0
15
0
0
0
5
0
None
7
2
0
0
0
1
-0.99997
0
-0.0218
0
0
0
1
-0.99997
0
-0.0218
3
0
0
0
1
-0.99997
0
-0.0218
0
0
0
1
-0.99997
0
-0.0218
0
0
0
1
-0.99997
0
-0.0218
3
0
0
0
1
-0.99997
0
-0.0218
0
0
0
1
-0.99997
0
-0.0218
0
0
0
1
-0.99997
0
-0.0218
3
0
0
0
1
-0.99997
0
-0.0218
0
0
0
1
-0.99997
0
-0.0218
0
0
0
1
-0.99997
0
-0.0218
2
0
0
0
1
-0.99997
0
-0.0218
0
0
0
1
-0.99997
0
-0.0218
2
0
0
0
1
-0.99997
0
-0.0218
0
0
0
1
-0.99997
0
-0.0218
2
0
0
0
1
-0.99997
0
-0.0218
0
0
0
1
-0.99997
0
-0.0218
pedals1
False
False
False
True
False
0.021
0.131
0.031
0
-0.12
0
0
1
18
0
0
0
0
None
7
2
-0.08715
0
0
0.996194
0.150307
-1
-0.60859
-0.08715
0
0
0.996194
0.150307
-1
-0.60859
3
-0.08715
0
0
0.996194
0.150307
-1
-0.60859
-0.08715
0
0
0.996194
0.150307
-1
-0.60859
-0.08715
0
0
0.996194
0.150307
-1
-0.60859
3
-0.08715
0
0
0.996194
0.150307
-1
-0.60859
-0.08715
0
0
0.996194
0.150307
-1
-0.60859
-0.08715
0
0
0.996194
0.150307
-1
-0.60859
3
-0.08715
0
0
0.996194
0.150307
-1
-0.60859
-0.08715
0
0
0.996194
0.150307
-1
-0.60859
-0.08715
0
0
0.996194
0.150307
-1
-0.60859
2
-0.08715
0
0
0.996194
0.150307
-1
-0.60859
-0.08715
0
0
0.996194
0.150307
-1
-0.60859
2
-0.08715
0
0
0.996194
0.150307
-1
-0.60859
-0.08715
0
0
0.996194
0.150307
-1
-0.60859
2
-0.08715
0
0
0.996194
0.150307
-1
-0.60859
-0.08715
0
0
0.996194
0.150307
-1
-0.60859
pedals2
False
False
False
True
False
0.070999
0.061
0.061
0
0
0
17
3
19
20
22
0
0
0
0
None
7
2
0
0
0
1
-0.03087
-0.99999
-0.00689
0
0
0
1
-0.03087
-0.99999
-0.00689
3
0
0
0
1
-0.03087
-0.99999
-0.00689
0
0
0
1
-0.03087
-0.99999
-0.00689
0
0
0
1
-0.03087
-0.99999
-0.00689
3
0
0
0
1
-0.03087
-0.99999
-0.00689
0
0
0
1
-0.03087
-0.99999
-0.00689
0
0
0
1
-0.03087
-0.99999
-0.00689
3
0
0
0
1
-0.03087
-0.99999
-0.00689
0
0
0
1
-0.03087
-0.99999
-0.00689
0
0
0
1
-0.03087
-0.99999
-0.00689
2
0
0
0
1
-0.03087
-0.99999
-0.00689
0
0
0
1
-0.03087
-0.99999
-0.00689
2
0
0
0
1
-0.03087
-0.99999
-0.00689
0
0
0
1
-0.03087
-0.99999
-0.00689
2
0
0
0
1
-0.03087
-0.99999
-0.00689
0
0
0
1
-0.03087
-0.99999
-0.00689
pedals3
False
False
False
True
False
0.031
0.031
0.211
0
0
0.22
18
0
0
0
0
0
None
7
2
-0.21643
0
0
0.976296
0
0
1.000007
-0.21643
0
0
0.976296
0
0
1.000007
3
-0.21643
0
0
0.976296
0
0
1.000007
-0.21643
0
0
0.976296
0
0
1.000007
-0.21643
0
0
0.976296
0
0
1.000007
3
-0.21643
0
0
0.976296
0
0
1.000007
-0.21643
0
0
0.976296
0
0
1.000007
-0.21643
0
0
0.976296
0
0
1.000007
3
-0.21643
0
0
0.976296
0
0
1.000007
-0.21643
0
0
0.976296
0
0
1.000007
-0.21643
0
0
0.976296
0
0
1.000007
2
-0.21643
0
0
0.976296
0
0
1.000007
-0.21643
0
0
0.976296
0
0
1.000007
2
-0.21643
0
0
0.976296
0
0
1.000007
-0.21643
0
0
0.976296
0
0
1.000007
2
-0.21643
0
0
0.976296
0
0
1.000007
-0.21643
0
0
0.976296
0
0
1.000007
pedals4
False
False
False
False
False
0.021
0.031
0.080999
-0.02
0
0.099999
18
1
21
0
0
0
0
None
7
2
0.216439
0
0
0.976296
-1
0
-0.23047
0.216439
0
0
0.976296
-1
0
-0.23047
3
0.216439
0
0
0.976296
-1
0
-0.23047
0.216439
0
0
0.976296
-1
0
-0.23047
0.216439
0
0
0.976296
-1
0
-0.23047
3
0.216439
0
0
0.976296
-1
0
-0.23047
0.216439
0
0
0.976296
-1
0
-0.23047
0.216439
0
0
0.976296
-1
0
-0.23047
3
0.216439
0
0
0.976296
-1
0
-0.23047
0.216439
0
0
0.976296
-1
0
-0.23047
0.216439
0
0
0.976296
-1
0
-0.23047
2
0.216439
0
0
0.976296
-1
0
-0.23047
0.216439
0
0
0.976296
-1
0
-0.23047
2
-0.92387
0
0
0.382683
-1
0
-0.23047
-0.92387
0
0
0.382683
-1
0
-0.23047
2
0.216439
0
0
0.976296
-1
0
-0.23047
0.216439
0
0
0.976296
-1
0
-0.23047
pedals5
False
False
False
False
False
0.090999
0.021
0.061
-0.06
0
0
20
0
0
0
-8
0
None
7
2
0
0
0
1
-1
0
0.779269
0
0
0
1
-1
0
0.779269
3
0
0
0
1
-1
0
0.779269
0
0
0
1
-1
0
0.779269
0
0
0
1
-1
0
0.779269
3
0
0
0
1
-1
0
0.779269
0
0
0
1
-1
0
0.779269
0
0
0
1
-1
0
0.779269
3
0
0
0
1
-1
0
0.779269
0
0
0
1
-1
0
0.779269
0
0
0
1
-1
0
0.779269
2
0
0
0
1
-1
0
0.779269
0
0
0
1
-1
0
0.779269
2
-0.9848
0
0
0.173648
-1
0
0.779269
-0.9848
0
0
0.173648
-1
0
0.779269
2
0
0
0
1
-1
0
0.779269
0
0
0
1
-1
0
0.779269
pedals11
False
False
False
False
False
0.021
0.031
0.091
0
0
0
18
1
23
0
0
0
0
None
7
2
0.216439
0
0
0.976296
0.985024
0.958307
-1
0.216439
0
0
0.976296
0.985024
0.958307
-1
3
0.216439
0
0
0.976296
0.985024
0.958307
-1
0.216439
0
0
0.976296
0.985024
0.958307
-1
0.216439
0
0
0.976296
0.985024
0.958307
-1
3
0.216439
0
0
0.976296
0.985024
0.958307
-1
0.216439
0
0
0.976296
0.985024
0.958307
-1
0.216439
0
0
0.976296
0.985024
0.958307
-1
3
0.216439
0
0
0.976296
0.985024
0.958307
-1
0.216439
0
0
0.976296
0.985024
0.958307
-1
0.216439
0
0
0.976296
0.985024
0.958307
-1
2
0.216439
0
0
0.976296
0.985024
0.958307
-1
0.216439
0
0
0.976296
0.985024
0.958307
-1
2
-0.92387
0
0
0.382683
0.985024
0.958307
-1
-0.92387
0
0
0.382683
0.985024
0.958307
-1
2
0.216439
0
0
0.976296
0.985024
0.958307
-1
0.216439
0
0
0.976296
0.985024
0.958307
-1
pedals12
False
False
False
False
False
0.090999
0.021
0.061
0.06
0
0
22
0
0
0
0
0
None
7
2
0
0
0
1
1.000007
-0.21908
-0.89849
0
0
0
1
1.000007
-0.21908
-0.89849
3
0
0
0
1
1.000007
-0.21908
-0.89849
0
0
0
1
1.000007
-0.21908
-0.89849
0
0
0
1
1.000007
-0.21908
-0.89849
3
0
0
0
1
1.000007
-0.21908
-0.89849
0
0
0
1
1.000007
-0.21908
-0.89849
0
0
0
1
1.000007
-0.21908
-0.89849
3
0
0
0
1
1.000007
-0.21908
-0.89849
0
0
0
1
1.000007
-0.21908
-0.89849
0
0
0
1
1.000007
-0.21908
-0.89849
2
0
0
0
1
1.000007
-0.21908
-0.89849
0
0
0
1
1.000007
-0.21908
-0.89849
2
-0.9848
0
0
0.173648
1.000007
-0.21908
-0.89849
-0.9848
0
0
0.173648
1.000007
-0.21908
-0.89849
2
0
0
0
1
1.000007
-0.21908
-0.89849
0
0
0
1
1.000007
-0.21908
-0.89849
