30
0.283150
0.835294
0.811764
0.811764
perk_shrink
false
0.745480
hopping
fluffball
coelha
pulando
bola fluff
кролик
прыжковый
пух мяч
kelinci
melompat
bola-bulu
conejito
saltando
pelusa
กระต่าย
กระโดด
ลูกปุย
pulando
прыжковая
saltanda
F
M
F
прыжковое
false
Fur
Uncooked Meat
Bones
?
?
15
torso
False
False
False
False
False
0.111
0.141
0.131
0
0
0
-1
4
1
5
6
7
0
0
0
0
None
7
2
0.034899
0
0
0.99939
0
0
0
0.034899
0
0
0.99939
0
0.08
0
3
0.139173
0
0
0.990268
0
0
0
-0.10452
0
0
0.994522
0
0.02
0
0.034899
0
0
0.99939
0
0.02
0
3
0.034766
0.087102
0.003041
0.995587
0
0
0
-0.06975
0
0
0.997564
0
0
0
0.034559
-0.13908
-0.00485
0.989664
0
0
0
3
0.034899
0
0
0.99939
0
-0.06
-0.32
0.165047
0
0
0.986285
0
0.04
0.12
0.165047
0
0
0.986285
0
0.04
0.18
2
-0.46947
0
0
0.882947
0
0.099999
0.22
-0.50753
0
0
0.861629
0
0.099999
0.22
2
-0.99939
0
0
0.034899
0
-0.4
-0.4
-0.99939
0
0
0.034899
0
-0.42
-0.4
2
-0.30901
0
0
0.951056
0
0
0
-0.39073
0
0
0.920504
0
0
0
neck
False
False
False
True
False
0.080999
0.101
0.101
0
0
0
0
1
2
0
0
0
0
None
7
2
-0.25881
0
0
0.965925
0
0.339464
1.000002
-0.25881
0
0
0.965925
0
0.339464
1.000002
3
-0.25881
0
0
0.965925
0
0.339464
1.000002
-0.25881
0
0
0.965925
0
0.339464
1.000002
-0.25881
0
0
0.965925
0
0.339464
1.000002
3
-0.25881
0
0
0.965925
0
0.339464
1.000002
-0.25881
0
0
0.965925
0
0.339464
1.000002
-0.25881
0
0
0.965925
0
0.339464
1.000002
3
0.216439
0
0
0.976295
0
0.339464
1.000002
0.216439
0
0
0.976295
0
0.339464
1.000002
-0.13052
0
0
0.991444
0
0.339464
1.000002
2
0.173648
0
0
0.984807
0
-0.00204
0.999993
0.173648
0
0
0.984807
0
-0.00204
0.999993
2
-0.25881
0
0
0.965925
0
0.339464
1.000002
-0.25881
0
0
0.965925
0
0.339464
1.000002
2
-0.25881
0
0
0.965925
0
0.339464
1.000002
-0.04543
0.018531
-0.05877
0.997064
0
-0.36647
1.000005
head
False
False
False
False
False
0.131
0.121
0.091
0
0
0
1
4
3
4
12
13
0
0
0
0
None
7
2
-0.12186
0
0
0.992546
0
-0.02349
1.000006
-0.22495
0
0
0.97437
0
-0.02349
1.000006
3
-0.15643
0
0
0.987688
0
-0.02349
1.000006
-0.06975
0
0
0.997564
0
-0.02349
1.000006
-0.12186
0
0
0.992546
0
-0.02349
1.000006
3
-0.12186
0
0
0.992546
0
-0.02349
1.000006
-0.12186
0
0
0.992546
0
-0.02349
1.000006
-0.12186
0
0
0.992546
0
-0.02349
1.000006
3
0.390731
0
0
0.920504
0
-0.02349
1.000006
0.267238
0
0
0.96363
0
-0.02349
1.000006
0.267238
0
0
0.96363
0
-0.02349
1.000006
2
-0.12186
0
0
0.992546
0
-0.02349
1.000006
-0.12186
0
0
0.992546
0
-0.02349
1.000006
2
-0.97437
0
0
0.224951
0
-1
0.77154
-0.97437
0
0
0.224951
0
-1
0.77154
2
-0.12186
0
0
0.992546
0
-0.02349
1.000006
-0.12186
0
0
0.992546
0
-0.02349
1.000006
nose
False
False
False
True
False
0.020999
0.021
0.011
0
0
0.02
2
0
0
13
-2
0
None
7
2
0.017388
-0.00233
0
0.999845
0.026198
-0.29572
0.999997
0.017388
-0.00233
0
0.999845
0.026198
-0.29572
0.999997
3
0.017388
-0.00233
0
0.999845
0.026198
-0.29572
0.999997
0.017388
-0.00233
0
0.999845
0.026198
-0.29572
0.999997
0.017388
-0.00233
0
0.999845
0.026198
-0.29572
0.999997
3
0.017388
-0.00233
0
0.999845
0.026198
-0.29572
0.999997
0.017388
-0.00233
0
0.999845
0.026198
-0.29572
0.999997
0.017388
-0.00233
0
0.999845
0.026198
-0.29572
0.999997
3
0.017388
-0.00233
0
0.999845
0.026198
-0.29572
0.999997
0.017388
-0.00233
0
0.999845
0.026198
-0.29572
0.999997
0.017388
-0.00233
0
0.999845
0.026198
-0.29572
0.999997
2
0.017388
-0.00233
0
0.999845
0.026198
-0.29572
0.999997
0.017388
-0.00233
0
0.999845
0.026198
-0.29572
0.999997
2
0.017388
-0.00233
0
0.999845
0.026198
-0.29572
0.999997
0.017388
-0.00233
0
0.999845
0.026198
-0.29572
0.999997
2
0.017388
-0.00233
0
0.999845
0.026198
-0.29572
0.999997
0.017388
-0.00233
0
0.999845
0.026198
-0.29572
0.999997
eyes
True
True
False
True
False
0.09
0.090000
0.05
0
0
0.01
2
0
0
0
0
0
DerpyEye
7
2
-0.03463
-0.12179
0.004253
0.991941
-0.82842
0.144409
1.000009
-0.03463
-0.12179
0.004253
0.991941
-0.82842
0.144409
1.000009
3
-0.03463
-0.12179
0.004253
0.991941
-0.82842
0.144409
1.000009
-0.03463
-0.12179
0.004253
0.991941
-0.82842
0.144409
1.000009
-0.03463
-0.12179
0.004253
0.991941
-0.82842
0.144409
1.000009
3
-0.03463
-0.12179
0.004253
0.991941
-0.82842
0.144409
1.000009
-0.03463
-0.12179
0.004253
0.991941
-0.82842
0.144409
1.000009
-0.03463
-0.12179
0.004253
0.991941
-0.82842
0.144409
1.000009
3
-0.03463
-0.12179
0.004253
0.991941
-0.82842
0.144409
1.000009
-0.03463
-0.12179
0.004253
0.991941
-0.82842
0.144409
1.000009
-0.03463
-0.12179
0.004253
0.991941
-0.82842
0.144409
1.000009
2
-0.03463
-0.12179
0.004253
0.991941
-0.82842
0.144409
1.000009
-0.03463
-0.12179
0.004253
0.991941
-0.82842
0.144409
1.000009
2
-0.03463
-0.12179
0.004253
0.991941
-0.82842
0.144409
1.000009
-0.03463
-0.12179
0.004253
0.991941
-0.82842
0.144409
1.000009
2
-0.03463
-0.12179
0.004253
0.991941
-0.82842
0.144409
1.000009
-0.03463
-0.12179
0.004253
0.991941
-0.82842
0.144409
1.000009
shoulder
False
True
False
False
False
0.031
0.061
0.091
0
0
0
0
1
8
0
0
-2
0
None
7
2
-0.69465
0
0
0.71934
-1
-0.46371
0.636011
-0.69465
0
0
0.71934
-1
-0.79222
0.636015
3
-0.76604
0
0
0.642787
-1
-0.46371
0.636011
-0.86602
0
0
0.5
-0.98731
-0.99999
0.793694
-0.52862
-0.05915
0.036965
0.845982
-1
-0.46371
0.636011
3
-0.68789
0.100112
-0.09667
0.712339
-1
-0.46371
0.636011
-0.69465
0
0
0.71934
-1
-0.24951
0.63601
-0.68948
-0.08766
0.084657
0.713978
-1
-0.46371
0.636011
3
-0.85719
0.13182
-0.27027
0.418082
-0.67319
-0.99999
0.533629
-0.69465
0
0
0.71934
-1
-0.46371
0.636011
-0.69465
0
0
0.71934
-1
-0.46371
0.636011
2
-0.68871
-0.09389
0.090671
0.713185
-0.61187
-0.99999
0.577157
-0.68871
-0.09389
0.090671
0.713185
-0.61187
-0.99999
0.577157
2
-0.71934
0
0
-0.69465
-1
-0.46371
0.636011
-0.71934
0
0
-0.69465
-1
-0.46371
0.636011
2
-0.65356
0.065777
0.057179
-0.75183
-0.99999
0.472312
0.371921
-0.51307
0.054848
0.067732
-0.8539
-1
0.529634
0.300017
hip
False
True
True
False
False
0.051
0.071000
0.081000
0
0
0
0
1
10
0
0
-3
0
None
7
2
-0.55919
0
0
0.829037
-1
-0.54598
-0.71996
-0.62932
0
0
0.777146
-0.96986
-0.99999
-0.60934
3
-0.55919
0
0
0.829037
-0.99999
-0.81894
-0.84007
-0.55919
0
0
0.829037
-0.99999
-0.30471
-0.52035
-0.7547
0
0
0.656059
-1
-0.68348
-0.30428
3
-0.54258
0.200562
-0.13528
0.804411
-1
-0.54598
-0.71996
-0.55919
0
0
0.829037
-1
-0.28563
-0.71998
-0.55069
-0.14396
0.097102
0.816442
-1
-0.63198
-0.71996
3
-0.40673
0
0
0.913545
-1
-0.54598
-0.71996
-0.55919
0
0
0.829037
-1
-0.54598
-0.71996
-0.4848
0
0
0.874619
-1
-0.54598
-0.71996
2
-0.99813
0
0
0.061048
-0.99999
-0.04405
-0.5706
-0.99813
0
0
0.061048
-0.99999
-0.04405
-0.5706
2
-0.82903
0
0
-0.55919
-1
-0.54598
-0.71996
-0.82903
0
0
-0.55919
-1
-0.54598
-0.71996
2
-0.55919
0
0
0.829037
-1
-0.54598
-0.71996
-0.55919
0
0
0.829037
-1
-0.54598
-0.71996
tail
False
False
False
False
False
0.081
0.071
0.081
0
0
0.04
0
0
0
0
0
0
None
7
2
-0.7071
0
0
0.707106
0.031321
1.000004
-0.87474
-0.7071
0
0
0.707106
0.031321
1.000004
-0.87474
3
-0.7071
0
0
0.707106
0.031321
1.000004
-0.87474
-0.7071
0
0
0.707106
0.031321
1.000004
-0.87474
-0.7071
0
0
0.707106
0.031321
1.000004
-0.87474
3
-0.7071
0
0
0.707106
0.031321
1.000004
-0.87474
-0.7071
0
0
0.707106
0.031321
1.000004
-0.87474
-0.7071
0
0
0.707106
0.031321
1.000004
-0.87474
3
-0.49999
0
0
0.866025
0.031321
1.000004
-0.87474
-0.7071
0
0
0.707106
0.031321
1.000004
-0.87474
-0.7071
0
0
0.707106
0.031321
1.000004
-0.87474
2
-0.7071
0
0
0.707106
0.031321
1.000004
-0.87474
-0.7071
0
0
0.707106
0.031321
1.000004
-0.87474
2
-0.7071
0
0
-0.7071
0.031321
1.000004
-0.87474
-0.7071
0
0
-0.7071
0.031321
1.000004
-0.87474
2
-0.7071
0
0
0.707106
0.031321
1.000004
-0.87474
-0.7071
0
0
0.707106
0.031321
1.000004
-0.87474
arm
False
False
False
False
False
0.031
0.041
0.061
0
0
-0.02
5
1
9
0
0
0
0
None
7
2
-0.9063
0
0
0.422618
0.148942
0
-1
-0.82903
0
0
0.559192
0.148942
0
-1
3
-0.80901
0
0
0.587785
0.14894
-0.26367
-0.99998
-0.9063
0
0
0.422618
0.148942
0
-1
-0.52846
-0.20289
0.13176
0.813758
0.148942
0
-1
3
-0.89514
0.066112
-0.14177
0.417415
0.148942
0
-1
-0.9063
0
0
0.422618
0.148942
0
-1
-0.9063
0
0
0.422618
0.148942
0
-1
3
-0.9848
0
0
0.173648
0.148942
0
-1
-0.9063
0
0
0.422618
0.148942
0
-1
-0.9063
0
0
0.422618
0.148942
0
-1
2
-0.9063
0
0
0.422618
0.148942
0
-1
-0.9063
0
0
0.422618
0.148942
0
-1
2
-0.42261
0
0
-0.9063
0.148942
0
-1
-0.42261
0
0
-0.9063
0.148942
0
-1
2
-0.66446
0.241844
0.241844
-0.66446
0.148942
0
-1
-0.46984
0.17101
0.296198
-0.81379
0.148942
0
-1
hand
False
False
False
False
False
0.041
0.021
0.031
0
-0.02
0
8
0
0
0
-2
0
None
7
2
0
0
0
1
0.191498
-0.93765
-1.00001
0.139173
0
0
0.990268
0.191538
-0.52062
-0.99999
3
0
0
0
1
0.191498
-0.93765
-1.00001
0
0
0
1
0.191498
-0.93765
-1.00001
0
0
0
1
0.191498
-0.93765
-1.00001
3
0
0
0
1
0.191498
-0.93765
-1.00001
0
0
0
1
0.191498
-0.93765
-1.00001
0
0
0
1
0.191498
-0.93765
-1.00001
3
0
0
0
1
0.191498
-0.93765
-1.00001
0
0
0
1
0.191498
-0.93765
-1.00001
0
0
0
1
0.191498
-0.93765
-1.00001
2
0
0
0
1
0.191498
-0.93765
-1.00001
0
0
0
1
0.191498
-0.93765
-1.00001
2
-1
0
0
0
0.191498
-0.93765
-1.00001
-1
0
0
0
0.191498
-0.93765
-1.00001
2
-0.76604
0
0
0.642787
0.191302
-0.13279
-1
-0.76604
0
0
0.642787
0.191302
-0.13279
-1
leg
False
False
True
False
False
0.031
0.041
0.071
0
0
-0.06
6
1
11
0
0
0
0
None
7
2
-0.86602
0
0
0.5
0.172207
0.582535
-1.00001
-0.73135
0
0
0.681998
0.172207
0.582535
-1.00001
3
-0.60181
0
0
0.798635
0.172207
0.582535
-1.00001
-0.85759
0.069586
-0.12052
0.495134
0.172207
0.582535
-1.00001
-0.86602
0
0
0.5
0.172222
0.318545
-1.00001
3
-0.8471
0.103955
-0.18005
0.489074
0.172207
0.582535
-1.00001
-0.93969
0
0
0.34202
0.172207
0.582535
-1.00001
-0.85286
-0.08682
0.150383
0.492404
0.172207
0.582535
-1.00001
3
-0.86602
0
0
0.5
0.172207
0.582535
-1.00001
-0.67559
0
0
0.737277
0.172207
0.582535
-1.00001
-0.53678
-0.0019
0.043577
0.842589
0.172207
0.582535
-1.00001
2
-0.99904
0
0
-0.04361
0.172207
0.582535
-1.00001
-0.99904
0
0
-0.04361
0.172207
0.582535
-1.00001
2
-0.5
0
0
-0.86602
0.172207
0.582535
-1.00001
-0.5
0
0
-0.86602
0.172207
0.582535
-1.00001
2
-0.86602
0
0
0.5
0.172207
0.582535
-1.00001
-0.86602
0
0
0.5
0.172207
0.582535
-1.00001
foot
False
False
True
False
False
0.041
0.031
0.061
0
0
0.04
10
0
0
0
-2
0
None
7
2
0
-0.15643
0
0.987688
0.328644
0.551306
-0.99999
0
-0.15643
0
0.987688
0.328644
0.551306
-0.99999
3
0
-0.15643
0
0.987688
0.328644
0.551306
-0.99999
0
-0.15643
0
0.987688
0.328644
0.551306
-0.99999
0
-0.15643
0
0.987688
0.328644
0.551306
-0.99999
3
0
-0.15643
0
0.987688
0.328644
0.551306
-0.99999
0
-0.15643
0
0.987688
0.328644
0.551306
-0.99999
0
-0.15643
0
0.987688
0.328644
0.551306
-0.99999
3
0
-0.15643
0
0.987688
0.328644
0.551306
-0.99999
0
-0.15643
0
0.987688
0.328644
0.551306
-0.99999
0
-0.15643
0
0.987688
0.328644
0.551306
-0.99999
2
-0.60126
-0.1241
-0.09523
0.783585
0.328644
0.551306
-0.99999
-0.60126
-0.1241
-0.09523
0.783585
0.328644
0.551306
-0.99999
2
-0.98768
0
0.156434
0
0.328644
0.551306
-0.99999
-0.98768
0
0.156434
0
0.328644
0.551306
-0.99999
2
0
-0.15643
0
0.987688
0.328644
0.551306
-0.99999
0
-0.15643
0
0.987688
0.328644
0.551306
-0.99999
ear
False
True
False
True
True
0.141
0.061000
0.021
-0.06
0
0
2
0
0
0
0
0
None
7
2
0.082697
0.155857
-0.44591
0.877511
-0.69825
1.000007
-0.53034
-0.01182
-0.02999
-0.45336
0.89074
-0.69825
1.000007
-0.53034
3
0.082697
0.155857
-0.44591
0.877511
-0.69825
1.000007
-0.53034
0.082697
0.155857
-0.44591
0.877511
-0.69825
1.000007
-0.53034
0.082697
0.155857
-0.44591
0.877511
-0.69825
1.000007
-0.53034
3
0.082697
0.155857
-0.44591
0.877511
-0.69825
1.000007
-0.53034
0.082697
0.155857
-0.44591
0.877511
-0.69825
1.000007
-0.53034
0.082697
0.155857
-0.44591
0.877511
-0.69825
1.000007
-0.53034
3
0.082697
0.155857
-0.44591
0.877511
-0.69825
1.000007
-0.53034
0.495922
0.402859
-0.16063
0.752304
-0.69825
1.000007
-0.53034
0.134048
-0.38584
-0.20962
0.888375
-0.69825
1.000007
-0.53034
2
0.082697
0.155857
-0.44591
0.877511
-0.69825
1.000007
-0.53034
0.082697
0.155857
-0.44591
0.877511
-0.69825
1.000007
-0.53034
2
0.082697
0.155857
-0.44591
0.877511
-0.69825
1.000007
-0.53034
0.082697
0.155857
-0.44591
0.877511
-0.69825
1.000007
-0.53034
2
0.082697
0.155857
-0.44591
0.877511
-0.69825
1.000007
-0.53034
0.082697
0.155857
-0.44591
0.877511
-0.69825
1.000007
-0.53034
snout
False
False
False
True
False
0.051
0.041
0.021
0
0
-0.02
2
1
14
0
0
0
0
None
7
2
0
0
0
1
0.048582
-0.72819
1.000003
0
0
0
1
0.048582
-0.72819
1.000003
3
0
0
0
1
0.048582
-0.72819
1.000003
0
0
0
1
0.048582
-0.72819
1.000003
0
0
0
1
0.048582
-0.72819
1.000003
3
0
0
0
1
0.048582
-0.72819
1.000003
0
0
0
1
0.048582
-0.72819
1.000003
0
0
0
1
0.048582
-0.72819
1.000003
3
0
0
0
1
0.048582
-0.72819
1.000003
0
0
0
1
0.048582
-0.72819
1.000003
0
0
0
1
0.048582
-0.72819
1.000003
2
0
0
0
1
0.048582
-0.72819
1.000003
0
0
0
1
0.048582
-0.72819
1.000003
2
0
0
0
1
0.048582
-0.72819
1.000003
0
0
0
1
0.048582
-0.72819
1.000003
2
0
0
0
1
0.048582
-0.72819
1.000003
0
0
0
1
0.048582
-0.72819
1.000003
mouth
True
False
False
True
False
0.05
0.05
0.05
0
0
0.01
13
0
0
0
0
0
CuteMouth
7
2
0
0
0
1
-0.16218
0.337313
0.99999
0
0
0
1
-0.16218
0.337313
0.99999
3
0
0
0
1
-0.16218
0.337313
0.99999
0
0
0
1
-0.16218
0.337313
0.99999
0
0
0
1
-0.16218
0.337313
0.99999
3
0
0
0
1
-0.16218
0.337313
0.99999
0
0
0
1
-0.16218
0.337313
0.99999
0
0
0
1
-0.16218
0.337313
0.99999
3
0
0
0
1
-0.16218
0.337313
0.99999
0
0
0
1
-0.16218
0.337313
0.99999
0
0
0
1
-0.16218
0.337313
0.99999
2
0
0
0
1
-0.16218
0.337313
0.99999
0
0
0
1
-0.16218
0.337313
0.99999
2
0
0
0
1
-0.16218
0.337313
0.99999
0
0
0
1
-0.16218
0.337313
0.99999
2
0
0
0
1
-0.16218
0.337313
0.99999
0
0
0
1
-0.16218
0.337313
0.99999
