30
0.207905
0.666666
0.325490
0.870588
perk_pollinator
false
0.150482
flutter
beauty
borboleta
batendo
beleza
бабочка
хлопая
красота
kupu
berkibar
kecantikan
mariposa
revoloteando
belleza
ผีเสื้อ
กระพือ
ความงาม
batendo
хлопая
revoloteando
F
F
F
хлопая
false
Bug Meat
?
?
?
?
20
torso
False
False
False
False
False
0.071
0.061
0.091
0
0
0
-1
5
1
4
5
13
15
0
2
-6
0
None
7
2
0.026176
0
0
0.999657
0
0
0
0.069756
0
0
0.997564
0
0
0
3
0.069756
0
0
0.997564
0
0
0
-0.06104
0
0
0.998134
0
0
0
0.026176
0
0
0.999657
0
0
0
3
0.026176
0
0
0.999657
0
0
0
0.026176
0
0
0.999657
0
0
0
0.026176
0
0
0.999657
0
0
0
3
0.199368
0
0
0.979924
0
-0.02
-0.22
-0.23344
0
0
0.972369
0
0
0.24
-0.23344
0
0
0.972369
0
0.08
0.24
2
-0.39874
0
0
0.91706
0
0.2
0.28
-0.39874
0
0
0.91706
0
0.2
0.28
2
-0.99965
0
0
0.026177
0
-0.45999
-0.37999
-0.99965
0
0
0.026177
0
-0.48
-0.37999
2
0.026176
0
0
0.999657
0
0
0
0.026176
0
0
0.999657
0
0
0
neck
False
False
False
True
False
0.071
0.071
0.071
0
0
0.06
0
1
2
0
0
0
0
None
7
2
0
0
0
1
0
0.023827
1.000008
-0.04361
0
0
0.999048
0
0.023827
1.000008
3
0
0
0
1
0
0.023827
1.000008
0
0
0
1
0
0.023827
1.000008
0
0
0
1
0
0.023827
1.000008
3
0
0
0
1
0
0.28409
1.000002
0
0
0
1
0
0.28409
1.000002
0
0
0
1
0
0.28409
1.000002
3
0
0
0
1
0
0.023827
1.000008
0
0
0
1
0
0.023827
1.000008
0
0
0
1
0
0.023827
1.000008
2
0
0
0
1
0
0.023827
1.000008
0
0
0
1
0
0.023827
1.000008
2
0
0
0
1
0
0.023827
1.000008
0
0
0
1
0
0.023827
1.000008
2
0
0
0
1
0
0.28409
1.000002
0
0
0
1
0
0.28409
1.000002
head
False
False
False
False
False
0.070999
0.051
0.051
0
0
0
1
3
3
10
11
0
3
-6
0
None
7
2
0.113203
0
0
0.993571
0.013187
0.005518
1.000024
0.113203
0
0
0.993571
0.013187
0.005518
1.000024
3
0.113203
0
0
0.993571
0.013187
0.005518
1.000024
0.113203
0
0
0.993571
0.013187
0.005518
1.000024
0.113203
0
0
0.993571
0.013187
0.005518
1.000024
3
0.113203
0
0
0.993571
0.013187
0.005518
1.000024
0.113203
0
0
0.993571
0.013187
0.005518
1.000024
0.113203
0
0
0.993571
0.013187
0.005518
1.000024
3
0.406736
0
0
0.913545
0.013187
0.005518
1.000024
-0.39874
0
0
0.91706
0.013187
0.005518
1.000024
0.113203
0
0
0.993571
0.013187
0.005518
1.000024
2
0.113203
0
0
0.993571
0.013187
0.005518
1.000024
0.113203
0
0
0.993571
0.013187
0.005518
1.000024
2
-0.99357
0
0
0.113203
0.013187
0.005518
1.000024
-0.99357
0
0
0.113203
0.013187
0.005518
1.000024
2
0.113203
0
0
0.993571
0.013187
0.005518
1.000024
0.113203
0
0
0.993571
0.013187
0.005518
1.000024
eyes
True
True
False
True
False
0.05
0.06
0.05
0
0
0.01
2
0
0
0
0
0
BlackEye
7
2
0.024167
-0.13705
-0.17195
0.975223
-0.73001
-0.01437
0.999999
0.024167
-0.13705
-0.17195
0.975223
-0.73001
-0.01437
0.999999
3
0.024167
-0.13705
-0.17195
0.975223
-0.73001
-0.01437
0.999999
0.024167
-0.13705
-0.17195
0.975223
-0.73001
-0.01437
0.999999
0.024167
-0.13705
-0.17195
0.975223
-0.73001
-0.01437
0.999999
3
0.024167
-0.13705
-0.17195
0.975223
-0.73001
-0.01437
0.999999
0.024167
-0.13705
-0.17195
0.975223
-0.73001
-0.01437
0.999999
0.024167
-0.13705
-0.17195
0.975223
-0.73001
-0.01437
0.999999
3
0.024167
-0.13705
-0.17195
0.975223
-0.73001
-0.01437
0.999999
0.024167
-0.13705
-0.17195
0.975223
-0.73001
-0.01437
0.999999
0.024167
-0.13705
-0.17195
0.975223
-0.73001
-0.01437
0.999999
2
0.024167
-0.13705
-0.17195
0.975223
-0.73001
-0.01437
0.999999
0.024167
-0.13705
-0.17195
0.975223
-0.73001
-0.01437
0.999999
2
0.024167
-0.13705
-0.17195
0.975223
-0.73001
-0.01437
0.999999
0.024167
-0.13705
-0.17195
0.975223
-0.73001
-0.01437
0.999999
2
0.024167
-0.13705
-0.17195
0.975223
-0.73001
-0.01437
0.999999
0.024167
-0.13705
-0.17195
0.975223
-0.73001
-0.01437
0.999999
shoulder
False
True
True
False
False
0.031000
0.021000
0.111000
0
0
-0.06
0
1
6
-7
3
-2
0
None
7
2
-0.56785
0.693548
-0.32505
0.301456
-0.99999
-0.85803
0.747156
-0.56785
0.693548
-0.32505
0.301456
-0.99999
-0.85803
0.747156
3
-0.40926
0.516363
-0.56571
0.495817
-0.99999
-0.85803
0.747156
-0.47048
0.585786
-0.49347
0.438155
-0.99999
-0.3672
0.649104
-0.59177
0.756003
-0.22159
0.17075
-0.99999
-0.85803
0.747156
3
-0.45092
0.563704
-0.51856
0.458261
-0.99999
-0.85803
0.747156
-0.45092
0.563704
-0.51856
0.458261
-0.99999
-0.85803
0.747156
-0.45092
0.563704
-0.51856
0.458261
-0.99999
-0.85803
0.747156
3
-0.56785
0.693548
-0.32505
0.301456
-0.99999
-0.85803
0.747156
-0.58442
0.76354
-0.26162
-0.08372
-0.99999
-0.85803
0.747156
-0.68952
0.595989
0.044494
0.409105
-0.99999
-0.85803
0.747156
2
-0.53736
0.717182
-0.3733
0.239862
-0.63348
-1
0.146893
-0.53736
0.717182
-0.3733
0.239862
-0.63348
-1
0.146893
2
-0.30145
-0.32505
-0.69354
-0.56785
-0.99999
-0.85803
0.747156
-0.30145
-0.32505
-0.69354
-0.56785
-0.99999
-0.85803
0.747156
2
-0.45092
0.563704
-0.51856
0.458261
-0.99999
-0.85803
0.747156
-0.45092
0.563704
-0.51856
0.458261
-0.99999
-0.85803
0.747156
hip
False
True
True
False
False
0.021000
0.021
0.081000
0
0
-0.06
0
1
8
-7
3
-2
0
None
7
2
0.007483
0.651145
-0.56188
0.510138
-0.90691
-0.17203
-1
0.007483
0.651145
-0.56188
0.510138
-0.90691
-0.17203
-1
3
-0.1248
0.774384
-0.3742
0.494693
-0.90691
-0.17203
-1
-0.02282
0.779684
-0.43023
0.454386
-0.90691
-0.17203
-1
0.099828
0.491813
-0.68434
0.528988
-0.90691
-0.17203
-1
3
0.202136
0.386557
-0.76829
0.468442
-0.90691
-0.17203
-1
0.202136
0.386557
-0.76829
0.468442
-0.90691
-0.17203
-1
0.202136
0.386557
-0.76829
0.468442
-0.90691
-0.17203
-1
3
0.007483
0.651145
-0.56188
0.510138
-0.97411
-0.99999
-0.91644
-0.04082
0.222209
-0.74817
0.623846
-0.86034
-0.75401
-1
-0.04082
0.222209
-0.74817
0.623846
-0.86034
-0.75401
-1
2
0.100925
0.769413
-0.5235
0.351786
-1.00001
0.049643
-0.69563
0.100925
0.769413
-0.5235
0.351786
-1.00001
0.049643
-0.69563
2
-0.51013
-0.56188
-0.65114
0.007484
-0.90691
-0.17203
-1
-0.51013
-0.56188
-0.65114
0.007484
-0.90691
-0.17203
-1
2
0.202136
0.386557
-0.76829
0.468442
-0.90691
-0.17203
-1
0.202136
0.386557
-0.76829
0.468442
-0.90691
-0.17203
-1
arm
False
False
True
False
False
0.011
0.021
0.091
0
0
-0.04
4
1
7
-7
3
-2
0
None
7
2
-0.75925
-0.12892
-0.14454
0.621298
0.189457
-0.09502
-0.99999
-0.75925
-0.12892
-0.14454
0.621298
0.189457
-0.09502
-0.99999
3
-0.75925
-0.12892
-0.14454
0.621298
0.189457
-0.09502
-0.99999
-0.75925
-0.12892
-0.14454
0.621298
0.189457
-0.09502
-0.99999
-0.87573
-0.09458
-0.16902
0.442237
0.189457
-0.09502
-0.99999
3
-0.75925
-0.12892
-0.14454
0.621298
0.189457
-0.09502
-0.99999
-0.75925
-0.12892
-0.14454
0.621298
0.189457
-0.09502
-0.99999
-0.75925
-0.12892
-0.14454
0.621298
0.189457
-0.09502
-0.99999
3
-0.75925
-0.12892
-0.14454
0.621298
0.189457
-0.09502
-0.99999
-0.94443
0.044455
-0.18851
-0.26558
0.189457
-0.09502
-0.99999
-0.92596
-0.07171
-0.17991
0.324148
0.189457
-0.09502
-0.99999
2
-0.63983
-0.15206
-0.11995
0.743703
0.189457
-0.09502
-0.99999
-0.63983
-0.15206
-0.11995
0.743703
0.189457
-0.09502
-0.99999
2
-0.62129
-0.14454
0.128922
-0.75925
0.189457
-0.09502
-0.99999
-0.62129
-0.14454
0.128922
-0.75925
0.189457
-0.09502
-0.99999
2
-0.75925
-0.12892
-0.14454
0.621298
0.189457
-0.09502
-0.99999
-0.75925
-0.12892
-0.14454
0.621298
0.189457
-0.09502
-0.99999
hand
False
False
True
False
False
0.011
0.021
0.071
0
-0.02
0.04
6
0
-7
6
-7
0
None
7
2
0
-0.13917
0
0.990268
0.147063
-0.57498
-0.99999
0
-0.13917
0
0.990268
0.147063
-0.57498
-0.99999
3
-0.03969
-0.64883
0.018088
0.759681
0.147063
-0.57498
-0.99999
0
-0.5807
0
0.814115
0.147063
-0.57498
-0.99999
0
-0.13917
0
0.990268
0.147063
-0.57498
-0.99999
3
0
-0.13917
0
0.990268
0.147063
-0.57498
-0.99999
0
-0.13917
0
0.990268
0.147063
-0.57498
-0.99999
0
-0.13917
0
0.990268
0.147063
-0.57498
-0.99999
3
0
-0.13917
0
0.990268
0.147063
-0.57498
-0.99999
-0.56799
-0.114
-0.07982
0.811179
0.147063
-0.57498
-0.99999
0.086307
-0.13864
0.012129
0.986499
0.147063
-0.57498
-0.99999
2
0.2563
-0.13443
0.03602
0.956525
0.147063
-0.57498
-0.99999
0.2563
-0.13443
0.03602
0.956525
0.147063
-0.57498
-0.99999
2
-0.99026
0
0.139173
0
0.147063
-0.57498
-0.99999
-0.99026
0
0.139173
0
0.147063
-0.57498
-0.99999
2
0
-0.13917
0
0.990268
0.147063
-0.57498
-0.99999
0
-0.13917
0
0.990268
0.147063
-0.57498
-0.99999
leg
False
False
True
False
False
0.021
0.021
0.141
0
0
-0.16
5
1
9
-7
3
-2
0
None
7
2
-0.6328
0.178465
-0.13694
0.740916
-0.2932
0.159393
-0.99999
-0.6328
0.178465
-0.13694
0.740916
-0.2932
0.159393
-0.99999
3
-0.6328
0.178465
-0.13694
0.740916
-0.2932
0.159393
-0.99999
-0.6328
0.178465
-0.13694
0.740916
-0.2932
0.159393
-0.99999
-0.6328
0.178465
-0.13694
0.740916
-0.2932
0.159393
-0.99999
3
-0.6328
0.178465
-0.13694
0.740916
-0.2932
0.159393
-0.99999
-0.6328
0.178465
-0.13694
0.740916
-0.2932
0.159393
-0.99999
-0.6328
0.178465
-0.13694
0.740916
-0.2932
0.159393
-0.99999
3
-0.6328
0.178465
-0.13694
0.740916
-0.2932
0.159393
-0.99999
-0.6328
0.178465
-0.13694
0.740916
-0.2932
0.159393
-0.99999
-0.6328
0.178465
-0.13694
0.740916
-0.2932
0.159393
-0.99999
2
-0.6328
0.178465
-0.13694
0.740916
-0.2932
0.159393
-0.99999
-0.6328
0.178465
-0.13694
0.740916
-0.2932
0.159393
-0.99999
2
-0.74091
-0.13694
-0.17846
-0.6328
-0.2932
0.159393
-0.99999
-0.74091
-0.13694
-0.17846
-0.6328
-0.2932
0.159393
-0.99999
2
-0.6328
0.178465
-0.13694
0.740916
-0.2932
0.159393
-0.99999
-0.6328
0.178465
-0.13694
0.740916
-0.2932
0.159393
-0.99999
foot
False
False
True
False
False
0.011
0.021
0.090999
0
0
0.08
8
0
-7
6
-7
0
None
7
2
0
-0.99144
0
0.130526
0.13029
-0.13534
-1
0
-0.99144
0
0.130526
0.13029
-0.13534
-1
3
0
-0.88701
0
0.461748
0.13029
-0.13534
-1
0
-0.99144
0
0.130526
0.13029
-0.13534
-1
0
-0.99144
0
0.130526
0.13029
-0.13534
-1
3
0
-0.99144
0
0.130526
0.13029
-0.13534
-1
0
-0.99144
0
0.130526
0.13029
-0.13534
-1
0
-0.99144
0
0.130526
0.13029
-0.13534
-1
3
0
-0.99144
0
0.130526
0.13029
-0.13534
-1
0
-0.99144
0
0.130526
0.13029
-0.13534
-1
0
-0.99144
0
0.130526
0.13029
-0.13534
-1
2
0
-0.99144
0
0.130526
0.13029
-0.13534
-1
0
-0.99144
0
0.130526
0.13029
-0.13534
-1
2
-0.13052
0
0.991444
0
0.13029
-0.13534
-1
-0.13052
0
0.991444
0
0.13029
-0.13534
-1
2
0
-0.99144
0
0.130526
0.13029
-0.13534
-1
0
-0.99144
0
0.130526
0.13029
-0.13534
-1
chomper
False
True
False
True
False
0.021
0.021
0.021
0
-0.04
0
2
0
0
3
-6
0
None
7
2
0
0
0.156434
0.987688
-0.5157
-0.99998
-0.12319
0
0
0.156434
0.987688
-0.5157
-0.99998
-0.12319
3
0
0
0.156434
0.987688
-0.5157
-0.99998
-0.12319
0
0
0.156434
0.987688
-0.5157
-0.99998
-0.12319
0
0
0.156434
0.987688
-0.5157
-0.99998
-0.12319
3
0
0
0.156434
0.987688
-0.53399
-1.00001
0.272914
0
0
0.156434
0.987688
-0.53399
-1.00001
0.272914
0
0
0.156434
0.987688
-0.53399
-1.00001
0.272914
3
0
0
0.156434
0.987688
-0.5157
-0.99998
-0.12319
0
0
0.156434
0.987688
-0.5157
-0.99998
-0.12319
0
0
0.156434
0.987688
-0.5157
-0.99998
-0.12319
2
0
0
0.156434
0.987688
-0.5157
-0.99998
-0.12319
0
0
0.156434
0.987688
-0.5157
-0.99998
-0.12319
2
0
0
0.156434
0.987688
-0.5157
-0.99998
-0.12319
0
0
0.156434
0.987688
-0.5157
-0.99998
-0.12319
2
0
0
0.156434
0.987688
-0.53399
-1.00001
0.272914
0
0
0.156434
0.987688
-0.53399
-1.00001
0.272914
waspantler
False
True
False
True
True
0.011
0.011
0.041
0
0
0.02
2
1
12
0
0
0
0
None
7
2
-0.69278
-0.16344
0.039535
0.701268
-0.40656
0.999993
0.924798
-0.69278
-0.16344
0.039535
0.701268
-0.40656
0.999993
0.924798
3
-0.69278
-0.16344
0.039535
0.701268
-0.40656
0.999993
0.924798
-0.69278
-0.16344
0.039535
0.701268
-0.40656
0.999993
0.924798
-0.69278
-0.16344
0.039535
0.701268
-0.40656
0.999993
0.924798
3
-0.69278
-0.16344
0.039535
0.701268
-0.40656
0.999993
0.924798
-0.69278
-0.16344
0.039535
0.701268
-0.40656
0.999993
0.924798
-0.69278
-0.16344
0.039535
0.701268
-0.40656
0.999993
0.924798
3
-0.69278
-0.16344
0.039535
0.701268
-0.40656
0.999993
0.924798
-0.69278
-0.16344
0.039535
0.701268
-0.40656
0.999993
0.924798
-0.69278
-0.16344
0.039535
0.701268
-0.40656
0.999993
0.924798
2
-0.69278
-0.16344
0.039535
0.701268
-0.40656
0.999993
0.924798
-0.69278
-0.16344
0.039535
0.701268
-0.40656
0.999993
0.924798
2
-0.69278
-0.16344
0.039535
0.701268
-0.40656
0.999993
0.924798
-0.69278
-0.16344
0.039535
0.701268
-0.40656
0.999993
0.924798
2
-0.69278
-0.16344
0.039535
0.701268
-0.40656
0.999993
0.924798
-0.69278
-0.16344
0.039535
0.701268
-0.40656
0.999993
0.924798
waspantlerext
False
False
False
True
True
0.011
0.011
0.071
0
0
0.059999
11
0
0
0
0
0
None
7
2
-0.15583
0.034054
-0.08022
0.983929
0
0
1.000003
-0.15583
0.034054
-0.08022
0.983929
0
0
1.000003
3
-0.15583
0.034054
-0.08022
0.983929
0
0
1.000003
-0.15583
0.034054
-0.08022
0.983929
0
0
1.000003
-0.15583
0.034054
-0.08022
0.983929
0
0
1.000003
3
-0.15583
0.034054
-0.08022
0.983929
0
0
1.000003
-0.15583
0.034054
-0.08022
0.983929
0
0
1.000003
-0.15583
0.034054
-0.08022
0.983929
0
0
1.000003
3
-0.15583
0.034054
-0.08022
0.983929
0
0
1.000003
-0.15583
0.034054
-0.08022
0.983929
0
0
1.000003
-0.15583
0.034054
-0.08022
0.983929
0
0
1.000003
2
-0.15583
0.034054
-0.08022
0.983929
0
0
1.000003
-0.15583
0.034054
-0.08022
0.983929
0
0
1.000003
2
-0.15583
0.034054
-0.08022
0.983929
0
0
1.000003
-0.15583
0.034054
-0.08022
0.983929
0
0
1.000003
2
-0.15583
0.034054
-0.08022
0.983929
0
0
1.000003
-0.15583
0.034054
-0.08022
0.983929
0
0
1.000003
assextender
False
False
False
True
False
0.041
0.051
0.041
0
0
-0.02
0
1
14
0
0
0
0
None
7
2
0
0
0
1
-0.12002
-0.03307
-1
0
0
0
1
-0.12002
-0.03307
-1
3
0
0
0
1
-0.12002
-0.03307
-1
0
0
0
1
-0.12002
-0.03307
-1
0
0
0
1
-0.12002
-0.03307
-1
3
0
0
0
1
-0.12002
-0.03307
-1
0
0
0
1
-0.12002
-0.03307
-1
0
0
0
1
-0.12002
-0.03307
-1
3
0
0
0
1
-0.12002
-0.03307
-1
0
0
0
1
-0.12002
-0.03307
-1
0
0
0
1
-0.12002
-0.03307
-1
2
-0.42261
0
0
0.906307
-0.12002
-0.03307
-1
-0.42261
0
0
0.906307
-0.12002
-0.03307
-1
2
0
0
0
1
-0.12002
-0.03307
-1
0
0
0
1
-0.12002
-0.03307
-1
2
0
0
0
1
-0.12002
-0.03307
-1
0
0
0
1
-0.12002
-0.03307
-1
bigass
False
False
False
False
False
0.041
0.041
0.141
0
0
-0.12
13
0
0
2
-6
0
None
7
2
-0.06975
0
0
0.997564
0.121423
-0.13816
-0.99999
-0.06975
0
0
0.997564
0.121423
-0.13816
-0.99999
3
-0.06975
0
0
0.997564
0.121423
-0.13816
-0.99999
-0.06975
0
0
0.997564
0.121423
-0.13816
-0.99999
-0.06975
0
0
0.997564
0.121423
-0.13816
-0.99999
3
0.061048
0
0
0.998134
0.121423
-0.13816
-0.99999
0.061048
0
0
0.998134
0.121423
-0.13816
-0.99999
0.061048
0
0
0.998134
0.121423
-0.13816
-0.99999
3
-0.06975
0
0
0.997564
0.121423
-0.13816
-0.99999
-0.06975
0
0
0.997564
0.121423
-0.13816
-0.99999
-0.06975
0
0
0.997564
0.121423
-0.13816
-0.99999
2
-0.99452
0
0
0.104527
0.121423
-0.13816
-0.99999
-0.99452
0
0
0.104527
0.121423
-0.13816
-0.99999
2
-0.99756
0
0
-0.06975
0.121423
-0.13816
-0.99999
-0.99756
0
0
-0.06975
0.121423
-0.13816
-0.99999
2
0.061048
0
0
0.998134
0.121423
-0.13816
-0.99999
0.061048
0
0
0.998134
0.121423
-0.13816
-0.99999
wingbase
False
True
False
True
False
0.041
0.041
0.041
0
0
0
0
1
16
0
0
0
0
None
7
2
-0.21643
0
0
0.976296
-0.99999
0.783392
0.960078
-0.21643
0
0
0.976296
-0.99999
0.783392
0.960078
3
-0.21643
0
0
0.976296
-0.99999
0.783392
0.960078
-0.24732
0.086393
0.156453
0.952306
-0.99999
0.783392
0.960078
-0.12265
0.102847
0.32619
0.931653
-0.99999
0.783392
0.960078
3
-0.21643
0
0
0.976296
-0.99999
0.783392
0.960078
-0.21643
0
0
0.976296
-0.99999
0.783392
0.960078
-0.21643
0
0
0.976296
-0.99999
0.783392
0.960078
3
-0.21643
0
0
0.976296
-0.99999
0.783392
0.960078
-0.21643
0
0
0.976296
-0.99999
0.783392
0.960078
-0.21643
0
0
0.976296
-0.99999
0.783392
0.960078
2
0.120911
-0.06523
0.166391
0.976442
-0.66144
0.907892
1.000006
0.114765
-0.07552
0.250861
0.958224
-0.66144
0.907892
1.000006
2
0.081744
-0.32902
0.516469
0.786331
-0.99999
0.783392
0.960078
0.081744
-0.32902
0.516469
0.786331
-0.99999
0.783392
0.960078
2
-0.21643
0
0
0.976296
-0.99999
0.783392
0.960078
-0.21643
0
0
0.976296
-0.99999
0.783392
0.960078
dragwinga
False
False
False
True
False
0.021
0.151
0.021
0
0.12
0
15
2
17
19
0
0
-21
0
None
7
2
0.173648
0
0
0.984807
0
0
1.000019
0.169532
-0.03758
0.213151
0.961463
0
0
1.000019
3
0.173648
0
0
0.984807
0
0
1.000019
0.173648
0
0
0.984807
0
0
1.000019
0.173648
0
0
0.984807
0
0
1.000019
3
0.173648
0
0
0.984807
0
0
1.000019
0.173648
0
0
0.984807
0
0
1.000019
0.173648
0
0
0.984807
0
0
1.000019
3
0.173648
0
0
0.984807
0
0
1.000019
0.173648
0
0
0.984807
0
0
1.000019
0.173648
0
0
0.984807
0
0
1.000019
2
0.173648
0
0
0.984807
0
0
1.000019
0.173648
0
0
0.984807
0
0
1.000019
2
0.173648
0
0
0.984807
0
0
1.000019
0.173648
0
0
0.984807
0
0
1.000019
2
0.173648
0
0
0.984807
0
0
1.000019
0.173648
0
0
0.984807
0
0
1.000019
dragoonishoop
False
False
False
True
False
0.011
0.090999
0.021
0
0.1
0
16
1
18
0
0
-21
0
None
7
2
0.19389
0.100255
-0.02587
0.975543
0
1
-0.35235
0.19389
0.100255
-0.02587
0.975543
0
1
-0.35235
3
0.19389
0.100255
-0.02587
0.975543
0
1
-0.35235
0.19389
0.100255
-0.02587
0.975543
0
1
-0.35235
0.19389
0.100255
-0.02587
0.975543
0
1
-0.35235
3
0.19389
0.100255
-0.02587
0.975543
0
1
-0.35235
0.19389
0.100255
-0.02587
0.975543
0
1
-0.35235
0.19389
0.100255
-0.02587
0.975543
0
1
-0.35235
3
0.19389
0.100255
-0.02587
0.975543
0
1
-0.35235
0.19389
0.100255
-0.02587
0.975543
0
1
-0.35235
0.19389
0.100255
-0.02587
0.975543
0
1
-0.35235
2
0.19389
0.100255
-0.02587
0.975543
0
1
-0.35235
0.19389
0.100255
-0.02587
0.975543
0
1
-0.35235
2
0.19389
0.100255
-0.02587
0.975543
0
1
-0.35235
0.19389
0.100255
-0.02587
0.975543
0
1
-0.35235
2
0.19389
0.100255
-0.02587
0.975543
0
1
-0.35235
0.19389
0.100255
-0.02587
0.975543
0
1
-0.35235
wingexta
False
False
False
True
False
0.011
0.211
0.281
0.02
-0.08
-0.28
17
0
-18
9
0
0
butterflytex
7
2
0.100513
0.238815
-0.03358
0.965265
-1.00006
0.046445
-0.38804
0.100513
0.238815
-0.03358
0.965265
-1.00006
0.046445
-0.38804
3
0.100513
0.238815
-0.03358
0.965265
-1.00006
0.046445
-0.38804
0.100513
0.238815
-0.03358
0.965265
-1.00006
0.046445
-0.38804
0.100513
0.238815
-0.03358
0.965265
-1.00006
0.046445
-0.38804
3
0.100513
0.238815
-0.03358
0.965265
-1.00006
0.046445
-0.38804
0.100513
0.238815
-0.03358
0.965265
-1.00006
0.046445
-0.38804
0.100513
0.238815
-0.03358
0.965265
-1.00006
0.046445
-0.38804
3
0.100513
0.238815
-0.03358
0.965265
-1.00006
0.046445
-0.38804
0.100513
0.238815
-0.03358
0.965265
-1.00006
0.046445
-0.38804
0.100513
0.238815
-0.03358
0.965265
-1.00006
0.046445
-0.38804
2
0.100513
0.238815
-0.03358
0.965265
-1.00006
0.046445
-0.38804
0.100513
0.238815
-0.03358
0.965265
-1.00006
0.046445
-0.38804
2
0.100513
0.238815
-0.03358
0.965265
-1.00006
0.046445
-0.38804
0.100513
0.238815
-0.03358
0.965265
-1.00006
0.046445
-0.38804
2
0.100513
0.238815
-0.03358
0.965265
-1.00006
0.046445
-0.38804
0.100513
0.238815
-0.03358
0.965265
-1.00006
0.046445
-0.38804
anoodaf
False
False
False
True
False
0.011
0.131
0.231
0
0.02
-0.24
16
0
-18
5
8
0
butterflytex
7
2
0.0416
0.300419
-0.01311
0.952809
0
0.095114
0.999997
0.0416
0.300419
-0.01311
0.952809
0
0.095114
0.999997
3
0.0416
0.300419
-0.01311
0.952809
0
0.095114
0.999997
0.0416
0.300419
-0.01311
0.952809
0
0.095114
0.999997
0.0416
0.300419
-0.01311
0.952809
0
0.095114
0.999997
3
0.0416
0.300419
-0.01311
0.952809
0
0.095114
0.999997
0.0416
0.300419
-0.01311
0.952809
0
0.095114
0.999997
0.0416
0.300419
-0.01311
0.952809
0
0.095114
0.999997
3
0.0416
0.300419
-0.01311
0.952809
0
0.095114
0.999997
0.0416
0.300419
-0.01311
0.952809
0
0.095114
0.999997
0.0416
0.300419
-0.01311
0.952809
0
0.095114
0.999997
2
0.0416
0.300419
-0.01311
0.952809
0
0.095114
0.999997
0.0416
0.300419
-0.01311
0.952809
0
0.095114
0.999997
2
0.0416
0.300419
-0.01311
0.952809
0
0.095114
0.999997
0.0416
0.300419
-0.01311
0.952809
0
0.095114
0.999997
2
0.0416
0.300419
-0.01311
0.952809
0
0.095114
0.999997
0.0416
0.300419
-0.01311
0.952809
0
0.095114
0.999997
