30
0.664821
0.913725
0.819607
0.337254
perk_forceful_push
false
0.215296
spitting
mule
camelo
cuspindo
mula
верблюд
плевать
мул
unta
meludah
bagal
camello
escupiendo
mula
อูฐ
ถ่มน้ำลาย
ล่อ
cuspindo
плевать
escupiendo
F
M
F
плевать
false
Fur
Uncooked Meat
Bones
?
?
15
torso
False
False
False
False
False
0.149577
0.228302
0.315775
0
0
0
-1
5
1
5
6
7
13
0
0
0
0
None
7
2
0
0
0
1
0
0
0
0.034899
0
0
0.99939
0
0
0
3
0.104528
0
0
0.994522
0
0
0
-0.08715
0
0
0.996194
0
0
0
-0.08715
0
0
0.996194
0
0
0
3
0
0.069756
0
0.997564
0
0
0
-0.05233
0
0
0.998629
0
0
0
0
-0.06975
0
0.997564
0
0
0
3
0.258819
0
0
0.965925
0
-0.22
-0.22
0.258819
0
0
0.965925
0
0
0.2
0.258819
0
0
0.965925
0
0
0.32
2
-0.38268
0
0
0.923879
0
-0.04
0.14
-0.42261
0
0
0.906307
0
-0.04
0.14
2
-1
0
0
0
0
-0.08
-0.63999
-1
0
0
0
0
-0.09999
-0.63999
2
-0.17364
0
0
0.984807
0
0
0
-0.3007
0
0
0.953717
0
0
0
neck
False
False
False
True
False
0.070852
0.088347
0.324522
0
0
0
0
1
2
0
0
-3
0
None
7
2
-0.64278
0
0
0.766044
0
0.850589
0.999999
-0.61566
0
0
0.78801
0
0.692328
0.999997
3
-0.55919
0
0
0.829037
0
0.850589
0.999999
-0.69465
0
0
0.719339
0
0.850589
0.999999
-0.64278
0
0
0.766044
0
0.850589
0.999999
3
-0.64278
0
0
0.766044
0
0.850589
0.999999
-0.64278
0
0
0.766044
0
0.850589
0.999999
-0.64278
0
0
0.766044
0
0.850589
0.999999
3
0.087155
0
0
0.996194
0
0.61553
0.999999
-0.25881
0
0
0.965925
0
0.982567
0.999999
-0.7071
0
0
0.707106
0
0.982567
0.999999
2
-0.21643
0
0
0.976296
0
0.401595
0.999998
-0.21643
0
0
0.976296
0
0.253567
0.999999
2
-0.64278
0
0
0.766044
0
0.06738
0.999998
-0.64278
0
0
0.766044
0
0.06738
0.999998
2
0.087155
0
0
0.996194
0
0.380739
1.000005
0.087155
0
0
0.996194
0
0.380739
1.000005
head
False
False
False
False
False
0.123336
0.088347
0.088347
0
0
0
1
3
3
4
12
0
0
-5
0
None
7
2
-0.05233
0
0
0.998629
0
-0.4605
1
-0.05233
0
0
0.998629
0
-0.44747
0.999997
3
-0.05233
0
0
0.998629
0
-0.06055
0.999999
-0.05233
0
0
0.998629
0
-0.06055
0.999999
-0.05233
0
0
0.998629
0
-0.06055
0.999999
3
-0.05233
0
0
0.998629
0
-0.06055
0.999999
-0.05233
0
0
0.998629
0
-0.06055
0.999999
-0.05233
0
0
0.998629
0
-0.06055
0.999999
3
-0.05233
0
0
0.998629
0
-0.4605
1
0.788011
0
0
0.615661
0
-0.4605
1
-0.30901
0
0
0.951056
0
-0.4605
1
2
0.121869
0
0
0.992546
0
-0.4605
1
0.121869
0
0
0.992546
0
-0.4605
1
2
-0.99862
0
0
-0.05233
0
-0.4605
1
-0.99862
0
0
-0.05233
0
-0.4605
1
2
-0.05233
0
0
0.998629
0
-0.06055
0.999999
-0.05233
0
0
0.998629
0
-0.06055
0.999999
snout
False
False
False
True
False
0.062105
0.070851
0.123336
0
0
0.02
2
1
14
0
0
-5
0
None
7
2
0.121805
-0.00239
0
0.992551
0.026195
-0.41636
1.000007
0.121805
-0.00239
0
0.992551
0.026195
-0.41636
1.000007
3
0.121805
-0.00239
0
0.992551
0.026195
-0.41636
1.000007
0.121805
-0.00239
0
0.992551
0.026195
-0.41636
1.000007
0.121805
-0.00239
0
0.992551
0.026195
-0.41636
1.000007
3
0.121805
-0.00239
0
0.992551
0.026195
-0.41636
1.000007
0.121805
-0.00239
0
0.992551
0.026195
-0.41636
1.000007
0.121805
-0.00239
0
0.992551
0.026195
-0.41636
1.000007
3
0.121805
-0.00239
0
0.992551
0.026195
-0.41636
1.000007
0.121805
-0.00239
0
0.992551
0.026195
-0.41636
1.000007
0.121805
-0.00239
0
0.992551
0.026195
-0.41636
1.000007
2
0.121805
-0.00239
0
0.992551
0.026195
-0.41636
1.000007
0.121805
-0.00239
0
0.992551
0.026195
-0.41636
1.000007
2
0.121805
-0.00239
0
0.992551
0.026195
-0.41636
1.000007
0.121805
-0.00239
0
0.992551
0.026195
-0.41636
1.000007
2
0.121805
-0.00239
0
0.992551
0.026195
-0.41636
1.000007
0.121805
-0.00239
0
0.992551
0.026195
-0.41636
1.000007
eyes
True
True
False
True
False
0.043736
0.043736
0.043736
0
0
0.01
2
0
0
0
0
0
SeriousEye
7
2
-0.01055
-0.24169
0.042323
0.969372
-0.84345
0.135743
0.99999
-0.01055
-0.24169
0.042323
0.969372
-0.84345
0.135743
0.99999
3
-0.01055
-0.24169
0.042323
0.969372
-0.84345
0.135743
0.99999
-0.01055
-0.24169
0.042323
0.969372
-0.84345
0.135743
0.99999
-0.01055
-0.24169
0.042323
0.969372
-0.84345
0.135743
0.99999
3
-0.01055
-0.24169
0.042323
0.969372
-0.84345
0.135743
0.99999
-0.01055
-0.24169
0.042323
0.969372
-0.84345
0.135743
0.99999
-0.01055
-0.24169
0.042323
0.969372
-0.84345
0.135743
0.99999
3
-0.01055
-0.24169
0.042323
0.969372
-0.84345
0.135743
0.99999
-0.01055
-0.24169
0.042323
0.969372
-0.84345
0.135743
0.99999
-0.01055
-0.24169
0.042323
0.969372
-0.84345
0.135743
0.99999
2
-0.01055
-0.24169
0.042323
0.969372
-0.84345
0.135743
0.99999
-0.01055
-0.24169
0.042323
0.969372
-0.84345
0.135743
0.99999
2
-0.01055
-0.24169
0.042323
0.969372
-0.84345
0.135743
0.99999
-0.01055
-0.24169
0.042323
0.969372
-0.84345
0.135743
0.99999
2
-0.01055
-0.24169
0.042323
0.969372
-0.84345
0.135743
0.99999
-0.01055
-0.24169
0.042323
0.969372
-0.84345
0.135743
0.99999
shoulder
False
True
False
False
False
0.04461
0.088347
0.149577
0
0
0.02
0
1
8
0
0
-3
0
None
7
2
-0.60181
0
0
0.798635
-0.99999
-0.98628
0.635992
-0.60181
0
0
0.798635
-0.9928
-1
0.63141
3
-0.60181
0
0
0.798635
-0.89017
-1
0.314536
-0.65605
0
0
0.754709
-1
-0.71384
0.55896
-0.77714
0
0
0.62932
-0.99108
-1
0.791312
3
-0.59267
0.138681
-0.1045
0.786502
-0.9928
-1
0.63141
-0.60181
0
0
0.798635
-1
-0.76123
0.635985
-0.59732
-0.09732
0.073342
0.792682
-0.9928
-1
0.63141
3
-0.81411
0
0
0.580703
-0.99999
-0.98628
0.635992
-0.7604
0
0
0.649448
-0.93109
-1
0.720297
-0.7604
0
0
0.649448
-0.93109
-1
0.720297
2
-0.52538
-0.11069
0.069168
0.840793
-0.71431
-1
0.634295
-0.56156
-0.1136
0.064274
0.817075
-0.71431
-1
0.634295
2
-0.79863
0
0
-0.60181
-0.99999
-0.98628
0.635992
-0.79863
0
0
-0.60181
-0.99999
-0.98628
0.635992
2
-0.6794
0.063741
0.05944
-0.72857
-1
-0.16903
0.635961
-0.5056
0.049365
0.071827
-0.85835
-0.99999
0.284538
0.499491
hip
False
True
True
False
False
0.04461
0.097094
0.167072
0
0
0
0
1
10
0
0
-3
0
None
7
2
-0.74314
0
0
0.66913
-0.9188
-1
-0.6615
-0.74314
0
0
0.66913
-0.9188
-1
-0.6615
3
-0.73185
0.106908
-0.13683
0.658965
-1
-0.78084
-0.47796
-0.78801
0
0
0.615661
-0.99681
-0.99999
-0.25592
-0.60181
0
0
0.798635
-0.88224
-1
-0.77476
3
-0.7376
0.081546
-0.09056
0.664143
-0.9188
-1
-0.6615
-0.74314
0
0
0.66913
-1
-0.77189
-0.61194
-0.7376
-0.08154
0.090566
0.664143
-0.9188
-1
-0.6615
3
-0.61566
0
0
0.78801
-0.88119
-1
-0.3317
-0.50753
0
0
0.861629
-0.98576
-1
-0.70976
-0.43051
0
0
0.902585
-0.98576
-1
-0.70976
2
-0.99691
0
0
0.078459
-1
-0.54957
-0.82886
-0.99691
0
0
0.078459
-1
-0.54957
-0.82886
2
-0.66913
0
0
-0.74314
-0.9188
-1
-0.6615
-0.66913
0
0
-0.74314
-0.9188
-1
-0.6615
2
-0.74314
0
0
0.66913
-0.9188
-1
-0.6615
-0.74314
0
0
0.66913
-0.9188
-1
-0.6615
tail
False
False
False
False
False
0.018369
0.035863
0.097094
0
0
0.04
0
0
0
0
0
0
None
7
2
-0.86602
0
0
-0.49999
0.035806
0.565111
-0.99999
-0.86602
0
0
-0.49999
0.035806
0.565111
-0.99999
3
-0.86602
0
0
-0.49999
0.035806
0.565111
-0.99999
-0.86602
0
0
-0.49999
0.035806
0.565111
-0.99999
-0.86602
0
0
-0.49999
0.035806
0.565111
-0.99999
3
-0.86602
0
0
-0.49999
0.035806
0.565111
-0.99999
-0.86602
0
0
-0.49999
0.035806
0.565111
-0.99999
-0.86602
0
0
-0.49999
0.035806
0.565111
-0.99999
3
-0.86602
0
0
-0.49999
0.035806
0.565111
-0.99999
-0.86602
0
0
-0.49999
0.035806
0.565111
-0.99999
-0.86602
0
0
-0.49999
0.035806
0.565111
-0.99999
2
-0.86602
0
0
-0.49999
0.035806
0.565111
-0.99999
-0.86602
0
0
-0.49999
0.035806
0.565111
-0.99999
2
0.499999
0
0
-0.86602
0.035806
0.565111
-0.99999
0.499999
0
0
-0.86602
0.035806
0.565111
-0.99999
2
-0.86602
0
0
-0.49999
0.035806
0.565111
-0.99999
-0.86602
0
0
-0.49999
0.035806
0.565111
-0.99999
arm
False
False
False
False
False
0.027116
0.04461
0.132083
0
0
-0.1
5
1
9
0
0
-9
0
None
7
2
-0.64278
0
0
0.766044
-0.44365
0.029689
-1
-0.64278
0
0
0.766044
-0.44363
0
-1
3
-0.61566
0
0
0.78801
-0.44361
0.258158
-0.99999
-0.81915
0
0
0.573576
-0.44363
0
-1
-0.83867
0
0
0.544638
-0.4436
-0.3756
-1
3
-0.63653
0.106612
-0.08945
0.758589
-0.44363
0
-1
-0.57357
0
0
0.819151
-0.44363
0
-1
-0.63653
-0.10661
0.089458
0.758589
-0.44363
0
-1
3
-0.93969
0
0
0.342019
-0.44365
0.029689
-1
-0.88701
0
0
0.461748
-0.44365
-0.48332
-1
-0.67559
0
0
0.737277
-0.44365
-0.48332
-1
2
-0.64278
0
0
0.766044
-0.44365
0.029689
-1
-0.64278
0
0
0.766044
-0.44365
0.029689
-1
2
-0.76604
0
0
-0.64278
-0.44365
0.029689
-1
-0.76604
0
0
-0.64278
-0.44365
0.029689
-1
2
0.633022
-0.13302
-0.11161
0.754406
-0.44363
0
-1
0.454733
-0.10571
-0.13776
0.873535
-0.44363
0
-1
hand
False
False
False
False
False
0.053358
0.04461
0.053358
0
-0.02
0
8
0
0
0
-8
0
None
7
2
0
0
0
1
0.191419
-0.28883
-0.99999
0
0
0
1
0.191419
-0.28883
-0.99999
3
0
0
0
1
0.191419
-0.28883
-0.99999
0
0
0
1
0.191419
-0.28883
-0.99999
0
0
0
1
0.191419
-0.28883
-0.99999
3
0
0
0
1
0.191419
-0.28883
-0.99999
0
0
0
1
0.191419
-0.28883
-0.99999
0
0
0
1
0.191419
-0.28883
-0.99999
3
0
0
0
1
0.191419
-0.28883
-0.99999
0
0
0
1
0.191419
-0.28883
-0.99999
0
0
0
1
0.191419
-0.28883
-0.99999
2
0
0
0
1
0.191419
-0.28883
-0.99999
0
0
0
1
0.191419
-0.28883
-0.99999
2
-1
0
0
0
0.191419
-0.28883
-0.99999
-1
0
0
0
0.191419
-0.28883
-0.99999
2
0.984807
0
0
0.173648
0.191419
-0.28883
-0.99999
0.984807
0
0
0.173648
0.191419
-0.28883
-0.99999
leg
False
False
True
False
False
0.035863
0.04461
0.149577
0
0
-0.12
6
1
11
0
0
-7
0
None
7
2
-0.74314
0
0
0.66913
-0.33145
0
-1
-0.74314
0
0
0.66913
-0.33145
0
-1
3
-0.72024
0.078834
-0.15472
0.671637
-0.13457
-0.24819
-1
-0.78801
0
0
0.615661
-0.33138
0.138899
-1
-0.58778
0
0
0.809017
-0.33145
0.417798
-0.99999
3
-0.73907
0.069943
-0.07767
0.665465
-0.33145
0
-1
-0.74314
0
0
0.66913
-0.33145
0
-1
-0.7376
-0.08154
0.090566
0.664143
-0.33145
0
-1
3
-0.74314
0
0
0.66913
-0.33145
0
-1
-0.46947
0
0
0.882947
-0.33145
0
-1
-0.46947
0
0
0.882947
-0.33145
0
-1
2
-0.99691
0
0
0.078458
-0.3314
0.150966
-1
-0.99691
0
0
0.078458
-0.3314
0.150966
-1
2
-0.66913
0
0
-0.74314
-0.33145
0
-1
-0.66913
0
0
-0.74314
-0.33145
0
-1
2
-0.74314
0
0
0.66913
-0.33145
0
-1
-0.74314
0
0
0.66913
-0.33145
0
-1
foot
False
False
True
False
False
0.04461
0.035863
0.053358
0
0.04
0
10
0
0
0
-8
0
None
7
2
0
0
0
1
-0.07332
-0.47095
-0.99999
0
0
0
1
-0.07332
-0.47095
-0.99999
3
0
0
0
1
-0.07332
-0.47095
-0.99999
0
0
0
1
-0.07332
-0.47095
-0.99999
0
0
0
1
-0.07332
-0.47095
-0.99999
3
0
0
0
1
-0.07332
-0.47095
-0.99999
0
0
0
1
-0.07332
-0.47095
-0.99999
0
0
0
1
-0.07332
-0.47095
-0.99999
3
0
0
0
1
-0.07332
-0.47095
-0.99999
0
0
0
1
-0.07332
-0.47095
-0.99999
0
0
0
1
-0.07332
-0.47095
-0.99999
2
-0.64278
0
0
0.766044
0.291061
-0.6896
-1
-0.64278
0
0
0.766044
0.291061
-0.6896
-1
2
-1
0
0
0
-0.07332
-0.47095
-0.99999
-1
0
0
0
-0.07332
-0.47095
-0.99999
2
0
0
0
1
-0.07332
-0.47095
-0.99999
0
0
0
1
-0.07332
-0.47095
-0.99999
ear
False
True
False
True
False
0.079599
0.035863
0.018369
0
0
0
2
0
0
0
0
0
None
7
2
-0.13917
0
0
0.990268
-0.99999
0.018793
-0.12208
-0.13917
0
0
0.990268
-0.99999
0.018793
-0.12208
3
-0.13917
0
0
0.990268
-0.99999
0.018793
-0.12208
-0.13917
0
0
0.990268
-0.99999
0.018793
-0.12208
-0.13917
0
0
0.990268
-0.99999
0.018793
-0.12208
3
-0.13917
0
0
0.990268
-0.99999
0.018793
-0.12208
-0.13917
0
0
0.990268
-0.99999
0.018793
-0.12208
-0.13917
0
0
0.990268
-0.99999
0.018793
-0.12208
3
-0.13917
0
0
0.990268
-0.99999
0.018793
-0.12208
-0.13917
0
0
0.990268
-0.99999
0.018793
-0.12208
-0.13917
0
0
0.990268
-0.99999
0.018793
-0.12208
2
-0.13917
0
0
0.990268
-0.99999
0.018793
-0.12208
-0.13917
0
0
0.990268
-0.99999
0.018793
-0.12208
2
-0.13917
0
0
0.990268
-0.99999
0.018793
-0.12208
-0.13917
0
0
0.990268
-0.99999
0.018793
-0.12208
2
-0.13917
0
0
0.990268
-0.99999
0.018793
-0.12208
-0.13917
0
0
0.990268
-0.99999
0.018793
-0.12208
shell
False
False
False
True
False
0.123336
0.053358
0.149577
0
0.04
0
0
0
0
0
0
0
None
7
2
0
0
0
1
0
1.000003
-0.05695
0
0
0
1
0
1.000003
-0.05695
3
0
0
0
1
0
1.000003
-0.05695
0
0
0
1
0
1.000003
-0.05695
0
0
0
1
0
1.000003
-0.05695
3
0
0
0
1
0
1.000003
-0.05695
0
0
0
1
0
1.000003
-0.05695
0
0
0
1
0
1.000003
-0.05695
3
0
0
0
1
0
1.000003
-0.05695
0
0
0
1
0
1.000003
-0.05695
0
0
0
1
0
1.000003
-0.05695
2
0
0
0
1
0
1.000003
-0.05695
0
0
0
1
0
1.000003
-0.05695
2
0
0
0
1
0
1.000003
-0.05695
0
0
0
1
0
1.000003
-0.05695
2
0
0
0
1
0
1.000003
-0.05695
0
0
0
1
0
1.000003
-0.05695
mouth
True
False
False
True
False
0.06123
0.087472
0.043736
0
0
0.01
3
0
0
0
0
0
BulldogMouth
7
2
0
0
0
1
0
0
0.999997
0
0
0
1
0
0
0.999997
3
0
0
0
1
0
0
0.999997
0
0
0
1
0
0
0.999997
0
0
0
1
0
0
0.999997
3
0
0
0
1
0
0
0.999997
0
0
0
1
0
0
0.999997
0
0
0
1
0
0
0.999997
3
0
0
0
1
0
0
0.999997
0
0
0
1
0
0
0.999997
0
0
0
1
0
0
0.999997
2
0
0
0
1
0
0
0.999997
0
0
0
1
0
0
0.999997
2
0
0
0
1
0
0
0.999997
0
0
0
1
0
0
0.999997
2
0
0
0
1
0
0
0.999997
0
0
0
1
0
0
0.999997
