30
0.296629
0.4
0.4
0.4
perk_toxic_plume
false
0.579207
moto
beater
carro
moto
lixo
автомобиль
мото
хлам
mobil
motor
tempat-sampah
coche
moto
contenedor de basura
รถ
เครื่องยนต์
ถังขยะ
moto
мото
moto
M
M
M
мото
false
Metal Bar
?
?
?
?
25
torso
False
False
False
False
False
0.400999
0.130999
0.511
0
0
0
-1
5
1
3
4
17
21
0
0
0
0
None
7
2
-0.00545
-0.01067
-0.00459
0.999917
0
0
0
-0.00545
-0.01067
-0.00459
0.999917
0
0
0
3
-0.00545
-0.01067
-0.00459
0.999917
0
0
0
-0.00545
-0.01067
-0.00459
0.999917
0
0
0
-0.00545
-0.01067
-0.00459
0.999917
0
0
0
3
-0.00545
-0.01067
-0.00459
0.999917
0
0
0
-0.00545
-0.01067
-0.00459
0.999917
0
0
0
-0.00545
-0.01067
-0.00459
0.999917
0
0
0
3
-0.00545
-0.01067
-0.00459
0.999917
0
0
0
-0.00545
-0.01067
-0.00459
0.999917
0
0
0
-0.00545
-0.01067
-0.00459
0.999917
0
0
0
2
-0.57799
-0.0061
-0.00988
0.815957
0
0.04
0.639999
-0.61303
-0.00566
-0.01014
0.789969
0
0.04
0.639999
2
-0.99991
-0.00459
0.010672
-0.00545
0
-0.58
-0.63999
-0.99991
-0.00459
0.010672
-0.00545
0
-0.6
-0.63999
2
-0.00545
-0.01067
-0.00459
0.999917
0
0
0
-0.00545
-0.01067
-0.00459
0.999917
0
0
0
neck
False
False
False
True
False
0.361
0.121
0.121
0
0.02
0.12
0
2
2
15
0
0
0
0
None
7
2
0.008726
0
0
0.999962
-0.02271
-0.14799
1.000001
0.008726
0
0
0.999962
-0.02271
-0.14799
1.000001
3
0.008726
0
0
0.999962
-0.02271
-0.14799
1.000001
0.008726
0
0
0.999962
-0.02271
-0.14799
1.000001
0.008726
0
0
0.999962
-0.02271
-0.14799
1.000001
3
0.008726
0
0
0.999962
-0.02271
-0.14799
1.000001
0.008726
0
0
0.999962
-0.02271
-0.14799
1.000001
0.008726
0
0
0.999962
-0.02271
-0.14799
1.000001
3
0.008726
0
0
0.999962
-0.02271
-0.14799
1.000001
0.008726
0
0
0.999962
-0.02271
-0.14799
1.000001
0.008726
0
0
0.999962
-0.02271
-0.14799
1.000001
2
0.507538
0
0
0.861629
-0.02271
-0.14799
1.000001
0.507538
0
0
0.861629
-0.02271
-0.14799
1.000001
2
0.008726
0
0
0.999962
-0.02271
-0.14799
1.000001
0.008726
0
0
0.999962
-0.02271
-0.14799
1.000001
2
0.008726
0
0
0.999962
-0.02271
-0.14799
1.000001
0.008726
0
0
0.999962
-0.02271
-0.14799
1.000001
head
False
False
False
False
False
0.360999
0.121
0.051
0
0
0.019999
1
3
7
14
16
0
0
0
0
None
7
2
0.008726
0
0
0.999961
0
0.078965
1.000003
0.008726
0
0
0.999961
0
0.078965
1.000003
3
0.008726
0
0
0.999961
0
0.078965
1.000003
0.008726
0
0
0.999961
0
0.078965
1.000003
0.008726
0
0
0.999961
0
0.078965
1.000003
3
0.008726
0
0
0.999961
0
0.078965
1.000003
0.008726
0
0
0.999961
0
0.078965
1.000003
0.008726
0
0
0.999961
0
0.078965
1.000003
3
0.008726
0
0
0.999961
0
0.078965
1.000003
0.008726
0
0
0.999961
0
0.078965
1.000003
0.008726
0
0
0.999961
0
0.078965
1.000003
2
0.182235
0
0
0.983255
0
0.078965
1.000003
0.182235
0
0
0.983255
0
0.078965
1.000003
2
-0.99996
0
0
0.008726
0
0.078965
1.000003
-0.99996
0
0
0.008726
0
0.078965
1.000003
2
0.008726
0
0
0.999961
0
0.078965
1.000003
0.008726
0
0
0.999961
0
0.078965
1.000003
shoulder
False
True
True
False
False
0.031
0.121
0.051000
0
0
0
0
1
5
0
0
-5
0
None
7
2
-0.7009
0
0
0.71325
-1
-0.09143
0.900358
-0.7009
0
0
0.71325
-1
-0.09143
0.900358
3
-0.7009
0
0
0.71325
-1
-0.09143
0.900358
-0.7009
0
0
0.71325
-1
-0.09143
0.900358
-0.7009
0
0
0.71325
-1
-0.09143
0.900358
3
-0.7009
0
0
0.71325
-1
-0.09143
0.900358
-0.7009
0
0
0.71325
-1
-0.09143
0.900358
-0.7009
0
0
0.71325
-1
-0.09143
0.900358
3
-0.7009
0
0
0.71325
-1
-0.09143
0.900358
-0.7009
0
0
0.71325
-1
-0.09143
0.900358
-0.7009
0
0
0.71325
-1
-0.09143
0.900358
2
-0.7009
0
0
0.71325
-1
-0.09143
0.900358
-0.7009
0
0
0.71325
-1
-0.09143
0.900358
2
-0.71325
0
0
-0.7009
-1
-0.09143
0.900358
-0.71325
0
0
-0.7009
-1
-0.09143
0.900358
2
-0.7009
0
0
0.71325
-1
-0.09143
0.900358
-0.7009
0
0
0.71325
-1
-0.09143
0.900358
hip
False
True
True
False
False
0.031
0.141
0.041
0
0
0
0
1
6
0
0
-5
0
None
7
2
-0.72106
-0.00559
-0.02797
0.692279
-1
-0.10962
-0.77791
-0.72106
-0.00559
-0.02797
0.692279
-1
-0.10962
-0.77791
3
-0.72106
-0.00559
-0.02797
0.692279
-1
-0.10962
-0.77791
-0.72106
-0.00559
-0.02797
0.692279
-1
-0.10962
-0.77791
-0.72106
-0.00559
-0.02797
0.692279
-1
-0.10962
-0.77791
3
-0.72106
-0.00559
-0.02797
0.692279
-1
-0.10962
-0.77791
-0.72106
-0.00559
-0.02797
0.692279
-1
-0.10962
-0.77791
-0.72106
-0.00559
-0.02797
0.692279
-1
-0.10962
-0.77791
3
-0.72106
-0.00559
-0.02797
0.692279
-1
-0.10962
-0.77791
-0.72106
-0.00559
-0.02797
0.692279
-1
-0.10962
-0.77791
-0.72106
-0.00559
-0.02797
0.692279
-1
-0.10962
-0.77791
2
-0.72106
-0.00559
-0.02797
0.692279
-1
-0.10962
-0.77791
-0.72106
-0.00559
-0.02797
0.692279
-1
-0.10962
-0.77791
2
-0.69227
-0.02797
0.005595
-0.72106
-1
-0.10962
-0.77791
-0.69227
-0.02797
0.005595
-0.72106
-1
-0.10962
-0.77791
2
-0.72106
-0.00559
-0.02797
0.692279
-1
-0.10962
-0.77791
-0.72106
-0.00559
-0.02797
0.692279
-1
-0.10962
-0.77791
arm
False
False
True
False
False
0.031
0.051002
0.031000
-0.02
0.02
0.02
3
1
8
0
0
0
0
None
7
2
-0.99984
0
0
0.017451
1.000018
-0.10427
-0.95696
-0.99984
0
0
0.017451
1.000018
-0.10427
-0.95696
3
-0.99984
0
0
0.017451
1.000018
-0.10427
-0.95696
-0.99984
0
0
0.017451
1.000018
-0.10427
-0.95696
-0.99984
0
0
0.017451
1.000018
-0.10427
-0.95696
3
-0.99984
0
0
0.017451
1.000018
-0.10427
-0.95696
-0.99984
0
0
0.017451
1.000018
-0.10427
-0.95696
-0.99984
0
0
0.017451
1.000018
-0.10427
-0.95696
3
-0.99984
0
0
0.017451
1.000018
-0.10427
-0.95696
-0.99984
0
0
0.017451
1.000018
-0.10427
-0.95696
-0.99984
0
0
0.017451
1.000018
-0.10427
-0.95696
2
-0.99984
0
0
0.017451
1.000018
-0.10427
-0.95696
-0.99984
0
0
0.017451
1.000018
-0.10427
-0.95696
2
-0.99984
0
0
0.017451
1.000018
-0.10427
-0.95696
-0.99984
0
0
0.017451
1.000018
-0.10427
-0.95696
2
-0.99984
0
0
0.017451
1.000018
-0.10427
-0.95696
-0.99984
0
0
0.017451
1.000018
-0.10427
-0.95696
leg
False
False
True
False
False
0.021
0.051002
0.031001
-0.02
0.04
-0.04
4
1
9
0
0
0
0
None
7
2
-0.99984
0
0
0.017452
0.999998
0.303511
-0.75322
-0.99984
0
0
0.017452
0.999998
0.303511
-0.75322
3
-0.99984
0
0
0.017452
0.999998
0.303511
-0.75322
-0.99984
0
0
0.017452
0.999998
0.303511
-0.75322
-0.99984
0
0
0.017452
0.999998
0.303511
-0.75322
3
-0.99984
0
0
0.017452
0.999998
0.303511
-0.75322
-0.99984
0
0
0.017452
0.999998
0.303511
-0.75322
-0.99984
0
0
0.017452
0.999998
0.303511
-0.75322
3
-0.99984
0
0
0.017452
0.999998
0.303511
-0.75322
-0.99984
0
0
0.017452
0.999998
0.303511
-0.75322
-0.99984
0
0
0.017452
0.999998
0.303511
-0.75322
2
-0.99984
0
0
0.017452
0.999998
0.303511
-0.75322
-0.99984
0
0
0.017452
0.999998
0.303511
-0.75322
2
-0.99984
0
0
0.017452
0.999998
0.303511
-0.75322
-0.99984
0
0
0.017452
0.999998
0.303511
-0.75322
2
-0.99984
0
0
0.017452
0.999998
0.303511
-0.75322
-0.99984
0
0
0.017452
0.999998
0.303511
-0.75322
mask
False
True
False
True
False
0.090999
0.061
0.011
0
0
0
2
0
0
0
-15
0
None
7
2
0
0
0
1
-0.28578
0.190751
1.000008
0
0
0
1
-0.28578
0.190751
1.000008
3
0
0
0
1
-0.28578
0.190751
1.000008
0
0
0
1
-0.28578
0.190751
1.000008
0
0
0
1
-0.28578
0.190751
1.000008
3
0
0
0
1
-0.28578
0.190751
1.000008
0
0
0
1
-0.28578
0.190751
1.000008
0
0
0
1
-0.28578
0.190751
1.000008
3
0
0
0
1
-0.28578
0.190751
1.000008
0
0
0
1
-0.28578
0.190751
1.000008
0
0
0
1
-0.28578
0.190751
1.000008
2
0
0
0
1
-0.28578
0.190751
1.000008
0
0
0
1
-0.28578
0.190751
1.000008
2
0
0
0
1
-0.28578
0.190751
1.000008
0
0
0
1
-0.28578
0.190751
1.000008
2
0
0
0
1
-0.28578
0.190751
1.000008
0
0
0
1
-0.28578
0.190751
1.000008
hand
False
False
False
False
False
0.021
0.031000
0.031000
0
0
0
5
1
10
0
0
0
0
None
7
2
-0.7071
0
0
-0.7071
-0.0893
1.000017
-0.00313
-0.7071
0
0
-0.7071
-0.0893
1.000017
-0.00313
3
-0.7071
0
0
-0.7071
-0.0893
1.000017
-0.00313
-0.7071
0
0
-0.7071
-0.0893
1.000017
-0.00313
-0.7071
0
0
-0.7071
-0.0893
1.000017
-0.00313
3
-0.7071
0
0
-0.7071
-0.0893
1.000017
-0.00313
-0.7071
0
0
-0.7071
-0.0893
1.000017
-0.00313
-0.7071
0
0
-0.7071
-0.0893
1.000017
-0.00313
3
-0.7071
0
0
-0.7071
-0.0893
1.000017
-0.00313
-0.7071
0
0
-0.7071
-0.0893
1.000017
-0.00313
-0.7071
0
0
-0.7071
-0.0893
1.000017
-0.00313
2
-0.7071
0
0
-0.7071
-0.0893
1.000017
-0.00313
-0.7071
0
0
-0.7071
-0.0893
1.000017
-0.00313
2
0.707107
0
0
-0.7071
-0.0893
1.000017
-0.00313
0.707107
0
0
-0.7071
-0.0893
1.000017
-0.00313
2
-0.7071
0
0
-0.7071
-0.0893
1.000017
-0.00313
-0.7071
0
0
-0.7071
-0.0893
1.000017
-0.00313
foot
False
False
False
False
False
0.031
0.031000
0.031000
0
0
0
6
1
12
0
0
0
0
None
7
2
-0.7071
0
0
-0.7071
0.873758
1.000012
0.026721
-0.7071
0
0
-0.7071
0.873758
1.000012
0.026721
3
-0.7071
0
0
-0.7071
0.873758
1.000012
0.026721
-0.7071
0
0
-0.7071
0.873758
1.000012
0.026721
-0.7071
0
0
-0.7071
0.873758
1.000012
0.026721
3
-0.7071
0
0
-0.7071
0.873758
1.000012
0.026721
-0.7071
0
0
-0.7071
0.873758
1.000012
0.026721
-0.7071
0
0
-0.7071
0.873758
1.000012
0.026721
3
-0.7071
0
0
-0.7071
0.873758
1.000012
0.026721
-0.7071
0
0
-0.7071
0.873758
1.000012
0.026721
-0.7071
0
0
-0.7071
0.873758
1.000012
0.026721
2
-0.7071
0
0
-0.7071
0.873758
1.000012
0.026721
-0.7071
0
0
-0.7071
0.873758
1.000012
0.026721
2
0.707107
0
0
-0.7071
0.873758
1.000012
0.026721
0.707107
0
0
-0.7071
0.873758
1.000012
0.026721
2
-0.7071
0
0
-0.7071
0.873758
1.000012
0.026721
-0.7071
0
0
-0.7071
0.873758
1.000012
0.026721
tire-front
False
False
False
False
False
0.031
0.111
0.111
-0.02
-0.02
0
8
1
11
0
0
-15
0
None
7
2
0
0
0
1
0.362465
-0.04162
0.999991
0
0
0
1
0.362465
-0.04162
0.999991
3
0
0
0
1
0.362465
-0.04162
0.999991
0
0
0
1
0.362465
-0.04162
0.999991
0
0
0
1
0.362465
-0.04162
0.999991
3
0
0
0
1
0.362465
-0.04162
0.999991
0
0
0
1
0.362465
-0.04162
0.999991
0
0
0
1
0.362465
-0.04162
0.999991
3
0
0
0
1
0.362465
-0.04162
0.999991
0
0
0
1
0.362465
-0.04162
0.999991
0
0
0
1
0.362465
-0.04162
0.999991
2
0
0
0
1
0.362465
-0.04162
0.999991
0
0
0
1
0.362465
-0.04162
0.999991
2
-1
0
0
0
0.362465
-0.04162
0.999991
-1
0
0
0
0.362465
-0.04162
0.999991
2
0
0
0
1
0.362465
-0.04162
0.999991
0
0
0
1
0.362465
-0.04162
0.999991
hubfront
False
False
False
False
False
0.001
0.051
0.051
0
0
0
10
0
0
0
5
0
None
7
2
0
0
0
1
-0.99999
0.056869
0.012642
0
0
0
1
-0.99999
0.056869
0.012642
3
0
0
0
1
-0.99999
0.056869
0.012642
0
0
0
1
-0.99999
0.056869
0.012642
0
0
0
1
-0.99999
0.056869
0.012642
3
0
0
0
1
-0.99999
0.056869
0.012642
0
0
0
1
-0.99999
0.056869
0.012642
0
0
0
1
-0.99999
0.056869
0.012642
3
0
0
0
1
-0.99999
0.056869
0.012642
0
0
0
1
-0.99999
0.056869
0.012642
0
0
0
1
-0.99999
0.056869
0.012642
2
0
0
0
1
-0.99999
0.056869
0.012642
0
0
0
1
-0.99999
0.056869
0.012642
2
-1
0
0
0
-0.99999
0.056869
0.012642
-1
0
0
0
-0.99999
0.056869
0.012642
2
0
0
0
1
-0.99999
0.056869
0.012642
0
0
0
1
-0.99999
0.056869
0.012642
tire-rear
False
False
False
False
False
0.041
0.121
0.121
0
-0.06
0
9
1
13
0
0
-15
0
None
7
2
0
0
0
1
-0.99998
0.150706
-0.74098
0
0
0
1
-0.99998
0.150706
-0.74098
3
0
0
0
1
-0.99998
0.150706
-0.74098
0
0
0
1
-0.99998
0.150706
-0.74098
0
0
0
1
-0.99998
0.150706
-0.74098
3
0
0
0
1
-0.99998
0.150706
-0.74098
0
0
0
1
-0.99998
0.150706
-0.74098
0
0
0
1
-0.99998
0.150706
-0.74098
3
0
0
0
1
-0.99998
0.150706
-0.74098
0
0
0
1
-0.99998
0.150706
-0.74098
0
0
0
1
-0.99998
0.150706
-0.74098
2
0
0
0
1
-0.99998
0.150706
-0.74098
0
0
0
1
-0.99998
0.150706
-0.74098
2
-1
0
0
0
-0.99998
0.150706
-0.74098
-1
0
0
0
-0.99998
0.150706
-0.74098
2
0
0
0
1
-0.99998
0.150706
-0.74098
0
0
0
1
-0.99998
0.150706
-0.74098
hubrear
False
False
False
False
False
0.011
0.051
0.051
0
0
0
12
0
0
0
5
0
None
7
2
0
0
0
1
-0.99999
0
0.036214
0
0
0
1
-0.99999
0
0.036214
3
0
0
0
1
-0.99999
0
0.036214
0
0
0
1
-0.99999
0
0.036214
0
0
0
1
-0.99999
0
0.036214
3
0
0
0
1
-0.99999
0
0.036214
0
0
0
1
-0.99999
0
0.036214
0
0
0
1
-0.99999
0
0.036214
3
0
0
0
1
-0.99999
0
0.036214
0
0
0
1
-0.99999
0
0.036214
0
0
0
1
-0.99999
0
0.036214
2
0
0
0
1
-0.99999
0
0.036214
0
0
0
1
-0.99999
0
0.036214
2
-1
0
0
0
-0.99999
0
0.036214
-1
0
0
0
-0.99999
0
0.036214
2
0
0
0
1
-0.99999
0
0.036214
0
0
0
1
-0.99999
0
0.036214
snout
False
False
False
True
False
0.331
0.041
0.021
0
0
0.02
2
0
0
0
-15
0
None
7
2
0
0
0
1
-0.0379
-0.62308
1.000004
0
0
0
1
-0.0379
-0.62308
1.000004
3
0
0
0
1
-0.0379
-0.62308
1.000004
0
0
0
1
-0.0379
-0.62308
1.000004
0
0
0
1
-0.0379
-0.62308
1.000004
3
0
0
0
1
-0.41049
-0.57649
1.000007
0
0
0
1
-0.41049
-0.57649
1.000007
0
0
0
1
-0.41049
-0.57649
1.000007
3
0
0
0
1
-0.0379
-0.62308
1.000004
0
0
0
1
-0.0379
-0.62308
1.000004
0
0
0
1
-0.0379
-0.62308
1.000004
2
0
0
0
1
-0.02493
-0.50989
1.000018
0
0
0
1
-0.02491
-0.52853
0.999992
2
0
0
0
1
-0.03261
-0.59512
1.000012
0
0
0
1
-0.41049
-0.57649
1.000007
2
0
0
0
1
0
-0.60193
1.000007
0
0
0
1
-0.41049
-0.57649
1.000007
hood
False
False
False
True
False
0.351
0.051
0.171
0
0
0
1
0
0
0
0
0
None
7
2
0.087155
0
0
0.996194
-0.02132
1.00001
-0.31282
0.087155
0
0
0.996194
-0.02132
1.00001
-0.31282
3
0.087155
0
0
0.996194
-0.02132
1.00001
-0.31282
0.087155
0
0
0.996194
-0.02132
1.00001
-0.31282
0.087155
0
0
0.996194
-0.02132
1.00001
-0.31282
3
0.087155
0
0
0.996194
-0.02132
1.00001
-0.31282
0.087155
0
0
0.996194
-0.02132
1.00001
-0.31282
0.087155
0
0
0.996194
-0.02132
1.00001
-0.31282
3
0.087155
0
0
0.996194
-0.02132
1.00001
-0.31282
0.087155
0
0
0.996194
-0.02132
1.00001
-0.31282
0.087155
0
0
0.996194
-0.02132
1.00001
-0.31282
2
-0.21643
0
0
0.976295
-0.02132
1.00001
-0.31282
-0.21643
0
0
0.976295
-0.02132
1.00001
-0.31282
2
0.087155
0
0
0.996194
-0.02132
1.00001
-0.31282
0.087155
0
0
0.996194
-0.02132
1.00001
-0.31282
2
0.087155
0
0
0.996194
-0.02132
1.00001
-0.31282
0.087155
0
0
0.996194
-0.02132
1.00001
-0.31282
headlight
False
True
False
True
False
0.061
0.031
0.011
0
0
0
2
0
18
20
6
0
None
7
2
0
0
0
1
-0.84424
0.205473
0.999999
0
0
0
1
-0.84424
0.205473
0.999999
3
0
0
0
1
-0.84424
0.205473
0.999999
0
0
0
1
-0.84424
0.205473
0.999999
0
0
0
1
-0.84424
0.205473
0.999999
3
0
0
0
1
-0.84424
0.205473
0.999999
0
0
0
1
-0.84424
0.205473
0.999999
0
0
0
1
-0.84424
0.205473
0.999999
3
0
0
0
1
-0.84424
0.205473
0.999999
0
0
0
1
-0.84424
0.205473
0.999999
0
0
0
1
-0.84424
0.205473
0.999999
2
0
0
0
1
-0.84424
0.205473
0.999999
0
0
0
1
-0.84424
0.205473
0.999999
2
0
0
0
1
-0.84424
0.205473
0.999999
0
0
0
1
-0.84424
0.205473
0.999999
2
0
0
0
1
-0.84424
0.205473
0.999999
0
0
0
1
-0.84424
0.205473
0.999999
shell
False
False
False
True
False
0.351
0.121
0.321
0
0.12
0
0
3
18
20
24
0
0
0
0
None
7
2
0
0
0
1
-0.04299
1.000001
-0.05484
0
0
0
1
-0.04299
1.000001
-0.05484
3
0
0
0
1
-0.04299
1.000001
-0.05484
0
0
0
1
-0.04299
1.000001
-0.05484
0
0
0
1
-0.04299
1.000001
-0.05484
3
0
0
0
1
-0.04299
1.000001
-0.05484
0
0
0
1
-0.04299
1.000001
-0.05484
0
0
0
1
-0.04299
1.000001
-0.05484
3
0
0
0
1
-0.04299
1.000001
-0.05484
0
0
0
1
-0.04299
1.000001
-0.05484
0
0
0
1
-0.04299
1.000001
-0.05484
2
0
0
0
1
-0.04299
1.000001
-0.05484
0
0
0
1
-0.04299
1.000001
-0.05484
2
0
0
0
1
-0.04299
1.000001
-0.05484
0
0
0
1
-0.04299
1.000001
-0.05484
2
0
0
0
1
-0.04299
1.000001
-0.05484
0
0
0
1
-0.04299
1.000001
-0.05484
windscreen22
False
False
False
True
False
0.341
0.141
0.081000
0
0
0
17
1
19
0
0
0
0
None
7
2
-0.25881
0
0
0.965925
0
-0.39882
1.000002
-0.25881
0
0
0.965925
0
-0.39882
1.000002
3
-0.25881
0
0
0.965925
0
-0.39882
1.000002
-0.25881
0
0
0.965925
0
-0.39882
1.000002
-0.25881
0
0
0.965925
0
-0.39882
1.000002
3
-0.25881
0
0
0.965925
0
-0.39882
1.000002
-0.25881
0
0
0.965925
0
-0.39882
1.000002
-0.25881
0
0
0.965925
0
-0.39882
1.000002
3
-0.25881
0
0
0.965925
0
-0.39882
1.000002
-0.25881
0
0
0.965925
0
-0.39882
1.000002
-0.25881
0
0
0.965925
0
-0.39882
1.000002
2
-0.25881
0
0
0.965925
0
-0.39882
1.000002
-0.25881
0
0
0.965925
0
-0.39882
1.000002
2
-0.25881
0
0
0.965925
0
-0.39882
1.000002
-0.25881
0
0
0.965925
0
-0.39882
1.000002
2
-0.25881
0
0
0.965925
0
-0.39882
1.000002
-0.25881
0
0
0.965925
0
-0.39882
1.000002
windscreen88
False
False
False
True
False
0.311
0.101
0.031
0
0
0
18
0
0
0
-15
0
None
7
2
0
0
0
1
-0.05834
0
1.000006
0
0
0
1
-0.05834
0
1.000006
3
0
0
0
1
-0.05834
0
1.000006
0
0
0
1
-0.05834
0
1.000006
0
0
0
1
-0.05834
0
1.000006
3
0
0
0
1
-0.05834
0
1.000006
0
0
0
1
-0.05834
0
1.000006
0
0
0
1
-0.05834
0
1.000006
3
0
0
0
1
-0.05834
0
1.000006
0
0
0
1
-0.05834
0
1.000006
0
0
0
1
-0.05834
0
1.000006
2
0
0
0
1
-0.05834
0
1.000006
0
0
0
1
-0.05834
0
1.000006
2
0
0
0
1
-0.05834
0
1.000006
0
0
0
1
-0.05834
0
1.000006
2
0
0
0
1
-0.05834
0
1.000006
0
0
0
1
-0.05834
0
1.000006
windscreen55
False
False
False
True
False
0.341
0.131
0.081
0
0
0
17
1
23
0
0
0
0
None
7
2
0.300706
0
0
0.953716
0.027135
-0.32118
-0.99999
0.300706
0
0
0.953716
0.027135
-0.32118
-0.99999
3
0.300706
0
0
0.953716
0.027135
-0.32118
-0.99999
0.300706
0
0
0.953716
0.027135
-0.32118
-0.99999
0.300706
0
0
0.953716
0.027135
-0.32118
-0.99999
3
0.173648
0
0
0.984807
0.027132
-0.21354
-1
0.173648
0
0
0.984807
0.027132
-0.21354
-1
0.173648
0
0
0.984807
0.027132
-0.21354
-1
3
0.300706
0
0
0.953716
0.027135
-0.32118
-0.99999
0.300706
0
0
0.953716
0.027135
-0.32118
-0.99999
0.300706
0
0
0.953716
0.027135
-0.32118
-0.99999
2
0.300706
0
0
0.953716
0.027135
-0.32118
-0.99999
0.300706
0
0
0.953716
0.027135
-0.32118
-0.99999
2
0.300706
0
0
0.953716
0.027135
-0.32118
-0.99999
0.300706
0
0
0.953716
0.027135
-0.32118
-0.99999
2
0.173648
0
0
0.984807
0.027132
-0.21354
-1
0.173648
0
0
0.984807
0.027132
-0.21354
-1
tail
False
False
False
True
False
0.360999
0.121
0.051
0
0
-0.06
0
1
22
0
0
0
0
None
7
2
-0.04361
0
0
0.999048
-0.01334
0
-1
-0.04361
0
0
0.999048
-0.01334
0
-1
3
-0.04361
0
0
0.999048
-0.01334
0
-1
-0.04361
0
0
0.999048
-0.01334
0
-1
-0.04361
0
0
0.999048
-0.01334
0
-1
3
-0.04361
0
0
0.999048
-0.01334
0
-1
-0.04361
0
0
0.999048
-0.01334
0
-1
-0.04361
0
0
0.999048
-0.01334
0
-1
3
-0.04361
0
0
0.999048
-0.01334
0
-1
-0.04361
0
0
0.999048
-0.01334
0
-1
-0.04361
0
0
0.999048
-0.01334
0
-1
2
-0.04361
0
0
0.999048
-0.01334
0
-1
-0.04361
0
0
0.999048
-0.01334
0
-1
2
-0.04361
0
0
0.999048
-0.01334
0
-1
-0.04361
0
0
0.999048
-0.01334
0
-1
2
-0.04361
0
0
0.999048
-0.01334
0
-1
-0.04361
0
0
0.999048
-0.01334
0
-1
tailext
False
True
False
True
False
0.171
0.051
0.031
0
0
-0.04
21
0
0
0
0
0
None
7
2
0
0
0
1
-0.44367
-0.37394
-1
0
0
0
1
-0.44367
-0.37394
-1
3
0
0
0
1
-0.44367
-0.37394
-1
0
0
0
1
-0.44367
-0.37394
-1
0
0
0
1
-0.44367
-0.37394
-1
3
0
0
0
1
-0.44366
-0.37395
-1
0
0
0
1
-0.44366
-0.37395
-1
0
0
0
1
-0.44366
-0.37395
-1
3
0
0
0
1
-0.44367
-0.37394
-1
0
0
0
1
-0.44367
-0.37394
-1
0
0
0
1
-0.44367
-0.37394
-1
2
0
0
0
1
-0.44367
-0.37394
-1
0
0
0
1
-0.44367
-0.37394
-1
2
0
0
0
1
-0.44367
-0.37394
-1
0
0
0
1
-0.44367
-0.37394
-1
2
0
0
0
1
-0.44366
-0.37395
-1
0
0
0
1
-0.44366
-0.37395
-1
windscreen00
False
False
False
True
False
0.301
0.091
0.021
0
0
0
20
0
0
0
0
0
None
7
2
0
0
0
1
-0.00249
0
-0.99998
0
0
0
1
-0.00249
0
-0.99998
3
0
0
0
1
-0.00249
0
-0.99998
0
0
0
1
-0.00249
0
-0.99998
0
0
0
1
-0.00249
0
-0.99998
3
0
0
0
1
-0.00249
0
-0.99998
0
0
0
1
-0.00249
0
-0.99998
0
0
0
1
-0.00249
0
-0.99998
3
0
0
0
1
-0.00249
0
-0.99998
0
0
0
1
-0.00249
0
-0.99998
0
0
0
1
-0.00249
0
-0.99998
2
0
0
0
1
-0.00249
0
-0.99998
0
0
0
1
-0.00249
0
-0.99998
2
0
0
0
1
-0.00249
0
-0.99998
0
0
0
1
-0.00249
0
-0.99998
2
0
0
0
1
-0.00249
0
-0.99998
0
0
0
1
-0.00249
0
-0.99998
windscreen01
False
True
False
True
False
0.011
0.090999
0.261
0
0
0
17
0
0
0
-15
0
None
7
2
0
0
0
1
-1
0
0.138144
0
0
0
1
-1
0
0.138144
3
0
0
0
1
-1
0
0.138144
0
0
0
1
-1
0
0.138144
0
0
0
1
-1
0
0.138144
3
0
0
0
1
-1
0
0.138144
0
0
0
1
-1
0
0.138144
0
0
0
1
-1
0
0.138144
3
0
0
0
1
-1
0
0.138144
0
0
0
1
-1
0
0.138144
0
0
0
1
-1
0
0.138144
2
0
0
0
1
-1
0
0.138144
0
0
0
1
-1
0
0.138144
2
0
0
0
1
-1
0
0.138144
0
0
0
1
-1
0
0.138144
2
0
0
0
1
-1
0
0.138144
0
0
0
1
-1
0
0.138144
