30
0.443445
0.847058
0.474509
0.007843
perk_rejuvenate
false
0.688067
Vitamin
Vitamins
cenoura
nutritivo
vitaminas
морковь
питательный
bитамины
wortel
bergizi
vitamin
zanahoria
nutritivo
vitiminas
แครอท
มีคุณค่าทางโภชนาการ
วิตามิน
nutritiva
питательная
nutritiva
F
M
F
питательное
false
?
?
?
?
?
14
torso
False
False
False
False
False
0.121
0.121
0.161
0
0
0
-1
2
1
3
0
0
0
0
None
7
2
-0.69465
0
0
0.719339
0
0
0
-0.69465
0
0
0.719339
0
0
0
3
-0.69465
0
0
0.719339
0
0
0
-0.69465
0
0
0.719339
0
0
0
-0.69465
0
0
0.719339
0
0
0
3
-0.69465
0
0
0.719339
0
0
0
-0.69465
0
0
0.719339
0
0
0
-0.69465
0
0
0.719339
0
0
0
3
-0.69465
0
0
0.719339
0
0
0
-0.69465
0
0
0.719339
0
0
0
-0.69465
0
0
0.719339
0
0
0
2
-0.69465
0
0
0.719339
0
0
0.2
-0.69465
0
0
0.719339
0
0
0.2
2
-0.99813
0
0
0.061048
0
-0.24
-0.71999
-0.99813
0
0
0.061048
0
-0.26
-0.71999
2
-0.69465
0
0
0.719339
0
0
0
-0.69465
0
0
0.719339
0
0
0
neck
False
False
False
True
False
0.131
0.121
0.161
0
0
0.099999
0
1
2
0
0
0
0
None
7
2
0.008726
0
0
0.999962
-0.02271
-0.03632
1.000001
0.008726
0
0
0.999962
-0.02271
-0.03632
1.000001
3
0.008726
0
0
0.999962
-0.02271
-0.03632
1.000001
0.008726
0
0
0.999962
-0.02271
-0.03632
1.000001
0.008726
0
0
0.999962
-0.02271
-0.03632
1.000001
3
0.008726
0
0
0.999962
-0.02271
-0.03632
1.000001
0.008726
0
0
0.999962
-0.02271
-0.03632
1.000001
0.008726
0
0
0.999962
-0.02271
-0.03632
1.000001
3
0.008726
0
0
0.999962
-0.02271
-0.03632
1.000001
0.008726
0
0
0.999962
-0.02271
-0.03632
1.000001
0.008726
0
0
0.999962
-0.02271
-0.03632
1.000001
2
0.008726
0
0
0.999962
-0.02271
-0.03632
1.000001
0.008726
0
0
0.999962
-0.02271
-0.03632
1.000001
2
0.008726
0
0
0.999962
-0.02271
-0.03632
1.000001
0.008726
0
0
0.999962
-0.02271
-0.03632
1.000001
2
0.008726
0
0
0.999962
-0.02271
-0.03632
1.000001
0.008726
0
0
0.999962
-0.02271
-0.03632
1.000001
head
False
False
False
False
False
0.111
0.091
0.101
0
0.08
0
1
3
4
11
12
0
0
0
0
None
7
2
0.008726
0
0
0.999962
0
-0.05643
0.999997
0.008726
0
0
0.999962
0
-0.05643
0.999997
3
0.008726
0
0
0.999962
0
-0.05643
0.999997
0.008726
0
0
0.999962
0
-0.05643
0.999997
0.008726
0
0
0.999962
0
-0.05643
0.999997
3
0.008726
0
0
0.999962
0
-0.05643
0.999997
0.008726
0
0
0.999962
0
-0.05643
0.999997
0.008726
0
0
0.999962
0
-0.05643
0.999997
3
0.008726
0
0
0.999962
0
-0.05643
0.999997
0.008726
0
0
0.999962
0
-0.05643
0.999997
0.008726
0
0
0.999962
0
-0.05643
0.999997
2
0.008726
0
0
0.999962
0
-0.05643
0.999997
0.008726
0
0
0.999962
0
-0.05643
0.999997
2
-0.66913
0
0
0.743145
0
-0.05643
0.999997
-0.66913
0
0
0.743145
0
-0.05643
0.999997
2
0.008726
0
0
0.999962
0
-0.05643
0.999997
0.008726
0
0
0.999962
0
-0.05643
0.999997
tail
False
False
False
False
False
0.071
0.071000
0.141
0
0
0.14
0
0
0
0
0
0
None
7
2
-0.70008
0.010613
0.018902
-0.71373
0.035807
0.060957
-0.99999
-0.70008
0.010613
0.018902
-0.71373
0.035807
0.060957
-0.99999
3
-0.70008
0.010613
0.018902
-0.71373
0.035807
0.060957
-0.99999
-0.70008
0.010613
0.018902
-0.71373
0.035807
0.060957
-0.99999
-0.70008
0.010613
0.018902
-0.71373
0.035807
0.060957
-0.99999
3
-0.70008
0.010613
0.018902
-0.71373
0.035807
0.060957
-0.99999
-0.70008
0.010613
0.018902
-0.71373
0.035807
0.060957
-0.99999
-0.70008
0.010613
0.018902
-0.71373
0.035807
0.060957
-0.99999
3
-0.70008
0.010613
0.018902
-0.71373
0.035807
0.060957
-0.99999
-0.70008
0.010613
0.018902
-0.71373
0.035807
0.060957
-0.99999
-0.70008
0.010613
0.018902
-0.71373
0.035807
0.060957
-0.99999
2
-0.24942
0
0.021677
-0.96815
0.035807
0.060957
-0.99999
-0.24942
0
0.021677
-0.96815
0.035807
0.060957
-0.99999
2
-0.03396
0.020595
0.006766
-0.99918
0.035807
0.060957
-0.99999
-0.03396
0.020595
0.006766
-0.99918
0.035807
0.060957
-0.99999
2
-0.70008
0.010613
0.018902
-0.71373
0.035807
0.060957
-0.99999
-0.70008
0.010613
0.018902
-0.71373
0.035807
0.060957
-0.99999
ctop1
False
False
False
True
True
0.080999
0.161
0.071
0
0.16
0
2
1
5
22
-6
-12
0
None
7
2
0
0
0
1
0
1.000001
0.004709
0
0
0
1
0
1.000001
0.004709
3
0
0
0
1
0
1.000001
0.004709
0
0
0
1
0
1.000001
0.004709
0
0
0
1
0
1.000001
0.004709
3
0
0
0
1
0
1.000001
0.004709
0
0
0
1
0
1.000001
0.004709
0
0
0
1
0
1.000001
0.004709
3
0
0
0
1
0
1.000001
0.004709
0
0
0
1
0
1.000001
0.004709
0
0
0
1
0
1.000001
0.004709
2
0
0
0
1
0
1.000001
0.004709
0
0
0
1
0
1.000001
0.004709
2
0
0
0
1
0
1.000001
0.004709
0
0
0
1
0
1.000001
0.004709
2
0
0
0
1
0
1.000001
0.004709
0
0
0
1
0
1.000001
0.004709
ctop2
False
False
False
True
True
0.111
0.031
0.111
0
0
0
4
3
6
7
8
22
-6
-12
0
None
7
2
0
0
0
1
0
1.00001
0.007529
0
0
0
1
0
1.00001
0.007529
3
0
0
0
1
0
1.00001
0.007529
0
0
0
1
0
1.00001
0.007529
0
0
0
1
0
1.00001
0.007529
3
0
0
0
1
0
1.00001
0.007529
0
0
0
1
0
1.00001
0.007529
0
0
0
1
0
1.00001
0.007529
3
0
0
0
1
0
1.00001
0.007529
0
0
0
1
0
1.00001
0.007529
0
0
0
1
0
1.00001
0.007529
2
0
0
0
1
0
1.00001
0.007529
0
0
0
1
0
1.00001
0.007529
2
0
0
0
1
0
1.00001
0.007529
0
0
0
1
0
1.00001
0.007529
2
0
0
0
1
0
1.00001
0.007529
0
0
0
1
0
1.00001
0.007529
ctop3
False
False
False
True
True
0.090999
0.071
0.081
0
-0.04
0
5
1
9
22
-6
-12
0
None
7
2
0
0
0
1
0.999997
-0.70623
0.694908
0
0
0
1
0.999997
-0.70623
0.694908
3
0
0
0
1
0.999997
-0.70623
0.694908
0
0
0
1
0.999997
-0.70623
0.694908
0
0
0
1
0.999997
-0.70623
0.694908
3
0
0
0
1
0.999997
-0.70623
0.694908
0
0
0
1
0.999997
-0.70623
0.694908
0
0
0
1
0.999997
-0.70623
0.694908
3
0
0
0
1
0.999997
-0.70623
0.694908
0
0
0
1
0.999997
-0.70623
0.694908
0
0
0
1
0.999997
-0.70623
0.694908
2
0
0
0
1
0.999997
-0.70623
0.694908
0
0
0
1
0.999997
-0.70623
0.694908
2
0
0
0
1
0.999997
-0.70623
0.694908
0
0
0
1
0.999997
-0.70623
0.694908
2
0
0
0
1
0.999997
-0.70623
0.694908
0
0
0
1
0.999997
-0.70623
0.694908
ctop4
False
False
False
True
True
0.070999
0.061
0.061
0
-0.04
0
5
0
22
-6
-14
0
None
7
2
0
0
0
1
-0.99999
-0.51379
0.637059
0
0
0
1
-0.99999
-0.51379
0.637059
3
0
0
0
1
-0.99999
-0.51379
0.637059
0
0
0
1
-0.99999
-0.51379
0.637059
0
0
0
1
-0.99999
-0.51379
0.637059
3
0
0
0
1
-0.99999
-0.51379
0.637059
0
0
0
1
-0.99999
-0.51379
0.637059
0
0
0
1
-0.99999
-0.51379
0.637059
3
0
0
0
1
-0.99999
-0.51379
0.637059
0
0
0
1
-0.99999
-0.51379
0.637059
0
0
0
1
-0.99999
-0.51379
0.637059
2
0
0
0
1
-0.99999
-0.51379
0.637059
0
0
0
1
-0.99999
-0.51379
0.637059
2
0
0
0
1
-0.99999
-0.51379
0.637059
0
0
0
1
-0.99999
-0.51379
0.637059
2
0
0
0
1
-0.99999
-0.51379
0.637059
0
0
0
1
-0.99999
-0.51379
0.637059
ctop8
False
False
False
True
True
0.070999
0.061
0.071
0
-0.04
0
5
1
10
22
-6
-12
0
None
7
2
0
0
0
1
-0.56193
-0.99999
-0.62395
0
0
0
1
-0.56193
-0.99999
-0.62395
3
0
0
0
1
-0.56193
-0.99999
-0.62395
0
0
0
1
-0.56193
-0.99999
-0.62395
0
0
0
1
-0.56193
-0.99999
-0.62395
3
0
0
0
1
-0.56193
-0.99999
-0.62395
0
0
0
1
-0.56193
-0.99999
-0.62395
0
0
0
1
-0.56193
-0.99999
-0.62395
3
0
0
0
1
-0.56193
-0.99999
-0.62395
0
0
0
1
-0.56193
-0.99999
-0.62395
0
0
0
1
-0.56193
-0.99999
-0.62395
2
0
0
0
1
-0.56193
-0.99999
-0.62395
0
0
0
1
-0.56193
-0.99999
-0.62395
2
0
0
0
1
-0.56193
-0.99999
-0.62395
0
0
0
1
-0.56193
-0.99999
-0.62395
2
0
0
0
1
-0.56193
-0.99999
-0.62395
0
0
0
1
-0.56193
-0.99999
-0.62395
wgwea
False
False
False
True
True
0.051
0.101
0.031
0
-0.06
0
6
0
22
-6
-14
0
None
7
2
0
0
0
1
0.194772
-1.00001
0.890871
0
0
0
1
0.194772
-1.00001
0.890871
3
0
0
0
1
0.194772
-1.00001
0.890871
0
0
0
1
0.194772
-1.00001
0.890871
0
0
0
1
0.194772
-1.00001
0.890871
3
0
0
0
1
0.194772
-1.00001
0.890871
0
0
0
1
0.194772
-1.00001
0.890871
0
0
0
1
0.194772
-1.00001
0.890871
3
0
0
0
1
0.194772
-1.00001
0.890871
0
0
0
1
0.194772
-1.00001
0.890871
0
0
0
1
0.194772
-1.00001
0.890871
2
0
0
0
1
0.194772
-1.00001
0.890871
0
0
0
1
0.194772
-1.00001
0.890871
2
0
0
0
1
0.194772
-1.00001
0.890871
0
0
0
1
0.194772
-1.00001
0.890871
2
0
0
0
1
0.194772
-1.00001
0.890871
0
0
0
1
0.194772
-1.00001
0.890871
flaabw
False
False
False
True
True
0.041
0.111
0.031
0
0
0
8
0
22
-6
-14
0
None
7
2
0
0
0
1
-0.77105
-0.99999
-0.59596
0
0
0
1
-0.77105
-0.99999
-0.59596
3
0
0
0
1
-0.77105
-0.99999
-0.59596
0
0
0
1
-0.77105
-0.99999
-0.59596
0
0
0
1
-0.77105
-0.99999
-0.59596
3
0
0
0
1
-0.77105
-0.99999
-0.59596
0
0
0
1
-0.77105
-0.99999
-0.59596
0
0
0
1
-0.77105
-0.99999
-0.59596
3
0
0
0
1
-0.77105
-0.99999
-0.59596
0
0
0
1
-0.77105
-0.99999
-0.59596
0
0
0
1
-0.77105
-0.99999
-0.59596
2
0
0
0
1
-0.77105
-0.99999
-0.59596
0
0
0
1
-0.77105
-0.99999
-0.59596
2
0
0
0
1
-0.77105
-0.99999
-0.59596
0
0
0
1
-0.77105
-0.99999
-0.59596
2
0
0
0
1
-0.77105
-0.99999
-0.59596
0
0
0
1
-0.77105
-0.99999
-0.59596
eyes
True
True
False
True
False
0.07
0.04
0.05
0
0
0.01
2
0
0
0
0
0
NinjaEye
7
2
0
0
0
1
-0.68065
-0.46106
1
0
0
0
1
-0.68065
-0.46106
1
3
0
0
0
1
-0.68065
-0.46106
1
0
0
0
1
-0.68065
-0.46106
1
0
0
0
1
-0.68065
-0.46106
1
3
0
0
0
1
-0.68065
-0.46106
1
0
0
0
1
-0.68065
-0.46106
1
0
0
0
1
-0.68065
-0.46106
1
3
0
0
0
1
-0.68065
-0.46106
1
0
0
0
1
-0.68065
-0.46106
1
0
0
0
1
-0.68065
-0.46106
1
2
0
0
0
1
-0.68065
-0.46106
1
0
0
0
1
-0.68065
-0.46106
1
2
0
0
0
1
-0.68065
-0.46106
1
0
0
0
1
-0.68065
-0.46106
1
2
0
0
0
1
-0.68065
-0.46106
1
0
0
0
1
-0.68065
-0.46106
1
snout
False
False
False
True
False
0.070999
0.021
0.021
0
0
-0.02
2
1
13
0
0
0
0
None
7
2
0
0
0
1
0
-0.69904
1.000008
0
0
0
1
0
-0.69904
1.000008
3
0
0
0
1
0
-0.69904
1.000008
0
0
0
1
0
-0.69904
1.000008
0
0
0
1
0
-0.69904
1.000008
3
0
0
0
1
0
-0.69904
1.000008
0
0
0
1
0
-0.69904
1.000008
0
0
0
1
0
-0.69904
1.000008
3
0
0
0
1
0
-0.69904
1.000008
0
0
0
1
0
-0.69904
1.000008
0
0
0
1
0
-0.69904
1.000008
2
0
0
0
1
0
-0.69904
1.000008
0
0
0
1
0
-0.69904
1.000008
2
0
0
0
1
0
-0.69904
1.000008
0
0
0
1
0
-0.69904
1.000008
2
0
0
0
1
0
-0.69904
1.000008
0
0
0
1
0
-0.69904
1.000008
mouth
True
False
False
True
False
0.1
0
0.05
0
0
0.01
12
0
0
0
0
0
AngryMouth
7
2
0
0
0
1
0
-0.57479
1.000019
0
0
0
1
0
-0.57479
1.000019
3
0
0
0
1
0
-0.57479
1.000019
0
0
0
1
0
-0.57479
1.000019
0
0
0
1
0
-0.57479
1.000019
3
0
0
0
1
0
-0.57479
1.000019
0
0
0
1
0
-0.57479
1.000019
0
0
0
1
0
-0.57479
1.000019
3
0
0
0
1
0
-0.57479
1.000019
0
0
0
1
0
-0.57479
1.000019
0
0
0
1
0
-0.57479
1.000019
2
0
0
0
1
0
-0.57479
1.000019
0
0
0
1
0
-0.57479
1.000019
2
0
0
0
1
0
-0.57479
1.000019
0
0
0
1
0
-0.57479
1.000019
2
0
0
0
1
0
-0.57479
1.000019
0
0
0
1
0
-0.57479
1.000019
