30
0.244880
0.666666
0.827451
0.211764
perk_rejuvenate
false
0.183869
grub
worm
lagarta
gordinho
verme
гусеница
пухлый
червь
ulat
merangkak
cacing
oruga
agusanado
gusano
หนอน
อ้วน
หนอน
gordinha
пухлая
agusanada
M
M
M
пухлое
false
Bug Meat
?
?
?
?
22
torso
False
False
False
False
False
0.151
0.131
0.160999
0
0
0
-1
4
1
4
5
12
0
0
0
0
None
7
2
0.069756
0
0
0.997564
0
0
0
0.113203
0
0
0.993571
0
0
0
3
0.113203
0
0
0.993571
0
0
0
0.069756
0
0
0.997564
0
0
0
0.069756
0
0
0.997564
0
0
0
3
0.026176
0
0
0.999657
0
0
0
0.026176
0
0
0.999657
0
0
0
0.026176
0
0
0.999657
0
0
0
3
0.199368
0
0
0.979924
0
0
-0.18
-0.1908
0
0
0.981627
0
0.04
0.22
0.113203
0
0
0.993571
0
0.04
0.22
2
-0.1478
0
0
0.989015
0
0.46
0.26
-0.1908
0
0
0.981627
0
0.46
0.26
2
-0.99756
0
0
0.069756
0
-0.44
-0.32
-0.99756
0
0
0.069756
0
-0.46
-0.32
2
0.026176
0
0
0.999657
0
0
0
0.026176
0
0
0.999657
0
0
0
neck
False
False
False
True
False
0.121
0.111
0.051
0
0
0.06
0
1
2
0
3
4
0
None
7
2
-0.04361
0
0
0.999048
0
-0.07493
1.000006
-0.08715
0
0
0.996194
0
-0.07493
1.000006
3
-0.04361
0
0
0.999048
0
-0.07493
1.000006
-0.04361
0
0
0.999048
0
-0.07493
1.000006
-0.04361
0
0
0.999048
0
-0.07493
1.000006
3
-0.04361
0
0
0.999048
0
0.28409
1.000002
-0.04361
0
0
0.999048
0
0.28409
1.000002
-0.04361
0
0
0.999048
0
0.28409
1.000002
3
0.173648
0
0
0.984807
0
-0.07493
1.000006
-0.04361
0
0
0.999048
0
-0.07493
1.000006
-0.04361
0
0
0.999048
0
-0.07493
1.000006
2
0.173648
0
0
0.984807
0
-0.07493
1.000006
0.173648
0
0
0.984807
0
-0.07493
1.000006
2
-0.04361
0
0
0.999048
0
-0.07493
1.000006
-0.04361
0
0
0.999048
0
-0.07493
1.000006
2
-0.04361
0
0
0.999048
0
0.28409
1.000002
-0.04361
0
0
0.999048
0
0.28409
1.000002
head
False
False
False
False
False
0.111
0.091
0.031
0
0
0
1
3
3
10
14
0
0
0
0
None
7
2
0.026176
0
0
0.999657
0.013187
-0.21057
0.999986
0.026176
0
0
0.999657
0.013187
-0.21057
0.999986
3
0.026176
0
0
0.999657
0.013187
-0.21057
0.999986
0.026176
0
0
0.999657
0.013187
-0.21057
0.999986
0.026176
0
0
0.999657
0.013187
-0.21057
0.999986
3
0.113203
0
0
0.993571
0.013187
0.005518
1.000024
0.113203
0
0
0.993571
0.013187
0.005518
1.000024
0.113203
0
0
0.993571
0.013187
0.005518
1.000024
3
0.446197
0
0
0.894934
0.013187
-0.21057
0.999986
0.026176
0
0
0.999657
0.013187
-0.21057
0.999986
0.026176
0
0
0.999657
0.013187
-0.21057
0.999986
2
0.026176
0
0
0.999657
0.013187
-0.21057
0.999986
0.026176
0
0
0.999657
0.013187
-0.21057
0.999986
2
-0.99965
0
0
0.026177
0.013187
-0.21057
0.999986
-0.99965
0
0
0.026177
0.013187
-0.21057
0.999986
2
0.113203
0
0
0.993571
0.013187
0.005518
1.000024
0.113203
0
0
0.993571
0.013187
0.005518
1.000024
eyes
True
True
False
True
False
0.04
0.039999
0.05
0
0
0.01
2
0
0
0
0
0
BlackEye
7
2
-0.02605
-0.08359
-0.00174
0.996157
-0.41302
0.115553
1.000014
-0.02605
-0.08359
-0.00174
0.996157
-0.41302
0.115553
1.000014
3
-0.02605
-0.08359
-0.00174
0.996157
-0.41302
0.115553
1.000014
-0.02605
-0.08359
-0.00174
0.996157
-0.41302
0.115553
1.000014
-0.02605
-0.08359
-0.00174
0.996157
-0.41302
0.115553
1.000014
3
0.024167
-0.13705
-0.17195
0.975223
-0.73001
-0.01437
0.999999
0.024167
-0.13705
-0.17195
0.975223
-0.73001
-0.01437
0.999999
0.024167
-0.13705
-0.17195
0.975223
-0.73001
-0.01437
0.999999
3
-0.02605
-0.08359
-0.00174
0.996157
-0.41302
0.115553
1.000014
-0.02605
-0.08359
-0.00174
0.996157
-0.41302
0.115553
1.000014
-0.02605
-0.08359
-0.00174
0.996157
-0.41302
0.115553
1.000014
2
-0.02605
-0.08359
-0.00174
0.996157
-0.41302
0.115553
1.000014
-0.02605
-0.08359
-0.00174
0.996157
-0.41302
0.115553
1.000014
2
-0.02605
-0.08359
-0.00174
0.996157
-0.41302
0.115553
1.000014
-0.02605
-0.08359
-0.00174
0.996157
-0.41302
0.115553
1.000014
2
0.024167
-0.13705
-0.17195
0.975223
-0.73001
-0.01437
0.999999
0.024167
-0.13705
-0.17195
0.975223
-0.73001
-0.01437
0.999999
shoulder
False
True
True
False
False
0.051000
0.041000
0.031000
0
0
-0.02
0
1
6
0
3
4
0
None
7
2
-0.47048
0.585786
-0.49347
0.438155
-0.99999
-0.64319
0.747154
-0.47048
0.585786
-0.49347
0.438155
-1
-0.78287
0.747162
3
-0.33254
0.673732
-0.38694
0.534578
-0.99999
-0.64319
0.747154
-0.35626
0.592115
-0.47568
0.544239
-0.99999
-0.64319
0.747154
-0.66716
0.402865
-0.58196
0.232175
-0.99999
-0.64319
0.747154
3
-0.45092
0.563704
-0.51856
0.458261
-0.99999
-0.85803
0.747156
-0.45092
0.563704
-0.51856
0.458261
-0.99999
-0.85803
0.747156
-0.45092
0.563704
-0.51856
0.458261
-0.99999
-0.85803
0.747156
3
-0.47048
0.585786
-0.49347
0.438155
-0.99999
-0.64319
0.747154
-0.73068
0.395684
-0.52411
0.186634
-0.99999
-0.64319
0.747154
-0.73068
0.395684
-0.52411
0.186634
-0.99999
-0.64319
0.747154
2
-0.47048
0.585786
-0.49347
0.438155
-0.77714
-1
0.692686
-0.47048
0.585786
-0.49347
0.438155
-0.77714
-1
0.692686
2
-0.43815
-0.49347
-0.58578
-0.47048
-0.99999
-0.64319
0.747154
-0.43815
-0.49347
-0.58578
-0.47048
-0.99999
-0.64319
0.747154
2
-0.45092
0.563704
-0.51856
0.458261
-0.99999
-0.85803
0.747156
-0.45092
0.563704
-0.51856
0.458261
-0.99999
-0.85803
0.747156
hip
False
True
True
False
False
0.051
0.041
0.051
0
0
0
0
1
8
0
3
4
0
None
7
2
-0.48101
0.600246
-0.46039
0.443135
-1
-0.80892
-0.41988
-0.48101
0.600246
-0.46039
0.443135
-0.99999
-0.60074
-0.4199
3
-0.66311
0.440754
-0.54051
0.271774
-1
-0.80892
-0.41988
-0.36398
0.610568
-0.44349
0.545929
-1
-0.80892
-0.41988
-0.27978
0.650458
-0.31598
0.63149
-1
-0.92103
-0.69955
3
0.202136
0.386557
-0.76829
0.468442
-0.90691
-0.17203
-1
0.202136
0.386557
-0.76829
0.468442
-0.90691
-0.17203
-1
0.202136
0.386557
-0.76829
0.468442
-0.90691
-0.17203
-1
3
-0.48101
0.600246
-0.46039
0.443135
-1
-0.80892
-0.41988
-0.48101
0.600246
-0.46039
0.443135
-1
-0.80892
-0.41988
-0.48101
0.600246
-0.46039
0.443135
-1
-0.80892
-0.41988
2
-0.48101
0.600246
-0.46039
0.443135
-1
-0.80892
-0.41988
-0.48101
0.600246
-0.46039
0.443135
-1
-0.80892
-0.41988
2
-0.44313
-0.46039
-0.60024
-0.48101
-1
-0.80892
-0.41988
-0.44313
-0.46039
-0.60024
-0.48101
-1
-0.80892
-0.41988
2
0.202136
0.386557
-0.76829
0.468442
-0.90691
-0.17203
-1
0.202136
0.386557
-0.76829
0.468442
-0.90691
-0.17203
-1
arm
False
False
True
False
False
0.031
0.030999
0.020999
0
0
-0.02
4
1
7
0
0
0
0
None
7
2
-0.81211
0.115037
-0.54786
-0.16453
1.000003
-0.05232
0.575698
-0.81211
0.115037
-0.54786
-0.16453
1.000003
-0.05232
0.575698
3
-0.68444
0.216501
-0.68611
0.117958
1.000003
-0.05232
0.575698
-0.76796
0.288085
-0.57049
-0.04204
1.000003
-0.05232
0.575698
-0.80248
-0.16966
-0.45855
-0.34199
1.000003
-0.05232
0.575698
3
-0.75925
-0.12892
-0.14454
0.621298
0.189457
-0.09502
-0.99999
-0.75925
-0.12892
-0.14454
0.621298
0.189457
-0.09502
-0.99999
-0.75925
-0.12892
-0.14454
0.621298
0.189457
-0.09502
-0.99999
3
-0.81211
0.115037
-0.54786
-0.16453
1.000003
-0.05232
0.575698
-0.76062
-0.14326
-0.57862
-0.25711
1.000003
-0.05232
0.575698
-0.76062
-0.14326
-0.57862
-0.25711
1.000003
-0.05232
0.575698
2
-0.81211
0.115037
-0.54786
-0.16453
1.000003
-0.05232
0.575698
-0.81211
0.115037
-0.54786
-0.16453
1.000003
-0.05232
0.575698
2
0.16453
-0.54786
-0.11503
-0.81211
1.000003
-0.05232
0.575698
0.16453
-0.54786
-0.11503
-0.81211
1.000003
-0.05232
0.575698
2
-0.75925
-0.12892
-0.14454
0.621298
0.189457
-0.09502
-0.99999
-0.75925
-0.12892
-0.14454
0.621298
0.189457
-0.09502
-0.99999
hand
False
False
True
False
False
0.021
0.021
0.021
0
-0.02
0.04
6
0
-18
9
-4
0
None
7
2
0
-0.13917
0
0.990268
-0.99996
0.460591
0.83262
0
-0.13917
0
0.990268
-0.99996
0.460591
0.83262
3
0
-0.13917
0
0.990268
-0.99996
0.460591
0.83262
0
-0.13917
0
0.990268
-0.99616
0.483221
0.999932
0
-0.13917
0
0.990268
-1.00003
-0.02503
0.633694
3
0
-0.13917
0
0.990268
0.147063
-0.57498
-0.99999
0
-0.13917
0
0.990268
0.147063
-0.57498
-0.99999
0
-0.13917
0
0.990268
0.147063
-0.57498
-0.99999
3
0
-0.13917
0
0.990268
-0.99996
0.460591
0.83262
-0.23656
-0.09982
-0.16056
0.953043
-0.99996
0.460591
0.83262
-0.23656
-0.09982
-0.16056
0.953043
-0.99996
0.460591
0.83262
2
0
-0.13917
0
0.990268
-0.99996
0.460591
0.83262
0
-0.13917
0
0.990268
-0.99996
0.460591
0.83262
2
-0.99026
0
0.139173
0
-0.99996
0.460591
0.83262
-0.99026
0
0.139173
0
-0.99996
0.460591
0.83262
2
0
-0.13917
0
0.990268
0.147063
-0.57498
-0.99999
0
-0.13917
0
0.990268
0.147063
-0.57498
-0.99999
leg
False
False
True
False
False
0.031
0.031000
0.021
0
0
-0.02
5
1
9
0
0
0
0
None
7
2
-0.67669
0.025664
0.01786
0.7356
0.999984
0.052403
0.030393
-0.67669
0.025664
0.01786
0.7356
0.999984
0.052403
0.030393
3
-0.88146
0.051432
0.10588
0.457348
0.999984
0.052403
0.030393
-0.56323
0.044673
-0.14124
0.812908
0.999984
0.052403
0.030393
-0.42303
-0.08351
-0.05577
0.900528
0.999984
0.052403
0.030393
3
-0.6328
0.178465
-0.13694
0.740916
-0.2932
0.159393
-0.99999
-0.6328
0.178465
-0.13694
0.740916
-0.2932
0.159393
-0.99999
-0.6328
0.178465
-0.13694
0.740916
-0.2932
0.159393
-0.99999
3
-0.67669
0.025664
0.01786
0.7356
0.999984
0.052403
0.030393
-0.67669
0.025664
0.01786
0.7356
0.999984
0.052403
0.030393
-0.67669
0.025664
0.01786
0.7356
0.999984
0.052403
0.030393
2
-0.67669
0.025664
0.01786
0.7356
0.999984
0.052403
0.030393
-0.67669
0.025664
0.01786
0.7356
0.999984
0.052403
0.030393
2
-0.7356
0.01786
-0.02566
-0.67669
0.999984
0.052403
0.030393
-0.7356
0.01786
-0.02566
-0.67669
0.999984
0.052403
0.030393
2
-0.6328
0.178465
-0.13694
0.740916
-0.2932
0.159393
-0.99999
-0.6328
0.178465
-0.13694
0.740916
-0.2932
0.159393
-0.99999
foot
False
False
True
False
False
0.031000
0.031
0.021
0
0
0
8
0
-18
9
-4
0
None
7
2
-0.01128
-0.99904
-0.04213
0
0.13031
-0.02288
-1
-0.01128
-0.99904
-0.04213
0
0.13031
-0.02288
-1
3
-0.01128
-0.99904
-0.04213
0
0.13031
-0.02288
-1
-0.01128
-0.99904
-0.04213
0
0.294296
-0.14984
-0.99991
-0.01128
-0.99904
-0.04213
0
0.13031
-0.02288
-1
3
0
-0.99144
0
0.130526
0.13029
-0.13534
-1
0
-0.99144
0
0.130526
0.13029
-0.13534
-1
0
-0.99144
0
0.130526
0.13029
-0.13534
-1
3
-0.01128
-0.99904
-0.04213
0
0.13031
-0.02288
-1
-0.01128
-0.99904
-0.04213
0
0.13031
-0.02288
-1
-0.01128
-0.99904
-0.04213
0
0.13031
-0.02288
-1
2
-0.01128
-0.99904
-0.04213
0
0.13031
-0.02288
-1
-0.01128
-0.99904
-0.04213
0
0.13031
-0.02288
-1
2
0
-0.04213
0.999048
-0.01128
0.13031
-0.02288
-1
0
-0.04213
0.999048
-0.01128
0.13031
-0.02288
-1
2
0
-0.99144
0
0.130526
0.13029
-0.13534
-1
0
-0.99144
0
0.130526
0.13029
-0.13534
-1
waspantler
False
True
False
True
True
0.011
0.011
0.060999
0
0
0.06
2
1
11
-4
0
-8
0
None
7
2
-0.69359
-0.1017
-0.02099
0.712845
-0.67392
0.999995
0.430307
-0.69278
-0.16344
0.039535
0.701268
-0.67416
1.000009
0.430276
3
-0.69359
-0.1017
-0.02099
0.712845
-0.67392
0.999995
0.430307
-0.69359
-0.1017
-0.02099
0.712845
-0.67392
0.999995
0.430307
-0.69359
-0.1017
-0.02099
0.712845
-0.67392
0.999995
0.430307
3
-0.69278
-0.16344
0.039535
0.701268
-0.40656
0.999993
0.924798
-0.69278
-0.16344
0.039535
0.701268
-0.40656
0.999993
0.924798
-0.69278
-0.16344
0.039535
0.701268
-0.40656
0.999993
0.924798
3
-0.69359
-0.1017
-0.02099
0.712845
-0.67392
0.999995
0.430307
-0.69359
-0.1017
-0.02099
0.712845
-0.67392
0.999995
0.430307
-0.69359
-0.1017
-0.02099
0.712845
-0.67392
0.999995
0.430307
2
-0.69359
-0.1017
-0.02099
0.712845
-0.67392
0.999995
0.430307
-0.69359
-0.1017
-0.02099
0.712845
-0.67392
0.999995
0.430307
2
-0.69359
-0.1017
-0.02099
0.712845
-0.67392
0.999995
0.430307
-0.69359
-0.1017
-0.02099
0.712845
-0.67392
0.999995
0.430307
2
-0.69278
-0.16344
0.039535
0.701268
-0.40656
0.999993
0.924798
-0.69278
-0.16344
0.039535
0.701268
-0.40656
0.999993
0.924798
waspantlerext
False
False
False
True
True
0.031
0.021
0.031
0
0
0.019999
10
0
-18
9
-4
0
None
7
2
-0.07918
-0.01154
-0.02761
0.99641
0
0
1.000003
-0.07918
-0.01154
-0.02761
0.99641
0
0
1.000003
3
-0.07918
-0.01154
-0.02761
0.99641
0
0
1.000003
-0.07918
-0.01154
-0.02761
0.99641
0
0
1.000003
-0.07918
-0.01154
-0.02761
0.99641
0
0
1.000003
3
-0.15583
0.034054
-0.08022
0.983929
0
0
1.000003
-0.15583
0.034054
-0.08022
0.983929
0
0
1.000003
-0.15583
0.034054
-0.08022
0.983929
0
0
1.000003
3
-0.07918
-0.01154
-0.02761
0.99641
0
0
1.000003
-0.07918
-0.01154
-0.02761
0.99641
0
0
1.000003
-0.07918
-0.01154
-0.02761
0.99641
0
0
1.000003
2
-0.07918
-0.01154
-0.02761
0.99641
0
0
1.000003
-0.07918
-0.01154
-0.02761
0.99641
0
0
1.000003
2
-0.07918
-0.01154
-0.02761
0.99641
0
0
1.000003
-0.07918
-0.01154
-0.02761
0.99641
0
0
1.000003
2
-0.15583
0.034054
-0.08022
0.983929
0
0
1.000003
-0.15583
0.034054
-0.08022
0.983929
0
0
1.000003
assextender
False
False
False
True
False
0.121
0.121
0.101
0
0
-0.08
0
1
13
0
0
0
0
None
7
2
-0.17364
0
0
0.984807
0.020036
0.007399
-0.99999
-0.17364
0
0
0.984807
0.020036
0.007399
-0.99999
3
-0.17364
0
0
0.984807
0.020036
0.007399
-0.99999
-0.17364
0
0
0.984807
0.020036
0.007399
-0.99999
-0.17364
0
0
0.984807
0.020036
0.007399
-0.99999
3
-0.17364
0
0
0.984807
-0.12002
-0.03307
-1
-0.17364
0
0
0.984807
-0.12002
-0.03307
-1
-0.17364
0
0
0.984807
-0.12002
-0.03307
-1
3
-0.34202
0
0
0.939692
0.020036
0.007399
-0.99999
-0.17364
0
0
0.984807
0.020036
0.007399
-0.99999
-0.17364
0
0
0.984807
0.020036
0.007399
-0.99999
2
-0.60876
0
0
0.793353
0.020036
0.007399
-0.99999
-0.60876
0
0
0.793353
0.020036
0.007399
-0.99999
2
-0.17364
0
0
0.984807
0.020036
0.007399
-0.99999
-0.17364
0
0
0.984807
0.020036
0.007399
-0.99999
2
-0.17364
0
0
0.984807
-0.12002
-0.03307
-1
-0.17364
0
0
0.984807
-0.12002
-0.03307
-1
bigass
False
False
False
False
False
0.151
0.131
0.181
0
0
-0.12
12
2
16
19
0
0
0
0
None
7
2
-0.02617
0
0
0.999657
0.121424
-0.06939
-0.99998
-0.02617
0
0
0.999657
0.121424
-0.06939
-0.99998
3
-0.02617
0
0
0.999657
0.121424
-0.06939
-0.99998
-0.02617
0
0
0.999657
0.121424
-0.06939
-0.99998
-0.02617
0
0
0.999657
0.121424
-0.06939
-0.99998
3
0.061048
0
0
0.998134
0.121423
-0.13816
-0.99999
0.061048
0
0
0.998134
0.121423
-0.13816
-0.99999
0.061048
0
0
0.998134
0.121423
-0.13816
-0.99999
3
-0.19936
0
0
0.979924
0.121424
-0.06939
-0.99998
-0.02617
0
0
0.999657
0.121424
-0.06939
-0.99998
-0.02617
0
0
0.999657
0.121424
-0.06939
-0.99998
2
-0.98162
0
0
0.190808
0.121424
-0.06939
-0.99998
-0.98162
0
0
0.190808
0.121424
-0.06939
-0.99998
2
-0.99965
0
0
-0.02617
0.121424
-0.06939
-0.99998
-0.99965
0
0
-0.02617
0.121424
-0.06939
-0.99998
2
0.061048
0
0
0.998134
0.121423
-0.13816
-0.99999
0.061048
0
0
0.998134
0.121423
-0.13816
-0.99999
snout
False
False
False
False
False
0.080999
0.031
0.011
0
0
0
2
1
15
0
0
0
0
None
7
2
0
0
0
1
0
-0.65204
0.999989
0
0
0
1
0
-0.65204
0.999989
3
0
0
0
1
0
-0.65204
0.999989
0
0
0
1
0
-0.65204
0.999989
0
0
0
1
0
-0.65204
0.999989
3
0
0
0
1
0
-0.65204
0.999989
0
0
0
1
0
-0.65204
0.999989
0
0
0
1
0
-0.65204
0.999989
3
0
0
0
1
0
-0.65204
0.999989
0
0
0
1
0
-0.65204
0.999989
0
0
0
1
0
-0.65204
0.999989
2
0
0
0
1
0
-0.65204
0.999989
0
0
0
1
0
-0.65204
0.999989
2
-1
0
0
0
0
-0.65204
0.999989
-1
0
0
0
0
-0.65204
0.999989
2
0
0
0
1
0
-0.65204
0.999989
0
0
0
1
0
-0.65204
0.999989
mouth
True
False
False
False
False
0.09
0.09
0.05
0
0
0.01
14
0
0
0
0
0
CowMouth
7
2
0
0
0
1
0
0.431891
1.000009
0
0
0
1
0
0.431891
1.000009
3
0
0
0
1
0
0.431891
1.000009
0
0
0
1
0
0.431891
1.000009
0
0
0
1
0
0.431891
1.000009
3
0
0
0
1
0
0.431891
1.000009
0
0
0
1
0
0.431891
1.000009
0
0
0
1
0
0.431891
1.000009
3
0
0
0
1
0
0.431891
1.000009
0
0
0
1
0
0.431891
1.000009
0
0
0
1
0
0.431891
1.000009
2
0
0
0
1
0
0.431891
1.000009
0
0
0
1
0
0.431891
1.000009
2
-1
0
0
0
0
0.431891
1.000009
-1
0
0
0
0
0.431891
1.000009
2
0
0
0
1
0
0.431891
1.000009
0
0
0
1
0
0.431891
1.000009
cater-hip
False
True
False
True
False
0.031
0.051
0.041
0
0
0
13
1
17
0
3
4
0
None
7
2
0
0
0
1
-1
-0.62675
0.770921
0
0
0
1
-1
-0.84045
0.770964
3
0.34202
0
0
0.939692
-1
-0.62675
0.770921
0.087155
0
0
0.996194
-1
-0.62675
0.770921
-0.34202
0
0
0.939692
-1
-0.62675
0.770921
3
0
0
0
1
-1
-0.62675
0.770921
0
0
0
1
-1
-0.62675
0.770921
0
0
0
1
-1
-0.62675
0.770921
3
0
0
0
1
-1
-0.62675
0.770921
0
0
0
1
-1
-0.62675
0.770921
0
0
0
1
-1
-0.62675
0.770921
2
0
0
0
1
-1
-0.62675
0.770921
0
0
0
1
-1
-0.62675
0.770921
2
0
0
0
1
-1
-0.62675
0.770921
0
0
0
1
-1
-0.62675
0.770921
2
0
0
0
1
-1
-0.62675
0.770921
0
0
0
1
-1
-0.62675
0.770921
cater-leg
False
False
False
True
False
0.031
0.031
0.031
0
0
0
16
1
18
0
0
0
0
None
7
2
0
0
0
1
0.155295
-0.99998
0.104565
0
0
0
1
0.155295
-0.99998
0.104565
3
0
0
0
1
0.155295
-0.99998
0.104565
0
0
0
1
0.155295
-0.99998
0.104565
0
0
0
1
0.155295
-0.99998
0.104565
3
0
0
0
1
0.155295
-0.99998
0.104565
0
0
0
1
0.155295
-0.99998
0.104565
0
0
0
1
0.155295
-0.99998
0.104565
3
0
0
0
1
0.155295
-0.99998
0.104565
0
0
0
1
0.155295
-0.99998
0.104565
0
0
0
1
0.155295
-0.99998
0.104565
2
0
0
0
1
0.155295
-0.99998
0.104565
0
0
0
1
0.155295
-0.99998
0.104565
2
0
0
0
1
0.155295
-0.99998
0.104565
0
0
0
1
0.155295
-0.99998
0.104565
2
0
0
0
1
0.155295
-0.99998
0.104565
0
0
0
1
0.155295
-0.99998
0.104565
cater-foot
False
False
False
True
False
0.021
0.031
0.031
0
0
0
17
0
-18
9
-4
0
None
7
2
0
0
0
1
0
-1
-0.03496
0
0
0
1
0
-1
-0.03496
3
0
0
0
1
0
-1
-0.03496
0
0
0
1
0
-1
-0.03496
0
0
0
1
0
-1
-0.03496
3
0
0
0
1
0
-1
-0.03496
0
0
0
1
0
-1
-0.03496
0
0
0
1
0
-1
-0.03496
3
0
0
0
1
0
-1
-0.03496
0
0
0
1
0
-1
-0.03496
0
0
0
1
0
-1
-0.03496
2
0
0
0
1
0
-1
-0.03496
0
0
0
1
0
-1
-0.03496
2
0
0
0
1
0
-1
-0.03496
0
0
0
1
0
-1
-0.03496
2
0
0
0
1
0
-1
-0.03496
0
0
0
1
0
-1
-0.03496
cater-hip2
False
True
False
True
False
0.031
0.061
0.041
0
0
0
13
1
20
0
3
4
0
None
7
2
0.087155
0
0
0.996194
-0.99999
-0.76229
-0.4739
0.087155
0
0
0.996194
-0.99999
-0.55459
-0.47388
3
-0.21623
0.040299
0.016692
0.975366
-0.99999
-0.76229
-0.4739
0.173648
0
0
0.984807
-0.99999
-0.76229
-0.4739
0.382683
0
0
0.923879
-0.99999
-0.76229
-0.4739
3
0.087155
0
0
0.996194
-0.99999
-0.76229
-0.4739
0.087155
0
0
0.996194
-0.99999
-0.76229
-0.4739
0.087155
0
0
0.996194
-0.99999
-0.76229
-0.4739
3
0.087155
0
0
0.996194
-0.99999
-0.76229
-0.4739
0.087155
0
0
0.996194
-0.99999
-0.76229
-0.4739
0.087155
0
0
0.996194
-0.99999
-0.76229
-0.4739
2
0.087155
0
0
0.996194
-0.99999
-0.76229
-0.4739
0.087155
0
0
0.996194
-0.99999
-0.76229
-0.4739
2
0.087155
0
0
0.996194
-0.99999
-0.76229
-0.4739
0.087155
0
0
0.996194
-0.99999
-0.76229
-0.4739
2
0.087155
0
0
0.996194
-0.99999
-0.76229
-0.4739
0.087155
0
0
0.996194
-0.99999
-0.76229
-0.4739
cater-leg2
False
False
False
True
False
0.031
0.021
0.031
0
0
0
19
1
21
0
0
0
0
None
7
2
0
0
0
1
0.039734
-0.99999
0.18548
0
0
0
1
0.039734
-0.99999
0.18548
3
0
0
0
1
0.039734
-0.99999
0.18548
0
0
0
1
0.039734
-0.99999
0.18548
0
0
0
1
0.039734
-0.99999
0.18548
3
0
0
0
1
0.039734
-0.99999
0.18548
0
0
0
1
0.039734
-0.99999
0.18548
0
0
0
1
0.039734
-0.99999
0.18548
3
0
0
0
1
0.039734
-0.99999
0.18548
0
0
0
1
0.039734
-0.99999
0.18548
0
0
0
1
0.039734
-0.99999
0.18548
2
0
0
0
1
0.039734
-0.99999
0.18548
0
0
0
1
0.039734
-0.99999
0.18548
2
0
0
0
1
0.039734
-0.99999
0.18548
0
0
0
1
0.039734
-0.99999
0.18548
2
0
0
0
1
0.039734
-0.99999
0.18548
0
0
0
1
0.039734
-0.99999
0.18548
cater-foot2
False
False
False
True
False
0.021
0.031
0.031
0
0
0
20
0
-18
9
-4
0
None
7
2
-0.04361
0
0
0.999048
-0.00138
-0.99995
0.003274
-0.04361
0
0
0.999048
-0.00138
-0.99995
0.003274
3
-0.04361
0
0
0.999048
-0.00138
-0.99995
0.003274
-0.04361
0
0
0.999048
-0.00138
-0.99995
0.003274
-0.04361
0
0
0.999048
-0.00138
-0.99995
0.003274
3
-0.04361
0
0
0.999048
-0.00138
-0.99995
0.003274
-0.04361
0
0
0.999048
-0.00138
-0.99995
0.003274
-0.04361
0
0
0.999048
-0.00138
-0.99995
0.003274
3
-0.04361
0
0
0.999048
-0.00138
-0.99995
0.003274
-0.04361
0
0
0.999048
-0.00138
-0.99995
0.003274
-0.04361
0
0
0.999048
-0.00138
-0.99995
0.003274
2
-0.04361
0
0
0.999048
-0.00138
-0.99995
0.003274
-0.04361
0
0
0.999048
-0.00138
-0.99995
0.003274
2
-0.04361
0
0
0.999048
-0.00138
-0.99995
0.003274
-0.04361
0
0
0.999048
-0.00138
-0.99995
0.003274
2
-0.04361
0
0
0.999048
-0.00138
-0.99995
0.003274
-0.04361
0
0
0.999048
-0.00138
-0.99995
0.003274
