30
0.371886
0.443137
0.835294
0.172549
perk_disguise
false
0.038780
sneaky
sneaker
camaleão
sorrateiro
fantasma
хамелеон
подлый
призрак
bunglon
licik
hantu
camaleón
furtivo
fantasma
กิ้งก่า
ส่อเสียด
ผี
sorrateira
подлая
furtiva
F
M
M
подлое
false
Scales
Bones
Uncooked Meat
?
?
20
torso
False
False
False
False
False
0.071
0.141
0.371
0
0
0
-1
5
1
5
6
7
14
0
0
0
0
waspStripes
7
2
0.017452
0
0
0.999847
0
0
0
-0.02617
0
0
0.999657
0
0.02
0
3
0.061048
0
0
0.998134
0
0
0
-0.06975
0
0
0.997564
0
0
0
0.017452
0
0
0.999847
0
0
0
3
0.017386
0.087142
0.001521
0.996043
0
0
0
-0.12186
0
0
0.992546
0
0
0
0.017322
-0.12185
-0.00212
0.992395
0
0
0
3
0.104528
0
0
0.994521
0
-0.12
-0.4
-0.15643
0
0
0.987688
0
0.08
0.4
0.061048
0
0
0.998134
0
0
0.4
2
-0.55919
0
0
0.829037
0
0.02
0.34
-0.59482
0
0
0.803856
0
0.02
0.34
2
-0.99984
0
0
0.017452
0
-0.3
-0.55999
-0.99984
0
0
0.017452
0
-0.32
-0.55999
2
-0.24192
0
0
0.970295
0
0
0
-0.40673
0
0
0.913545
0
0
0
neck
False
False
False
True
False
0.060999
0.121
0.111
0
0
0.04
0
1
2
0
-2
1
0
waspStripes
7
2
0.182235
0
0
0.983254
-0.02271
0.248884
1.000003
0.182235
0
0
0.983254
-0.02271
-0.02739
0.999999
3
0.182235
0
0
0.983254
-0.02271
0.248884
1.000003
0.182235
0
0
0.983254
-0.02271
0.248884
1.000003
0.182235
0
0
0.983254
-0.02271
0.248884
1.000003
3
-0.52991
0
0
0.848048
-0.02029
0.999999
0.893208
-0.52991
0
0
0.848048
-0.02029
0.999999
0.893208
-0.52991
0
0
0.848048
-0.02029
0.999999
0.893208
3
0.350207
0
0
0.936672
-0.02271
0.248884
1.000003
0.182235
0
0
0.983254
-0.02271
0.248884
1.000003
0.182235
0
0
0.983254
-0.02271
0.248884
1.000003
2
0.615661
0
0
0.78801
-0.0146
-0.99999
0.642764
0.615661
0
0
0.78801
-0.0146
-0.99999
0.642764
2
0.182235
0
0
0.983254
-0.02271
0.248884
1.000003
0.182235
0
0
0.983254
-0.02271
0.248884
1.000003
2
-0.03489
0
0
0.99939
-0.02271
0.230347
0.999997
-0.03489
0
0
0.99939
-0.02271
0.230347
0.999997
head
False
False
False
False
False
0.071
0.101
0.141
0
0
0.06
1
4
3
4
13
17
0
0
4
0
None
7
2
0.052336
0
0
0.998629
0
-0.05643
0.999997
0.052336
0
0
0.998629
0
-0.05643
0.999997
3
0.095845
0
0
0.995396
0
-0.05643
0.999997
0.052336
0
0
0.998629
0
-0.05643
0.999997
0.052336
0
0
0.998629
0
-0.05643
0.999997
3
-0.12186
0
0
0.992546
0
-0.05643
0.999997
-0.12186
0
0
0.992546
0
-0.05643
0.999997
-0.12186
0
0
0.992546
0
-0.05643
0.999997
3
0.824126
0
0
0.566405
0
0.729206
1.000006
0.052336
0
0
0.998629
0
-0.05643
0.999997
0.052336
0
0
0.998629
0
-0.05643
0.999997
2
0.052336
0
0
0.998629
0
-0.05643
0.999997
0.052336
0
0
0.998629
0
-0.05643
0.999997
2
-0.98325
0
0
0.182235
0
-0.05643
0.999997
-0.98325
0
0
0.182235
0
-0.05643
0.999997
2
-0.12186
0
0
0.992546
0
-0.05643
0.999997
-0.12186
0
0
0.992546
0
-0.05643
0.999997
snout
False
False
False
True
False
0.090999
0.041
0.121
0
0
-0.06
2
1
12
-7
-3
13
0
None
7
2
-0.05239
-0.00228
0
0.998623
0.026194
-0.50242
0.999987
-0.05239
-0.00228
0
0.998623
0.026194
-0.50242
0.999987
3
-0.05239
-0.00228
0
0.998623
0.026194
-0.50242
0.999987
-0.05239
-0.00228
0
0.998623
0.026194
-0.50242
0.999987
-0.05239
-0.00228
0
0.998623
0.026194
-0.50242
0.999987
3
0.034835
-0.00234
0
0.99939
0.026194
-0.59795
1.000007
0.034835
-0.00234
0
0.99939
0.026194
-0.59795
1.000007
0.034835
-0.00234
0
0.99939
0.026194
-0.59795
1.000007
3
-0.05239
-0.00228
0
0.998623
0.026194
-0.50242
0.999987
-0.05239
-0.00228
0
0.998623
0.026194
-0.50242
0.999987
-0.05239
-0.00228
0
0.998623
0.026194
-0.50242
0.999987
2
-0.05239
-0.00228
0
0.998623
0.026194
-0.50242
0.999987
-0.05239
-0.00228
0
0.998623
0.026194
-0.50242
0.999987
2
-0.05239
-0.00228
0
0.998623
0.026194
-0.50242
0.999987
-0.05239
-0.00228
0
0.998623
0.026194
-0.50242
0.999987
2
0.034835
-0.00234
0
0.99939
0.026194
-0.59795
1.000007
0.034835
-0.00234
0
0.99939
0.026194
-0.59795
1.000007
eyes
True
True
False
True
False
0.08
0.08
0.05
0
0
0.049999
2
0
0
0
0
0
DerpyEye
7
2
0
-0.42261
0
0.906307
-0.99999
0.260496
0.541275
0
-0.42261
0
0.906307
-0.99999
0.260496
0.541275
3
0
-0.42261
0
0.906307
-0.99999
0.260496
0.541275
0
-0.42261
0
0.906307
-0.99999
0.260496
0.541275
0
-0.42261
0
0.906307
-0.99999
0.260496
0.541275
3
0
-0.42261
0
0.906307
-0.52637
0.117918
1.000007
0
-0.42261
0
0.906307
-0.52637
0.117918
1.000007
0
-0.42261
0
0.906307
-0.52637
0.117918
1.000007
3
0
-0.42261
0
0.906307
-0.99999
0.260496
0.541275
0
-0.42261
0
0.906307
-0.99999
0.260496
0.541275
0
-0.42261
0
0.906307
-0.99999
0.260496
0.541275
2
0
-0.42261
0
0.906307
-0.99999
0.260496
0.541275
0
-0.42261
0
0.906307
-0.99999
0.260496
0.541275
2
0
-0.42261
0
0.906307
-0.99999
0.260496
0.541275
0
-0.42261
0
0.906307
-0.99999
0.260496
0.541275
2
0
-0.42261
0
0.906307
-0.52637
0.117918
1.000007
0
-0.42261
0
0.906307
-0.52637
0.117918
1.000007
shoulder
False
True
True
False
False
0.031
0.051
0.101
0
0
-0.08
0
1
8
-3
0
6
0
None
7
2
-0.0673
0.610519
0.211312
0.760317
-1
-0.52995
0.818481
-0.1004
0.600721
0.237742
0.756658
-0.99999
-0.61231
0.818472
3
-0.12297
0.182609
0.143049
0.964918
-1
-0.52995
0.818481
-0.12773
0.810895
0.181294
0.54154
-1
-0.05695
0.818472
-0.0673
0.610519
0.211312
0.760317
-1
-0.52995
0.818481
3
-0.73821
0.136402
-0.15691
0.641722
-1
-0.8175
0.683639
-0.66913
0
0
0.743144
-1
-0.43013
0.545969
-0.5944
-0.12493
0.094144
0.788803
-0.99273
-0.99999
0.325328
3
-0.01198
0.167686
0.423216
0.890295
-1
-0.13431
0.818493
-0.05472
0.99822
-0.01983
0.012969
-1
0.199082
0.758561
0.065747
0.637939
0.102086
0.760453
-1
-0.44897
0.818483
2
-0.41077
0.443964
0.469343
0.643332
-1
-0.75523
0.389624
-0.41077
0.443964
0.469343
0.643332
-1
-0.75523
0.389624
2
-0.76329
0.263719
-0.58977
0
-1
-0.52995
0.818481
-0.76329
0.263719
-0.58977
0
-1
-0.52995
0.818481
2
-0.54256
0.073094
0.047468
-0.83547
-1
0.381152
0.545962
-0.26622
0.055437
0.067251
-0.95996
-1
0.947803
0.427673
hip
False
True
True
False
False
0.040999
0.050998
0.111
0
0
-0.09999
0
1
10
-3
0
6
0
None
7
2
-0.74138
-0.0225
-0.66507
0.08669
-1
-0.7385
-0.76855
-0.74138
-0.0225
-0.66507
0.08669
-1
-0.7385
-0.76855
3
-0.98262
-0.06556
-0.16257
0.061021
-1
-0.7385
-0.76855
-0.74138
-0.0225
-0.66507
0.08669
-1
-0.7385
-0.76855
-0.4692
0.0085
-0.87853
0.089159
-0.99999
-0.6732
-0.90167
3
-0.49957
0.145179
-0.14165
0.842188
-1
-0.73568
-0.71863
-0.51558
0.011644
-0.06176
0.85453
-1
-0.32168
-0.71861
-0.5521
-0.19237
0.100913
0.804979
-1
-0.73568
-0.71863
3
-0.74611
0.035544
-0.6645
0.021744
-1
-0.7385
-0.76855
-0.45556
-0.04004
-0.86439
0.209021
-1
-0.4501
-0.90168
-0.74445
0.006525
-0.66542
0.054268
-1
-0.7385
-0.76855
2
-0.9863
0.018295
-0.15955
0.037437
-1
-0.7385
-0.76855
-0.9863
0.018295
-0.15955
0.037437
-1
-0.7385
-0.76855
2
-0.15097
-0.6645
-0.03554
-0.731
-1
-0.7385
-0.76855
-0.15097
-0.6645
-0.03554
-0.731
-1
-0.7385
-0.76855
2
-0.51558
0.011644
-0.06176
0.85453
-1
-0.73568
-0.71863
-0.51558
0.011644
-0.06176
0.85453
-1
-0.73568
-0.71863
tail
False
False
False
False
False
0.061
0.111
0.191002
0
0
0.18
0
1
15
-2
0
2
0
waspStripes
7
2
-0.99726
0.015301
0.050049
-0.05226
0.035806
0.249738
-1
-0.98891
0.010881
0.051192
-0.13898
0.035806
0.249738
-1
3
-0.99726
0.015301
0.050049
-0.05226
0.035806
0.249738
-1
-0.99726
0.015301
0.050049
-0.05226
0.035806
0.249738
-1
-0.99403
0.013103
0.050668
-0.09571
0.035806
0.249738
-1
3
-0.90913
-0.04137
0.359982
0.205344
0.035806
0.519276
-0.99999
-0.97609
0.049284
-0.05796
0.20359
0.035806
0.519276
-0.99999
-0.87585
0.124916
-0.43474
0.168148
0.035804
0.726443
-1
3
-0.99118
0.02376
0.046631
0.121702
0.035806
0.249738
-1
-0.99802
0.019605
0.048525
0.034851
0.035806
0.389577
-1
-0.99726
0.015301
0.050049
-0.05226
0.035806
0.249738
-1
2
-0.99726
0.015301
0.050049
-0.05226
0.025144
1.000004
-0.70221
-0.99726
0.015301
0.050049
-0.05226
0.025144
1.000004
-0.70221
2
0.095714
0.052174
-0.0041
-0.99403
0.035806
0.249738
-1
0.095714
0.052174
-0.0041
-0.99403
0.035806
0.249738
-1
2
-0.9768
0.027733
0.044383
0.207626
0.035806
0.519276
-0.99999
-0.9768
0.027733
0.044383
0.207626
0.035806
0.519276
-0.99999
arm
False
False
True
False
False
0.041
0.041
0.111
0
0
-0.06
5
1
9
-3
0
6
0
None
7
2
-0.69465
0
0
0.719339
-0.13781
0
-1
-0.69465
0
0
0.719339
-0.13781
0
-1
3
-0.3665
0
0
0.930417
-0.13781
0
-1
-0.85716
0
0
0.515037
-0.13781
0
-1
-0.69465
0
0
0.719339
-0.13781
0
-1
3
-0.78828
0.132222
-0.18198
0.57272
-0.1378
-0.25164
-0.99999
-0.52991
0
0
0.848048
-0.13782
0.136962
-0.99999
-0.6861
-0.11252
0.108668
0.710483
-0.13781
0
-1
3
-0.69465
0
0
0.719339
-0.13781
0
-1
-0.99376
-0.03544
-0.07962
-0.06949
-0.13781
0
-1
-0.69465
0
0
0.719339
-0.13781
0
-1
2
-0.71916
-0.08984
0.09468
0.682465
-0.13781
0
-1
-0.71916
-0.08984
0.09468
0.682465
-0.13781
0
-1
2
-0.77714
0
0
-0.62932
-0.13781
0
-1
-0.77714
0
0
-0.62932
-0.13781
0
-1
2
-0.57885
0.140484
0.102067
-0.79672
-0.13781
0
-1
-0.22989
0.09073
0.148059
-0.95759
-0.13781
0
-1
hand
False
False
True
False
False
0.041
0.031
0.041
0
-0.02
0
8
2
18
19
0
-18
-1
0
None
7
2
0
0
0
1
0.191497
-0.62491
-1
0
0
0
1
0.191497
-0.62491
-1
3
0
0
0
1
0.191497
-0.62491
-1
0
0
0
1
0.191497
-0.62491
-1
0
0
0
1
0.191497
-0.62491
-1
3
0
0
0
1
0.191498
-0.41204
-1
0.207911
0
0
0.978147
0.191498
-0.41204
-1
0.207911
0
0
0.978147
0.191498
-0.41204
-1
3
0
0
0
1
0.191497
-0.62491
-1
0
0
0
1
0.191497
-0.62491
-1
0
0
0
1
0.191497
-0.62491
-1
2
0
0
0
1
0.191497
-0.62491
-1
0
0
0
1
0.191497
-0.62491
-1
2
-0.99619
0
0
0.087155
0.191497
-0.62491
-1
-0.99619
0
0
0.087155
0.191497
-0.62491
-1
2
-0.96592
0
0
-0.25881
0.191498
-0.41204
-1
-0.96592
0
0
-0.25881
0.191498
-0.41204
-1
leg
False
False
True
False
False
0.041
0.041
0.111
0.02
0
-0.06
6
1
11
-3
0
6
0
None
7
2
-0.66266
0.035932
0.053272
0.74615
-0.04322
0.55235
-1.00001
-0.66266
0.035932
0.053272
0.74615
-0.04322
0.55235
-1.00001
3
-0.72517
0.031152
0.056201
0.685555
-0.04322
0.55235
-1.00001
-0.66266
0.035932
0.053272
0.74615
-0.04322
0.55235
-1.00001
-0.52303
0.044637
0.046223
0.849886
-0.04322
0.55235
-1.00001
3
-0.68189
0.137256
-0.13254
0.706123
-0.04329
0
-0.99999
-0.51503
0
0
0.857167
-0.04329
0
-0.99999
-0.70841
-0.12062
0.124912
0.684104
-0.04329
0
-0.99999
3
-0.66266
0.035932
0.053272
0.74615
-0.04322
0.55235
-1.00001
-0.66266
0.035932
0.053272
0.74615
-0.04322
0.55235
-1.00001
-0.66266
0.035932
0.053272
0.74615
-0.04322
0.55235
-1.00001
2
-0.95979
0.001682
0.064235
0.273245
-0.04322
0.55235
-1.00001
-0.95979
0.001682
0.064235
0.273245
-0.04322
0.55235
-1.00001
2
-0.80106
0.056201
-0.03115
-0.59511
-0.04322
0.55235
-1.00001
-0.80106
0.056201
-0.03115
-0.59511
-0.04322
0.55235
-1.00001
2
-0.69465
0
0
0.719339
-0.04329
0
-0.99999
-0.69465
0
0
0.719339
-0.04329
0
-0.99999
foot
False
False
True
False
False
0.041
0.021
0.051
0
0
0
10
0
0
-18
-1
0
None
7
2
0
0
0
1
0.016868
-0.57018
-1
0
0
0
1
0.016868
-0.57018
-1
3
0
0
0
1
0.016868
-0.57018
-1
0
0
0
1
0.016868
-0.57018
-1
0
0
0
1
0.016868
-0.57018
-1
3
0.043619
0
0
0.999048
0.016867
-0.30397
-0.99999
0.241921
0
0
0.970295
0.016867
-0.30397
-0.99999
0.241921
0
0
0.970295
0.016867
-0.30397
-0.99999
3
0
0
0
1
0.016868
-0.57018
-1
0
0
0
1
0.016868
-0.57018
-1
0
0
0
1
0.016868
-0.57018
-1
2
0
0
0
1
0.016868
-0.57018
-1
0
0
0
1
0.016868
-0.57018
-1
2
-0.99619
0
0
0.087155
0.016868
-0.57018
-1
-0.99619
0
0
0.087155
0.016868
-0.57018
-1
2
0.043619
0
0
0.999048
0.016867
-0.30397
-0.99999
0.043619
0
0
0.999048
0.016867
-0.30397
-0.99999
mouth
True
False
False
True
False
0.17
0.05
0.05
0
0
0.01
3
0
0
0
0
0
PlainMouth
7
2
0.043619
0
0
0.999048
-0.0593
-0.27632
1.000017
0.043619
0
0
0.999048
-0.0593
-0.27632
1.000017
3
0.043619
0
0
0.999048
-0.0593
-0.27632
1.000017
0.043619
0
0
0.999048
-0.0593
-0.27632
1.000017
0.043619
0
0
0.999048
-0.0593
-0.27632
1.000017
3
0.043619
0
0
0.999048
0.028037
-0.25077
0.999987
0.043619
0
0
0.999048
0.028037
-0.25077
0.999987
0.043619
0
0
0.999048
0.028037
-0.25077
0.999987
3
0.043619
0
0
0.999048
-0.0593
-0.27632
1.000017
0.043619
0
0
0.999048
-0.0593
-0.27632
1.000017
0.043619
0
0
0.999048
-0.0593
-0.27632
1.000017
2
0.043619
0
0
0.999048
-0.0593
-0.27632
1.000017
0.043619
0
0
0.999048
-0.0593
-0.27632
1.000017
2
0.043619
0
0
0.999048
-0.0593
-0.27632
1.000017
0.043619
0
0
0.999048
-0.0593
-0.27632
1.000017
2
0.043619
0
0
0.999048
0.028037
-0.25077
0.999987
0.043619
0
0
0.999048
0.028037
-0.25077
0.999987
hornbump
False
True
False
True
True
0.0255
0.0555
0.095499
0
0.02
0.02
2
0
-7
-3
13
0
None
7
2
0.258572
0.043453
0.003801
0.965006
-0.54763
1.000019
-0.31403
0.258572
0.043453
0.003801
0.965006
-0.54763
1.000019
-0.31403
3
0.258572
0.043453
0.003801
0.965006
-0.54763
1.000019
-0.31403
0.258572
0.043453
0.003801
0.965006
-0.54763
1.000019
-0.31403
0.258572
0.043453
0.003801
0.965006
-0.54763
1.000019
-0.31403
3
0.173648
0
0
0.984807
-0.74289
1
0.374461
0.173648
0
0
0.984807
-0.74289
1
0.374461
0.173648
0
0
0.984807
-0.74289
1
0.374461
3
0.258572
0.043453
0.003801
0.965006
-0.54763
1.000019
-0.31403
0.258572
0.043453
0.003801
0.965006
-0.54763
1.000019
-0.31403
0.258572
0.043453
0.003801
0.965006
-0.54763
1.000019
-0.31403
2
0.258572
0.043453
0.003801
0.965006
-0.54763
1.000019
-0.31403
0.258572
0.043453
0.003801
0.965006
-0.54763
1.000019
-0.31403
2
0.258572
0.043453
0.003801
0.965006
-0.54763
1.000019
-0.31403
0.258572
0.043453
0.003801
0.965006
-0.54763
1.000019
-0.31403
2
0.173648
0
0
0.984807
-0.74289
1
0.374461
0.173648
0
0
0.984807
-0.74289
1
0.374461
shell
False
False
False
True
False
0.0555
0.085499
0.355499
0
0.04
0
0
0
0
0
0
0
waspStripes
7
2
0.087155
0
0
0.996194
0
1.000003
0.002333
0.087155
0
0
0.996194
0
1.000003
0.002333
3
0.087155
0
0
0.996194
0
1.000003
0.002333
0.087155
0
0
0.996194
0
1.000003
0.002333
0.087155
0
0
0.996194
0
1.000003
0.002333
3
0.087155
0
0
0.996194
0
1.000001
0.172013
0.087155
0
0
0.996194
0
1.000001
0.172013
0.087155
0
0
0.996194
0
1.000001
0.172013
3
0.087155
0
0
0.996194
0
1.000003
0.002333
0.087155
0
0
0.996194
0
1.000003
0.002333
0.087155
0
0
0.996194
0
1.000003
0.002333
2
0.087155
0
0
0.996194
0
1.000003
0.002333
0.087155
0
0
0.996194
0
1.000003
0.002333
2
0.087155
0
0
0.996194
0
1.000003
0.002333
0.087155
0
0
0.996194
0
1.000003
0.002333
2
0.087155
0
0
0.996194
0
1.000001
0.172013
0.087155
0
0
0.996194
0
1.000001
0.172013
tailext
False
False
False
False
False
0.0455
0.0555
0.1755
0
0
-0.12
7
1
16
-2
0
2
0
waspStripes
7
2
-0.73727
0
0
0.67559
0
-0.21915
1.000001
-0.88701
0
0
0.461748
0
-0.21915
1.000001
3
-0.73727
0
0
0.67559
0
-0.21915
1.000001
-0.53729
0
0
0.843391
0
-0.21915
1.000001
-0.81915
0
0
0.573576
0
-0.21915
1.000001
3
-0.57357
0
0
0.819151
0
0
1.000006
-0.57357
0
0
0.819151
0
0
1.000006
-0.57357
0
0
0.819151
0
0
1.000006
3
0.461748
0
0
0.88701
0
-0.21915
1.000001
0.382683
0
0
0.923879
0
-0.21915
1.000001
-0.73727
0
0
0.67559
0
-0.21915
1.000001
2
-0.88701
0
0
0.461748
0
-0.21915
1.000001
-0.88701
0
0
0.461748
0
-0.21915
1.000001
2
-0.57357
0
0
-0.81915
0
-0.21915
1.000001
-0.57357
0
0
-0.81915
0
-0.21915
1.000001
2
-0.57357
0
0
0.819151
0
0
1.000006
-0.57357
0
0
0.819151
0
0
1.000006
tailtip
False
False
False
True
False
0.0355
0.0555
0.095499
0
0
-0.04
15
0
-2
0
2
0
waspStripes
7
2
-0.76604
0
0
0.642787
0.082762
-0.41795
-0.99999
-0.81915
0
0
0.573576
0.082762
-0.41795
-0.99999
3
-0.76604
0
0
0.642787
0.082762
-0.41795
-0.99999
-0.73727
0
0
0.67559
0.082762
-0.41795
-0.99999
-0.81915
0
0
0.573576
0.082762
-0.41795
-0.99999
3
-0.81915
0
0
0.573576
0.082762
-0.41795
-0.99999
-0.81915
0
0
0.573576
0.082762
-0.41795
-0.99999
-0.81915
0
0
0.573576
0.082762
-0.41795
-0.99999
3
0.043619
0
0
0.999048
0.082762
-0.41795
-0.99999
0.499999
0
0
0.866025
0.082762
-0.41795
-0.99999
-0.76604
0
0
0.642787
0.082762
-0.41795
-0.99999
2
-0.76604
0
0
0.642787
0.082762
-0.41795
-0.99999
-0.76604
0
0
0.642787
0.082762
-0.41795
-0.99999
2
-0.76604
0
0
0.642787
0.082762
-0.41795
-0.99999
-0.76604
0
0
0.642787
0.082762
-0.41795
-0.99999
2
-0.81915
0
0
0.573576
0.082762
-0.41795
-0.99999
-0.81915
0
0
0.573576
0.082762
-0.41795
-0.99999
mask
False
True
False
True
False
0.0255
0.0655
0.075499
0
0
0
2
0
0
-2
-15
0
None
7
2
0.042956
0.173483
0.007574
0.98387
-0.99999
0.219096
0.539978
0.042956
0.173483
0.007574
0.98387
-0.99999
0.219096
0.539978
3
0.042956
0.173483
0.007574
0.98387
-0.99999
0.219096
0.539978
0.042956
0.173483
0.007574
0.98387
-0.99999
0.219096
0.539978
0.042956
0.173483
0.007574
0.98387
-0.99999
0.219096
0.539978
3
0.042956
0.173483
0.007574
0.98387
-0.99999
0.219096
0.539978
0.042956
0.173483
0.007574
0.98387
-0.99999
0.219096
0.539978
0.042956
0.173483
0.007574
0.98387
-0.99999
0.219096
0.539978
3
0.042956
0.173483
0.007574
0.98387
-0.99999
0.219096
0.539978
0.042956
0.173483
0.007574
0.98387
-0.99999
0.219096
0.539978
0.042956
0.173483
0.007574
0.98387
-0.99999
0.219096
0.539978
2
0.042956
0.173483
0.007574
0.98387
-0.99999
0.219096
0.539978
0.042956
0.173483
0.007574
0.98387
-0.99999
0.219096
0.539978
2
0.042956
0.173483
0.007574
0.98387
-0.99999
0.219096
0.539978
0.042956
0.173483
0.007574
0.98387
-0.99999
0.219096
0.539978
2
0.042956
0.173483
0.007574
0.98387
-0.99999
0.219096
0.539978
0.042956
0.173483
0.007574
0.98387
-0.99999
0.219096
0.539978
finger2
False
False
False
True
False
0.0355
0.0255
0.065500
0
0
0.04
9
0
0
-18
-7
0
None
7
2
0
-0.3007
0
0.953716
-0.99981
0.098012
0.999989
0
-0.3007
0
0.953716
-0.99981
0.098012
0.999989
3
0
-0.3007
0
0.953716
-0.99981
0.098012
0.999989
0
-0.3007
0
0.953716
-0.99981
0.098012
0.999989
0
-0.3007
0
0.953716
-0.99981
0.098012
0.999989
3
0
-0.3007
0
0.953716
-0.99981
0.098012
0.999989
0
-0.3007
0
0.953716
-0.99981
0.098012
0.999989
0
-0.3007
0
0.953716
-0.99981
0.098012
0.999989
3
0
-0.3007
0
0.953716
-0.99981
0.098012
0.999989
0
-0.3007
0
0.953716
-0.99981
0.098012
0.999989
0
-0.3007
0
0.953716
-0.99981
0.098012
0.999989
2
0
-0.3007
0
0.953716
-0.99981
0.098012
0.999989
0
-0.3007
0
0.953716
-0.99981
0.098012
0.999989
2
0
-0.3007
0
0.953716
-0.99981
0.098012
0.999989
0
-0.3007
0
0.953716
-0.99981
0.098012
0.999989
2
0
-0.3007
0
0.953716
-0.99981
0.098012
0.999989
0
-0.3007
0
0.953716
-0.99981
0.098012
0.999989
finger3
False
False
False
True
False
0.0355
0.0255
0.0555
0
0
0.04
9
0
0
-18
-7
0
None
7
2
0
0.216439
0
0.976296
0.577252
0
1.000013
0
0.216439
0
0.976296
0.577252
0
1.000013
3
0
0.216439
0
0.976296
0.577252
0
1.000013
0
0.216439
0
0.976296
0.577252
0
1.000013
0
0.216439
0
0.976296
0.577252
0
1.000013
3
0
0.216439
0
0.976296
0.577252
0
1.000013
0
0.216439
0
0.976296
0.577252
0
1.000013
0
0.216439
0
0.976296
0.577252
0
1.000013
3
0
0.216439
0
0.976296
0.577252
0
1.000013
0
0.216439
0
0.976296
0.577252
0
1.000013
0
0.216439
0
0.976296
0.577252
0
1.000013
2
0
0.216439
0
0.976296
0.577252
0
1.000013
0
0.216439
0
0.976296
0.577252
0
1.000013
2
0
0.216439
0
0.976296
0.577252
0
1.000013
0
0.216439
0
0.976296
0.577252
0
1.000013
2
0
0.216439
0
0.976296
0.577252
0
1.000013
0
0.216439
0
0.976296
0.577252
0
1.000013
