30
0.170674
0.780392
0.831372
0.211764
perk_toxic_plume
false
0.009739
Mc.
burger
hambúrguer
gorduroso
hambúrguer
чизбургер
жирный
гамбургер
burger
berminyak
burger
hamburguesa
grasiento
hamburguesa
เบอร์เกอร์
เลี่ยน
เบอร์เกอร์
gordurosa
жирная
grasienta
M
M
F
жирнoe
false
Cooked Meat
Bread Loaf
?
?
?
7
torso
False
False
False
False
False
0.340999
0.071
0.291
0
0
0
-1
2
1
5
-10
-7
-13
0
None
7
2
0
0
0
1
0
0
0
0
0
0
1
0
0
0
3
0
0
0
1
0
0
0
0
0
0
1
0
0
0
0
0
0
1
0
0
0
3
0
0
0
1
0
0
0
0
0
0
1
0
0
0
0
0
0
1
0
0
0
3
0
0
0
1
0
0
-0.24
0
0
0
1
0
0
0.26
0
0
0
1
0
0
0.32
2
0
0
0
1
0
0.34
0.12
0
0
0
1
0
0.34
0.12
2
-1
0
0
0
0
-0.63999
-0.55999
-1
0
0
0
0
-0.65999
-0.55999
2
0
0
0
1
0
0
0
0
0
0
1
0
0
0
neck
False
False
False
True
False
0.311
0.050999
0.281
0
0
-0.02
0
1
2
9
4
0
0
None
7
2
0
0
0
1
0.006122
1.000009
0.085839
0
0
0
1
0.006122
1.000009
0.085839
3
0
0
0
1
0.006122
1.000009
0.085839
0
0
0
1
0.006122
1.000009
0.085839
0
0
0
1
0.006122
1.000009
0.085839
3
0
0
0
1
0.006122
1.000009
0.085839
0
0
0
1
0.006122
1.000009
0.085839
0
0
0
1
0.006122
1.000009
0.085839
3
0
0
0
1
0.006122
1.000009
0.085839
0
0
0
1
0.006122
1.000009
0.085839
0
0
0
1
0.006122
1.000009
0.085839
2
0
0
0
1
0.006122
1.000009
0.085839
0
0
0
1
0.006122
1.000009
0.085839
2
0
0
0
1
0.006122
1.000009
0.085839
0
0
0
1
0.006122
1.000009
0.085839
2
0
0
0
1
0.006122
1.000009
0.085839
0
0
0
1
0.006122
1.000009
0.085839
head
False
False
False
False
False
0.281
0.061
0.291
0
0
-0.04
1
1
3
-18
2
0
0
None
7
2
0
0
0
1
0
1.000009
0.059807
0
0
0
1
0
1.000009
0.059807
3
0
0
0
1
0
1.000009
0.059807
0
0
0
1
0
1.000009
0.059807
0
0
0
1
0
1.000009
0.059807
3
0
0
0
1
0
1.000009
0.059807
0
0
0
1
0
1.000009
0.059807
0
0
0
1
0
1.000009
0.059807
3
0
0
0
1
0
1.000009
0.059807
0
0
0
1
0
1.000009
0.059807
0
0
0
1
0
1.000009
0.059807
2
0
0
0
1
0
1.000009
0.059807
0
0
0
1
0
1.000009
0.059807
2
-1
0
0
0
0
1.000009
0.059807
-1
0
0
0
0
1.000009
0.059807
2
0
0
0
1
0
1.000009
0.059807
0
0
0
1
0
1.000009
0.059807
helmet
False
False
False
True
True
0.311
0.051
0.311
0
0.04
-0.02
2
1
4
0
0
0
0
None
7
2
0
0
0
1
0
1.000017
0.122733
0
0
0
1
0
1.000017
0.122733
3
0
0
0
1
0
1.000017
0.122733
0
0
0
1
0
1.000017
0.122733
0
0
0
1
0
1.000017
0.122733
3
0
0
0
1
0
1.000017
0.122733
0
0
0
1
0
1.000017
0.122733
0
0
0
1
0
1.000017
0.122733
3
0
0
0
1
0
1.000017
0.122733
0
0
0
1
0
1.000017
0.122733
0
0
0
1
0
1.000017
0.122733
2
0
0
0
1
0
1.000017
0.122733
0
0
0
1
0
1.000017
0.122733
2
0
0
0
1
0
1.000017
0.122733
0
0
0
1
0
1.000017
0.122733
2
0
0
0
1
0
1.000017
0.122733
0
0
0
1
0
1.000017
0.122733
helmetexte
False
False
False
True
True
0.201
0.070999
0.211
0
0
0
3
0
0
0
0
0
None
7
2
0
0
0
1
0
0.999996
0.003708
0
0
0
1
0
0.999996
0.003708
3
0
0
0
1
0
0.999996
0.003708
0
0
0
1
0
0.999996
0.003708
0
0
0
1
0
0.999996
0.003708
3
0
0
0
1
0
0.999996
0.003708
0
0
0
1
0
0.999996
0.003708
0
0
0
1
0
0.999996
0.003708
3
0
0
0
1
0
0.999996
0.003708
0
0
0
1
0
0.999996
0.003708
0
0
0
1
0
0.999996
0.003708
2
0
0
0
1
0
0.999996
0.003708
0
0
0
1
0
0.999996
0.003708
2
0
0
0
1
0
0.999996
0.003708
0
0
0
1
0
0.999996
0.003708
2
0
0
0
1
0
0.999996
0.003708
0
0
0
1
0
0.999996
0.003708
belly
False
False
False
True
False
0.351
0.051
0.311
0
0
0
0
1
6
0
0
0
0
None
7
2
0
0
0
1
0
-1
0.001743
0
0
0
1
0
-1
0.001743
3
0
0
0
1
0
-1
0.001743
0
0
0
1
0
-1
0.001743
0
0
0
1
0
-1
0.001743
3
0
0
0
1
0
-1
0.001743
0
0
0
1
0
-1
0.001743
0
0
0
1
0
-1
0.001743
3
0
0
0
1
0
-1
0.001743
0
0
0
1
0
-1
0.001743
0
0
0
1
0
-1
0.001743
2
0
0
0
1
0
-1
0.001743
0
0
0
1
0
-1
0.001743
2
0
0
0
1
0
-1
0.001743
0
0
0
1
0
-1
0.001743
2
0
0
0
1
0
-1
0.001743
0
0
0
1
0
-1
0.001743
bellyext
False
False
False
True
False
0.241
0.051
0.201
0
0
0
5
0
0
0
0
0
None
7
2
0
0
0
1
0
-1
0.059049
0
0
0
1
0
-1
0.059049
3
0
0
0
1
0
-1
0.059049
0
0
0
1
0
-1
0.059049
0
0
0
1
0
-1
0.059049
3
0
0
0
1
0
-1
0.059049
0
0
0
1
0
-1
0.059049
0
0
0
1
0
-1
0.059049
3
0
0
0
1
0
-1
0.059049
0
0
0
1
0
-1
0.059049
0
0
0
1
0
-1
0.059049
2
0
0
0
1
0
-1
0.059049
0
0
0
1
0
-1
0.059049
2
0
0
0
1
0
-1
0.059049
0
0
0
1
0
-1
0.059049
2
0
0
0
1
0
-1
0.059049
0
0
0
1
0
-1
0.059049
