30
0.339156
0.521568
0.137254
0.039215
perk_fire_storm
false
0.155136
crispy
nugget
asa de galinha
crocante
pepita
куриное крыло
хрустящие
самородок
sayap ayam
renyah
bongkah
ala de pollo
crujiente
pepita
ปีกไก่
กรอบ
นักเก็ต
crocante
хрустящая
crujiente
F
M
F
хрустящее
false
Cooked Meat
Bones
?
?
?
4
torso
False
False
False
False
False
0.161
0.151
0.321
0
0
0
-1
2
1
3
0
0
0
0
None
7
2
-0.40325
0.117316
0.057218
0.905729
0
0
0
-0.40325
0.117316
0.057218
0.905729
0
0
0
3
-0.32278
0.121856
0.046776
0.937429
0
0
0
-0.48066
0.111882
0.067226
0.867137
0
0
0
-0.40325
0.117316
0.057218
0.905729
0
0
0
3
-0.40325
0.117316
0.057218
0.905729
0
0
0
-0.40325
0.117316
0.057218
0.905729
0
0
0
-0.40325
0.117316
0.057218
0.905729
0
0
0
3
-0.40325
0.117316
0.057218
0.905729
0
0
0
-0.62393
0.098509
0.085633
0.770497
0
0
0
-0.15509
0.128128
0.024905
0.979238
0
0
0.06
2
-0.40325
0.117316
0.057218
0.905729
0
0.04
0.3
-0.40325
0.117316
0.057218
0.905729
0
0.04
0.3
2
-0.98959
0.097758
-0.08648
0.060526
0
-0.4
-0.48
-0.98959
0.097758
-0.08648
0.060526
0
-0.42
-0.48
2
-0.40325
0.117316
0.057218
0.905729
0
0
0
-0.40325
0.117316
0.057218
0.905729
0
0
0
neck
False
False
False
True
False
0.131
0.091000
0.121
0
0
0
0
1
2
0
0
-3
0
None
7
2
0.771625
0
0
0.636077
0.027352
-1
0.619392
0.771625
0
0
0.636077
0.027352
-1
0.619392
3
0.771625
0
0
0.636077
0.027352
-1
0.619392
0.771625
0
0
0.636077
0.027352
-1
0.619392
0.771625
0
0
0.636077
0.027352
-1
0.619392
3
0.771625
0
0
0.636077
0.027352
-1
0.619392
0.771625
0
0
0.636077
0.027352
-1
0.619392
0.771625
0
0
0.636077
0.027352
-1
0.619392
3
0.771625
0
0
0.636077
0.027352
-1
0.619392
0.649448
0
0
0.760405
0.039714
-0.99999
0.899254
0.430511
0
0
0.902585
0.037475
-0.99999
0.848123
2
0.771625
0
0
0.636077
0.027352
-1
0.619392
0.771625
0
0
0.636077
0.027352
-1
0.619392
2
0.771625
0
0
0.636077
0.027352
-1
0.619392
0.771625
0
0
0.636077
0.027352
-1
0.619392
2
0.771625
0
0
0.636077
0.027352
-1
0.619392
0.771625
0
0
0.636077
0.027352
-1
0.619392
head
False
False
False
False
False
0.111
0.091
0.081
0
0
0
1
0
0
0
-7
0
None
7
2
0.503196
0.066247
-0.11246
0.854257
-0.0743
-0.27457
0.999997
0.503196
0.066247
-0.11246
0.854257
-0.0743
-0.27457
0.999997
3
0.503196
0.066247
-0.11246
0.854257
-0.0743
-0.27457
0.999997
0.503196
0.066247
-0.11246
0.854257
-0.0743
-0.27457
0.999997
0.503196
0.066247
-0.11246
0.854257
-0.0743
-0.27457
0.999997
3
0.503196
0.066247
-0.11246
0.854257
-0.0743
-0.27457
0.999997
0.503196
0.066247
-0.11246
0.854257
-0.0743
-0.27457
0.999997
0.503196
0.066247
-0.11246
0.854257
-0.0743
-0.27457
0.999997
3
0.503196
0.066247
-0.11246
0.854257
-0.0743
-0.27457
0.999997
0.137982
0.104243
-0.07855
0.981796
-0.07431
-0.11743
1.000008
0.503196
0.066247
-0.11246
0.854257
-0.0743
-0.27457
0.999997
2
0.503196
0.066247
-0.11246
0.854257
-0.0743
-0.27457
0.999997
0.503196
0.066247
-0.11246
0.854257
-0.0743
-0.27457
0.999997
2
-0.56156
-0.07393
-0.10757
0.817076
-0.0743
-0.27457
0.999997
-0.56156
-0.07393
-0.10757
0.817076
-0.0743
-0.27457
0.999997
2
0.503196
0.066247
-0.11246
0.854257
-0.0743
-0.27457
0.999997
0.503196
0.066247
-0.11246
0.854257
-0.0743
-0.27457
0.999997
tail
False
False
False
False
False
0.071
0.081000
0.171
0
0
0.14
0
0
0
0
0
0
None
7
2
-0.84688
0.041241
0.032221
0.529193
-0.34672
1.000006
-0.43104
-0.84688
0.041241
0.032221
0.529193
-0.34672
1.000006
-0.43104
3
-0.84688
0.041241
0.032221
0.529193
-0.34672
1.000006
-0.43104
-0.84688
0.041241
0.032221
0.529193
-0.34672
1.000006
-0.43104
-0.84688
0.041241
0.032221
0.529193
-0.34672
1.000006
-0.43104
3
-0.84688
0.041241
0.032221
0.529193
-0.34672
1.000006
-0.43104
-0.84688
0.041241
0.032221
0.529193
-0.34672
1.000006
-0.43104
-0.84688
0.041241
0.032221
0.529193
-0.34672
1.000006
-0.43104
3
-0.84688
0.041241
0.032221
0.529193
-0.34672
1.000006
-0.43104
-0.84688
0.041241
0.032221
0.529193
-0.34672
1.000006
-0.43104
-0.84688
0.041241
0.032221
0.529193
-0.34672
1.000006
-0.43104
2
-0.84688
0.041241
0.032221
0.529193
-0.34672
1.000006
-0.43104
-0.84688
0.041241
0.032221
0.529193
-0.34672
1.000006
-0.43104
2
-0.83752
0.046631
-0.02376
-0.54389
-0.34672
1.000006
-0.43104
-0.83752
0.046631
-0.02376
-0.54389
-0.34672
1.000006
-0.43104
2
-0.84688
0.041241
0.032221
0.529193
-0.34672
1.000006
-0.43104
-0.84688
0.041241
0.032221
0.529193
-0.34672
1.000006
-0.43104
