30
0.410815
0.874509
0.874509
0.552941
perk_screech
false
0.031926
feathered
bird
frango
emplumado
pássaro
курица
пернатый
птица
ayam
berbulu
burung
pollo
plumado
pájaro
ไก่
ขน
นก
emplumada
пернатая
plumada
M
F
M
пернатoe
false
Feathers
Uncooked Meat
Bones
?
?
14
torso
False
False
False
False
False
0.151
0.141
0.141
0
0
0
-1
4
1
5
6
7
0
0
0
0
None
7
2
-0.10452
0
0
0.994522
0
0
0
-0.10452
0
0
0.994522
0
0.04
0
3
0.121869
0
0
0.992546
0
0
0
-0.13917
0
0
0.990268
0
0
0
-0.13917
0
0
0.990268
0
0
0
3
-0.10374
0.121201
-0.01273
0.987108
0
0
0
-0.10452
0
0
0.994522
0
0
0
-0.10324
-0.15557
0.016351
0.982277
0
0
0
3
-0.10452
0
0
0.994522
0
0
-0.2
-0.10452
0
0
0.994522
0
0.02
0.3
0.156434
0
0
0.987688
0
-0.06
0.36
2
-0.35836
0
0
0.93358
0
0.099999
0.099999
-0.39874
0
0
0.91706
0
0.099999
0.099999
2
-0.71933
0
0
0.694658
0
-0.41999
0.24
-0.71933
0
0
0.694658
0
-0.41999
0.24
2
-0.1908
0
0
0.981627
0
0
0
-0.3173
0
0
0.948323
0
0
0
neck
False
False
False
True
False
0.080999
0.061
0.141
0
0
0
0
1
2
0
0
0
0
None
7
2
-0.61566
0
0
0.78801
0
0.999999
0.757601
-0.40673
0
0
0.913545
0
0.858712
0.999997
3
-0.61566
0
0
0.78801
0
0.999999
0.757601
-0.61566
0
0
0.78801
0
0.999999
0.757601
-0.39073
0
0
0.920504
0
0.749505
1.000001
3
-0.61566
0
0
0.78801
0
0.999999
0.757601
-0.3746
0
0
0.927183
0
0.999999
0.757601
-0.61566
0
0
0.78801
0
0.999999
0.757601
3
0.034899
0
0
0.99939
0
-0.22645
1
-0.13917
0
0
0.990268
0
0.1202
0.999994
-0.13917
0
0
0.990268
0
0.1202
0.999994
2
-0.22495
0
0
0.97437
0
0.152159
0.999994
-0.22495
0
0
0.97437
0
0.152159
0.999994
2
-0.61566
0
0
0.78801
0
0.999999
0.757601
-0.61566
0
0
0.78801
0
0.999999
0.757601
2
-0.05233
0
0
0.998629
0
0.484484
1.000003
0.078459
0
0
0.996917
0
0.213475
1.000004
head
False
False
False
False
False
0.080999
0.081
0.071000
0
0
0
1
4
3
4
10
11
0
0
0
0
None
7
2
-0.08418
0.022557
0.257834
0.96225
0
-0.35308
1
-0.0863
-0.01212
-0.13864
0.986499
0
-0.35308
1
3
-0.0871
-0.00304
-0.03476
0.995587
0
-0.35308
1
-0.08714
-0.00152
-0.01738
0.996043
0
-0.35308
1
-0.08715
0
0
0.996194
0
-0.35308
1
3
-0.08418
0.022557
0.257834
0.96225
0
-0.35308
1
-0.05502
-0.0204
0.019902
0.998078
0
-0.35308
1
-0.08456
-0.02108
-0.241
0.966603
0
-0.35308
1
3
0.446015
0.157559
0.205335
0.856786
0
-0.35308
1
-0.08418
0.022557
0.257834
0.96225
0
-0.35308
1
0.390001
-0.1658
-0.01045
0.905703
0
-0.35308
1
2
-0.08418
0.022557
0.257834
0.96225
0.232277
-0.36461
1.000007
-0.08418
0.022557
0.257834
0.96225
0.232277
-0.36461
1.000007
2
-0.79124
0.212012
0.148452
0.554032
0
-0.35308
1
-0.79124
0.212012
0.148452
0.554032
0
-0.35308
1
2
-0.08418
0.022557
0.257834
0.96225
0
-0.35308
1
-0.08418
0.022557
0.257834
0.96225
0
-0.35308
1
snout
False
False
False
True
False
0.030999
0.041
0.061
0
0
0.02
2
1
13
0
12
3
0
None
7
2
0.173585
-0.00241
0
0.984815
0.026198
-0.64649
0.999998
0.173585
-0.00241
0
0.984815
0.026198
-0.64649
0.999998
3
0.173585
-0.00241
0
0.984815
0.026198
-0.64649
0.999998
0.173585
-0.00241
0
0.984815
0.026198
-0.64649
0.999998
0.173585
-0.00241
0
0.984815
0.026198
-0.64649
0.999998
3
0.173585
-0.00241
0
0.984815
0.026198
-0.64649
0.999998
0.173585
-0.00241
0
0.984815
0.026198
-0.64649
0.999998
0.173585
-0.00241
0
0.984815
0.026198
-0.64649
0.999998
3
0.173585
-0.00241
0
0.984815
0.026198
-0.64649
0.999998
0.173585
-0.00241
0
0.984815
0.026198
-0.64649
0.999998
0.173585
-0.00241
0
0.984815
0.026198
-0.64649
0.999998
2
0.173585
-0.00241
0
0.984815
0.026198
-0.64649
0.999998
0.173585
-0.00241
0
0.984815
0.026198
-0.64649
0.999998
2
0.173585
-0.00241
0
0.984815
0.026198
-0.64649
0.999998
0.173585
-0.00241
0
0.984815
0.026198
-0.64649
0.999998
2
0.173585
-0.00241
0
0.984815
0.026198
-0.64649
0.999998
0.173585
-0.00241
0
0.984815
0.026198
-0.64649
0.999998
eyes
True
True
False
True
False
0.070000
0.080000
0.05
0
0
0.01
2
0
0
0
0
0
DerpyEye
7
2
-0.01713
-0.19077
0.00333
0.981477
-0.99999
0.065221
0.97827
-0.01713
-0.19077
0.00333
0.981477
-0.99999
0.065221
0.97827
3
-0.01713
-0.19077
0.00333
0.981477
-0.99999
0.065221
0.97827
-0.01713
-0.19077
0.00333
0.981477
-0.99999
0.065221
0.97827
-0.01713
-0.19077
0.00333
0.981477
-0.99999
0.065221
0.97827
3
-0.01713
-0.19077
0.00333
0.981477
-0.99999
0.065221
0.97827
-0.01713
-0.19077
0.00333
0.981477
-0.99999
0.065221
0.97827
-0.01713
-0.19077
0.00333
0.981477
-0.99999
0.065221
0.97827
3
-0.01713
-0.19077
0.00333
0.981477
-0.99999
0.065221
0.97827
-0.01713
-0.19077
0.00333
0.981477
-0.99999
0.065221
0.97827
-0.01713
-0.19077
0.00333
0.981477
-0.99999
0.065221
0.97827
2
-0.01713
-0.19077
0.00333
0.981477
-0.99999
0.065221
0.97827
-0.01713
-0.19077
0.00333
0.981477
-0.99999
0.065221
0.97827
2
-0.01713
-0.19077
0.00333
0.981477
-0.99999
0.065221
0.97827
-0.01713
-0.19077
0.00333
0.981477
-0.99999
0.065221
0.97827
2
-0.01713
-0.19077
0.00333
0.981477
-0.99999
0.065221
0.97827
-0.01713
-0.19077
0.00333
0.981477
-0.99999
0.065221
0.97827
shoulder
False
True
False
False
False
0.031
0.031
0.121
0
0
-0.06
0
1
12
0
0
0
0
None
7
2
-0.78693
-0.04124
-0.03222
0.614818
-1
0.339387
0.492666
-0.77079
0.163836
0.128003
0.602208
-0.99999
0.032122
0.49266
3
-0.59128
0.354867
-0.52027
0.503757
-0.99999
0.386749
0.492689
-0.78693
-0.04124
-0.03222
0.614818
-0.99999
0.032122
0.49266
-0.77478
0.044726
-0.14142
0.614574
-0.99999
0.032122
0.49266
3
-0.73554
0.275868
0.175393
0.593387
-1
0.339387
0.492666
-0.73622
0.354532
-0.19725
0.541637
-1
0.339387
0.492666
-0.77353
0.150359
0.117473
0.60435
-1
0.339387
0.492666
3
-0.78693
-0.04124
-0.03222
0.614818
-1
0.339387
0.492666
-0.16749
0.561219
-0.78076
0.217668
-1
0.339387
0.492666
-0.73563
0.143598
-0.31062
0.584573
-1
0.339387
0.492666
2
-0.94975
-0.02773
-0.04438
0.308593
-1
0.339387
0.492666
-0.94975
-0.02773
-0.04438
0.308593
-1
0.339387
0.492666
2
-0.9768
-0.05119
0.010881
-0.20762
-1
0.339387
0.492666
-0.9768
-0.05119
0.010881
-0.20762
-1
0.339387
0.492666
2
-0.655
0.27658
0.191692
-0.67655
-0.99999
0.858454
0.492665
-0.34623
0.182169
0.282943
-0.87571
-0.7607
0.999996
0.260067
hip
False
True
True
False
False
0.041
0.071000
0.091000
0
0
0
0
1
8
0
0
0
0
None
7
2
-0.55919
0
0
0.829037
-0.79088
-0.99999
-0.5072
-0.68199
0
0
0.731353
-0.70834
-1
-0.52163
3
-0.73135
0
0
0.681998
-1
-0.71038
-0.22985
-0.81915
0
0
0.573576
-1
-0.91106
0.349807
-0.55919
0
0
0.829037
-0.79088
-0.99999
-0.5072
3
-0.5523
0.12969
-0.08747
0.81883
-0.79088
-0.99999
-0.5072
-0.55919
0
0
0.829037
-1
-0.65165
-0.64129
-0.5523
-0.12969
0.087477
0.81883
-0.79088
-0.99999
-0.5072
3
-0.55919
0
0
0.829037
-0.79088
-0.99999
-0.5072
-0.3665
0
0
0.930417
-0.71115
-0.77243
-0.99999
-0.32556
0
0
0.945518
-0.46852
-1
-0.65874
2
-0.99813
0
0
0.061048
-0.79088
-0.99999
-0.5072
-0.99813
0
0
0.061048
-0.79088
-0.99999
-0.5072
2
-0.99452
0
0
0.104528
-0.79088
-0.99999
-0.5072
-0.99452
0
0
0.104528
-0.79088
-0.99999
-0.5072
2
-0.55919
0
0
0.829037
-0.79088
-0.99999
-0.5072
-0.55919
0
0
0.829037
-0.79088
-0.99999
-0.5072
tail
False
False
False
False
False
0.071
0.050999
0.111
0
0
0.04
0
0
0
0
0
0
None
7
2
-0.83867
0
0
0.544639
0.031321
1.000004
-0.87474
-0.7071
0
0
0.707106
0.031321
1.000004
-0.87474
3
-0.66913
0
0
0.743145
0.035806
0.759559
-1
-0.83867
0
0
0.544639
0.031321
1.000004
-0.87474
-0.83867
0
0
0.544639
0.031321
1.000004
-0.87474
3
-0.83867
0
0
0.544639
0.031321
1.000004
-0.87474
-0.83867
0
0
0.544639
0.031321
1.000004
-0.87474
-0.83867
0
0
0.544639
0.031321
1.000004
-0.87474
3
-0.83867
0
0
0.544639
0.031321
1.000004
-0.87474
-0.83867
0
0
0.544639
0.031321
1.000004
-0.87474
-0.83867
0
0
0.544639
0.031321
1.000004
-0.87474
2
-0.83867
0
0
0.544639
0.031321
1.000004
-0.87474
-0.83867
0
0
0.544639
0.031321
1.000004
-0.87474
2
-0.9563
0
0
-0.29237
0.031321
1.000004
-0.87474
-0.9563
0
0
-0.29237
0.031321
1.000004
-0.87474
2
-0.83867
0
0
0.544639
0.031321
1.000004
-0.87474
-0.83867
0
0
0.544639
0.031321
1.000004
-0.87474
leg
False
False
True
False
False
0.021
0.021
0.090999
0
0
-0.08
6
1
9
0
12
3
0
None
7
2
-0.57357
0
0
0.819152
-0.33145
0.240073
-1
-0.62932
0
0
0.777146
-0.33145
0.240073
-1
3
-0.91354
0
0
0.406736
-0.33145
0.240073
-1
-0.83867
0
0
0.544639
-0.3315
-0.07484
-0.99999
-0.57357
0
0
0.819152
-0.33145
0.240073
-1
3
-0.55887
0.184269
-0.12902
0.798157
-0.33145
0.240073
-1
-0.43837
0
0
0.898794
-0.33145
0.240073
-1
-0.55887
-0.18426
0.129026
0.798157
-0.33145
0.240073
-1
3
-0.57357
0
0
0.819152
-0.33145
0.240073
-1
-0.25881
0
0
0.965925
-0.33145
0.240073
-1
-0.34202
0
0
0.939692
-0.33145
0.240073
-1
2
-0.99904
0
0
0.043619
-0.33145
0.240073
-1
-0.99904
0
0
0.043619
-0.33145
0.240073
-1
2
-0.99619
0
0
0.087155
-0.33145
0.240073
-1
-0.99619
0
0
0.087155
-0.33145
0.240073
-1
2
-0.57357
0
0
0.819152
-0.33145
0.240073
-1
-0.57357
0
0
0.819152
-0.33145
0.240073
-1
foot
False
False
True
False
False
0.031
0.021
0.041
0
0
0
8
0
0
12
3
0
None
7
2
0
0
0
1
-0.06786
-0.99998
-0.9257
0
0
0
1
-0.06786
-0.99998
-0.9257
3
0
0
0
1
-0.06786
-0.99998
-0.9257
0
0
0
1
-0.06786
-0.99998
-0.9257
0
0
0
1
-0.06786
-0.99998
-0.9257
3
0
0
0
1
-0.06786
-0.99998
-0.9257
0
0
0
1
-0.06786
-0.99998
-0.9257
0
0
0
1
-0.06786
-0.99998
-0.9257
3
0
0
0
1
-0.06786
-0.99998
-0.9257
0.573576
0
0
0.819151
-0.06786
-0.99998
-0.9257
0.573576
0
0
0.819151
-0.06786
-0.99998
-0.9257
2
-0.7071
0
0
0.707106
-0.06786
-0.99998
-0.9257
-0.7071
0
0
0.707106
-0.06786
-0.99998
-0.9257
2
-0.76604
0
0
0.642787
-0.06786
-0.99998
-0.9257
-0.76604
0
0
0.642787
-0.06786
-0.99998
-0.9257
2
0
0
0
1
-0.06786
-0.99998
-0.9257
0
0
0
1
-0.06786
-0.99998
-0.9257
goatee
False
False
False
True
False
0.031
0.051
0.081
0
0
-0.06
2
0
-20
12
3
0
None
7
2
-0.61566
0
0
0.78801
0
-1
0.498008
-0.61566
0
0
0.78801
0
-1
0.498008
3
-0.61566
0
0
0.78801
0
-1
0.498008
-0.61566
0
0
0.78801
0
-1
0.498008
-0.61566
0
0
0.78801
0
-1
0.498008
3
-0.61566
0
0
0.78801
0
-1
0.498008
-0.61566
0
0
0.78801
0
-1
0.498008
-0.61566
0
0
0.78801
0
-1
0.498008
3
-0.61566
0
0
0.78801
0
-1
0.498008
-0.61566
0
0
0.78801
0
-1
0.498008
-0.61566
0
0
0.78801
0
-1
0.498008
2
-0.61566
0
0
0.78801
0
-1
0.498008
-0.61566
0
0
0.78801
0
-1
0.498008
2
-0.61566
0
0
0.78801
0
-1
0.498008
-0.61566
0
0
0.78801
0
-1
0.498008
2
-0.61566
0
0
0.78801
0
-1
0.498008
-0.61566
0
0
0.78801
0
-1
0.498008
headcrest
False
False
False
True
True
0.031
0.051
0.061
0
0
0
2
0
-20
12
3
0
None
7
2
0
0
0
1
-0.10268
1.000008
-0.46975
0
0
0
1
-0.10268
1.000008
-0.46975
3
0
0
0
1
-0.10268
1.000008
-0.46975
0
0
0
1
-0.10268
1.000008
-0.46975
0
0
0
1
-0.10268
1.000008
-0.46975
3
0
0
0
1
-0.10268
1.000008
-0.46975
0
0
0
1
-0.10268
1.000008
-0.46975
0
0
0
1
-0.10268
1.000008
-0.46975
3
0
0
0
1
-0.10268
1.000008
-0.46975
0
0
0
1
-0.10268
1.000008
-0.46975
0
0
0
1
-0.10268
1.000008
-0.46975
2
0
0
0
1
-0.10268
1.000008
-0.46975
0
0
0
1
-0.10268
1.000008
-0.46975
2
0
0
0
1
-0.10268
1.000008
-0.46975
0
0
0
1
-0.10268
1.000008
-0.46975
2
0
0
0
1
-0.10268
1.000008
-0.46975
0
0
0
1
-0.10268
1.000008
-0.46975
wing
False
False
False
True
False
0.031
0.141
0.101
0
0.099999
0
5
0
0
0
0
0
None
7
2
0
0
0
1
-1.00003
0.106261
0.038239
0
0
0
1
-1.00003
0.106261
0.038239
3
0
0
0
1
-0.99998
0.185754
-0.15587
0
0
0
1
-1.00003
0.106261
0.038239
0
0
0
1
-1.00003
0.106261
0.038239
3
0
0
0
1
-1.00003
0.106261
0.038239
0
0
0
1
-1.00003
0.106261
0.038239
0
0
0
1
-1.00003
0.106261
0.038239
3
0
0
0
1
-1.00003
0.106261
0.038239
0
0
0
1
-1.00003
0.106261
0.038239
0
-0.08715
0
0.996194
-1.00003
0.106261
0.038239
2
0
0
0
1
-1.00003
0.106261
0.038239
0
0
0
1
-1.00003
0.106261
0.038239
2
0
0
0
1
-1.00003
0.106261
0.038239
0
0
0
1
-1.00003
0.106261
0.038239
2
0
0
0
1
-1.00003
0.106261
0.038239
0
0
0
1
-1.00003
0.106261
0.038239
mouth
True
False
False
True
False
0.05
0.099999
0.05
0
0
0.01
3
0
0
0
0
0
PlainMouth
7
2
0
0
0
1
-0.17215
-0.05218
0.999995
0
0
0
1
-0.17215
-0.05218
0.999995
3
0
0
0
1
-0.17215
-0.05218
0.999995
0
0
0
1
-0.17215
-0.05218
0.999995
0
0
0
1
-0.17215
-0.05218
0.999995
3
0
0
0
1
-0.17215
-0.05218
0.999995
0
0
0
1
-0.17215
-0.05218
0.999995
0
0
0
1
-0.17215
-0.05218
0.999995
3
0
0
0
1
-0.17215
-0.05218
0.999995
0
0
0
1
-0.17215
-0.05218
0.999995
0
0
0
1
-0.17215
-0.05218
0.999995
2
0
0
0
1
-0.17215
-0.05218
0.999995
0
0
0
1
-0.17215
-0.05218
0.999995
2
0
0
0
1
-0.17215
-0.05218
0.999995
0
0
0
1
-0.17215
-0.05218
0.999995
2
0
0
0
1
-0.17215
-0.05218
0.999995
0
0
0
1
-0.17215
-0.05218
0.999995
