30
0.278768
0.8
0.639215
0.376470
perk_summon_big_momma
false
0.462395
scrappy
yapper
chihuahua
sarnento
guinchar
чихуахуа
лоскутной
визжать
chihuahua
pemberani
pengeluh
chihuahua
luchador
grito
ชิวาวา
ค่าเฉลี่ย
ผู้ซัดทอด
sarnento
лоскутной
luchadora
F
F
M
лоскутное
false
Sharp Tooth
Fur
Uncooked Meat
Bones
?
15
torso
False
False
False
False
False
0.101
0.111
0.211
0
0
0
-1
4
1
5
6
7
0
0
0
0
None
7
2
0.017452
0
0
0.999847
0
0
0
0.061048
0
0
0.998134
0
0
0
3
0.104528
0
0
0.994521
0
0
0
-0.06975
0
0
0.997564
0
0
0
-0.06975
0
0
0.997564
0
0
0
3
0.017452
0
0
0.999847
0
0
0
-0.12186
0
0
0.992546
0
0
0
0.017322
-0.12185
-0.00212
0.992395
0
0
0
3
0.233445
0
0
0.97237
0
-0.09999
-0.09999
0.104528
0
0
0.994521
0
0
0.099999
-0.19936
0
0
0.979924
0
0
0.2
2
-0.28401
0
0
0.958819
0
0.22
0.16
-0.32556
0
0
0.945518
0
0.22
0.16
2
-0.99813
0
0
0.061048
0
-0.39999
-0.48
-0.99813
0
0
0.061048
0
-0.41999
-0.48
2
-0.24192
0
0
0.970295
0
0
0
-0.40673
0
0
0.913545
0
0
0
neck
False
False
False
True
False
0.080999
0.121
0.131
0
0
0
0
1
2
0
0
0
0
None
7
2
-0.52991
0
0
0.848048
-0.02029
0.999999
0.893208
-0.52991
0
0
0.848048
-0.02029
0.999999
0.893208
3
-0.52991
0
0
0.848048
-0.02029
0.999999
0.893208
-0.52991
0
0
0.848048
-0.02029
0.999999
0.893208
-0.52991
0
0
0.848048
-0.02029
0.999999
0.893208
3
-0.52991
0
0
0.848048
-0.02029
0.999999
0.893208
-0.52991
0
0
0.848048
-0.02029
0.999999
0.893208
-0.52991
0
0
0.848048
-0.02029
0.999999
0.893208
3
-0.3338
0
0
0.942641
-0.02029
0.999999
0.893208
-0.41469
0
0
0.909961
-0.02029
0.999999
0.893208
-0.52991
0
0
0.848048
-0.02029
0.999999
0.893208
2
-0.25037
0
0
0.968147
-0.02271
0.498462
1.000002
-0.25037
0
0
0.968147
-0.02271
0.498462
1.000002
2
-0.03489
0
0
0.99939
-0.02029
0.999999
0.893208
-0.03489
0
0
0.99939
-0.02029
0.999999
0.893208
2
-0.03489
0
0
0.99939
-0.02271
0.230347
0.999997
-0.03489
0
0
0.99939
-0.02271
0.230347
0.999997
head
False
False
False
False
False
0.201
0.181
0.171
0
0
0
1
3
3
4
12
0
0
0
0
None
7
2
0.095845
0
0
0.995396
0
-0.05643
0.999997
0.095845
0
0
0.995396
0
-0.05643
0.999997
3
0.095845
0
0
0.995396
0
-0.05643
0.999997
0.139173
0
0
0.990268
0
-0.05643
0.999997
0.095845
0
0
0.995396
0
-0.05643
0.999997
3
0.095845
0
0
0.995396
0
-0.05643
0.999997
-0.12186
0
0
0.992546
0
-0.05643
0.999997
-0.12186
0
0
0.992546
0
-0.05643
0.999997
3
0.469471
0
0
0.882947
0
-0.05643
0.999997
0.267238
0
0
0.96363
0
-0.05643
0.999997
-0.20791
0
0
0.978147
0
-0.05643
0.999997
2
0.095845
0
0
0.995396
0
-0.05643
0.999997
0.095845
0
0
0.995396
0
-0.05643
0.999997
2
-0.78801
0
0
0.615661
0
-0.87
1
-0.78801
0
0
0.615661
0
-0.87
1
2
-0.12186
0
0
0.992546
0
-0.05643
0.999997
-0.12186
0
0
0.992546
0
-0.05643
0.999997
snout
False
False
False
True
False
0.061
0.041
0.061
0
0
0.02
2
2
13
14
0
-11
11
0
None
7
2
-0.05239
-0.00228
0
0.998623
0.026194
-0.59795
1.000007
-0.05239
-0.00228
0
0.998623
0.026194
-0.59795
1.000007
3
-0.05239
-0.00228
0
0.998623
0.026194
-0.59795
1.000007
-0.05239
-0.00228
0
0.998623
0.026194
-0.59795
1.000007
-0.05239
-0.00228
0
0.998623
0.026194
-0.59795
1.000007
3
-0.05239
-0.00228
0
0.998623
0.026194
-0.59795
1.000007
0.034835
-0.00234
0
0.99939
0.026194
-0.59795
1.000007
0.034835
-0.00234
0
0.99939
0.026194
-0.59795
1.000007
3
-0.05239
-0.00228
0
0.998623
0.026194
-0.59795
1.000007
-0.05239
-0.00228
0
0.998623
0.026194
-0.59795
1.000007
-0.05239
-0.00228
0
0.998623
0.026194
-0.59795
1.000007
2
-0.05239
-0.00228
0
0.998623
0.026194
-0.59795
1.000007
-0.05239
-0.00228
0
0.998623
0.026194
-0.59795
1.000007
2
-0.05239
-0.00228
0
0.998623
0.026194
-0.59795
1.000007
-0.05239
-0.00228
0
0.998623
0.026194
-0.59795
1.000007
2
0.034835
-0.00234
0
0.99939
0.026194
-0.59795
1.000007
0.034835
-0.00234
0
0.99939
0.026194
-0.59795
1.000007
eyes
True
True
False
True
False
0.1
0.089999
0.05
0
0
0.03
2
0
0
0
0
0
BlackEye
7
2
-0.08682
-0.08682
-0.00759
0.992403
-0.85884
-0.21199
1.000003
-0.08682
-0.08682
-0.00759
0.992403
-0.85884
-0.21199
1.000003
3
-0.08682
-0.08682
-0.00759
0.992403
-0.85884
-0.21199
1.000003
-0.08682
-0.08682
-0.00759
0.992403
-0.85884
-0.21199
1.000003
-0.08682
-0.08682
-0.00759
0.992403
-0.85884
-0.21199
1.000003
3
-0.08682
-0.08682
-0.00759
0.992403
-0.85884
-0.21199
1.000003
-0.08682
-0.08682
-0.00759
0.992403
-0.52637
0.117918
1.000007
-0.08682
-0.08682
-0.00759
0.992403
-0.52637
0.117918
1.000007
3
-0.08682
-0.08682
-0.00759
0.992403
-0.85884
-0.21199
1.000003
-0.08682
-0.08682
-0.00759
0.992403
-0.85884
-0.21199
1.000003
-0.08682
-0.08682
-0.00759
0.992403
-0.85884
-0.21199
1.000003
2
-0.08682
-0.08682
-0.00759
0.992403
-0.85884
-0.21199
1.000003
-0.08682
-0.08682
-0.00759
0.992403
-0.85884
-0.21199
1.000003
2
-0.08682
-0.08682
-0.00759
0.992403
-0.85884
-0.21199
1.000003
-0.08682
-0.08682
-0.00759
0.992403
-0.85884
-0.21199
1.000003
2
-0.08682
-0.08682
-0.00759
0.992403
-0.52637
0.117918
1.000007
-0.08682
-0.08682
-0.00759
0.992403
-0.52637
0.117918
1.000007
shoulder
False
True
True
False
False
0.031
0.071
0.091
0
0
0
0
1
8
0
0
-3
0
None
7
2
-0.60181
0
0
0.798635
-0.99999
-0.69594
0.545937
-0.60181
0
0
0.798635
-0.99999
-0.69594
0.545937
3
-0.52991
0
0
0.848048
-0.99999
-0.69594
0.545937
-0.52991
0
0
0.848048
-0.99999
-0.69594
0.545937
-0.83867
0
0
0.544639
-0.99999
-0.79901
0.682489
3
-0.60181
0
0
0.798635
-0.99999
-0.69594
0.545937
-0.66913
0
0
0.743144
-1
-0.43013
0.545969
-0.5944
-0.12493
0.094144
0.788803
-0.99273
-0.99999
0.325328
3
-0.41469
0
0
0.909961
-0.99999
-0.69594
0.545937
-0.52991
0
0
0.848048
-0.99999
-0.69594
0.545937
-0.60181
0
0
0.798635
-0.99999
-0.69594
0.545937
2
-0.60124
-0.03483
0.02625
0.797875
-0.77548
-0.99999
0.809843
-0.60124
-0.03483
0.02625
0.797875
-0.77548
-0.99999
0.809843
2
-0.82412
0
0
-0.5664
-0.99999
-0.69594
0.545937
-0.82412
0
0
-0.5664
-0.99999
-0.69594
0.545937
2
-0.54256
0.073094
0.047468
-0.83547
-1
0.381152
0.545962
-0.26622
0.055437
0.067251
-0.95996
-1
0.947803
0.427673
hip
False
True
True
False
False
0.021
0.070999
0.101
0
0
0
0
1
10
0
0
-3
0
None
7
2
-0.62271
0.019606
-0.05971
0.779922
-1
-0.49333
-0.71863
-0.62271
0.019606
-0.05971
0.779922
-1
-0.49333
-0.71863
3
-0.80335
0.034393
-0.0526
0.592177
-1
-0.49333
-0.71863
-0.68831
0.024736
-0.05777
0.722681
-1
-0.49333
-0.71863
-0.47781
0.008939
-0.06221
0.876206
-1
-0.49333
-0.71863
3
-0.62271
0.019606
-0.05971
0.779922
-1
-0.49333
-0.71863
-0.51558
0.011644
-0.06176
0.85453
-1
-0.32168
-0.71861
-0.5521
-0.19237
0.100913
0.804979
-1
-0.73568
-0.71863
3
-0.62271
0.019606
-0.05971
0.779922
-0.93156
-0.99999
-0.63527
-0.43914
0.006216
-0.06254
0.896214
-1
-0.49333
-0.71863
-0.62271
0.019606
-0.05971
0.779922
-1
-0.49333
-0.71863
2
-0.98601
0.054798
-0.03078
0.15432
-1
-0.49333
-0.71863
-0.98601
0.054798
-0.03078
0.15432
-1
-0.49333
-0.71863
2
-0.80634
-0.0588
-0.02219
-0.58809
-1
-0.49333
-0.71863
-0.80634
-0.0588
-0.02219
-0.58809
-1
-0.49333
-0.71863
2
-0.51558
0.011644
-0.06176
0.85453
-1
-0.73568
-0.71863
-0.51558
0.011644
-0.06176
0.85453
-1
-0.73568
-0.71863
tail
False
False
False
False
False
0.031
0.041
0.101
0
0
0.08
0
0
0
0
-5
0
None
7
2
-0.86049
-0.14928
0.186581
0.449946
-0.13209
0.701603
-1
-0.86639
0.034265
-0.15691
0.472825
-0.13209
0.701603
-1
3
-0.85153
-0.16876
0.223938
0.443006
-0.13209
0.701603
-1
-0.84942
0.075344
-0.23183
0.468039
-0.13209
0.701603
-1
-0.88048
-0.04836
-0.00408
0.471592
-0.13209
0.701603
-1
3
-0.88048
-0.04836
-0.00408
0.471592
-0.13209
0.701603
-1
-0.97609
0.049284
-0.05796
0.20359
0.035806
0.519276
-0.99999
-0.87585
0.124916
-0.43474
0.168148
0.035804
0.726443
-1
3
-0.88048
-0.04836
-0.00408
0.471592
-0.13209
0.701603
-1
-0.88048
-0.04836
-0.00408
0.471592
-0.13209
0.701603
-1
-0.88048
-0.04836
-0.00408
0.471592
-0.13209
0.701603
-1
2
-0.86049
-0.14928
0.186581
0.449946
-0.13209
0.701603
-1
-0.86049
-0.14928
0.186581
0.449946
-0.13209
0.701603
-1
2
0.166868
0.036706
0.236117
-0.95658
-0.13209
0.701603
-1
0.166868
0.036706
0.236117
-0.95658
-0.13209
0.701603
-1
2
-0.9768
0.027733
0.044383
0.207626
0.035806
0.519276
-0.99999
-0.9768
0.027733
0.044383
0.207626
0.035806
0.519276
-0.99999
arm
False
False
True
False
False
0.031
0.041
0.051
0
0
-0.02
5
1
9
0
-11
11
0
None
7
2
-0.69465
0
0
0.719339
-0.13781
0
-1
-0.69465
0
0
0.719339
-0.13781
0
-1
3
-0.52249
0
0
0.85264
-0.13781
0
-1
-0.69465
0
0
0.719339
-0.13781
0
-1
-0.87881
0
0
0.477158
-0.2717
0
-0.99998
3
-0.69465
0
0
0.719339
-0.13781
0
-1
-0.52991
0
0
0.848048
-0.13782
0.136962
-0.99999
-0.6861
-0.11252
0.108668
0.710483
-0.13781
0
-1
3
-0.87881
0
0
0.477158
-0.13781
0
-1
-0.44619
0
0
0.894934
-0.13781
0
-1
-0.69465
0
0
0.719339
-0.13781
0
-1
2
-0.69465
0
0
0.719339
-0.13781
0
-1
-0.69465
0
0
0.719339
-0.13781
0
-1
2
-0.74895
0
0
-0.66262
-0.13781
0
-1
-0.74895
0
0
-0.66262
-0.13781
0
-1
2
-0.57885
0.140484
0.102067
-0.79672
-0.13781
0
-1
-0.22989
0.09073
0.148059
-0.95759
-0.13781
0
-1
hand
False
False
True
False
False
0.041
0.021
0.051
0
-0.02
0
8
0
0
-11
11
0
None
7
2
0
-0.04361
0
0.999048
0.191498
-0.41204
-1
0
-0.04361
0
0.999048
0.191498
-0.41204
-1
3
0
-0.04361
0
0.999048
0.191498
-0.41204
-1
0
-0.04361
0
0.999048
0.191498
-0.41204
-1
0
-0.04361
0
0.999048
0.191498
-0.41204
-1
3
0
-0.04361
0
0.999048
0.191498
-0.41204
-1
0.207911
0
0
0.978147
0.191498
-0.41204
-1
0.207911
0
0
0.978147
0.191498
-0.41204
-1
3
0
-0.04361
0
0.999048
0.191498
-0.41204
-1
0.341694
-0.04098
0.014918
0.938798
0.191498
-0.41204
-1
0
-0.04361
0
0.999048
0.191498
-0.41204
-1
2
0
-0.04361
0
0.999048
0.191498
-0.41204
-1
0
-0.04361
0
0.999048
0.191498
-0.41204
-1
2
-0.99809
-0.0019
0.043577
0.043577
0.191498
-0.41204
-1
-0.99809
-0.0019
0.043577
0.043577
0.191498
-0.41204
-1
2
-0.96592
0
0
-0.25881
0.191498
-0.41204
-1
-0.96592
0
0
-0.25881
0.191498
-0.41204
-1
leg
False
False
True
False
False
0.031
0.041
0.061
0
0
-0.04
6
1
11
0
-11
11
0
None
7
2
-0.69465
0
0
0.719339
-0.04329
0
-0.99999
-0.69465
0
0
0.719339
-0.04329
0
-0.99999
3
-0.7826
0
0
0.622514
-0.04329
0
-0.99999
-0.69465
0
0
0.719339
-0.04329
0
-0.99999
-0.52249
0
0
0.85264
-0.04329
0
-0.99999
3
-0.69465
0
0
0.719339
-0.04329
0
-0.99999
-0.51503
0
0
0.857167
-0.04329
0
-0.99999
-0.70841
-0.12062
0.124912
0.684104
-0.04329
0
-0.99999
3
-0.69465
0
0
0.719339
-0.04329
0
-0.99999
-0.55919
0
0
0.829037
-0.04329
0
-0.99999
-0.69465
0
0
0.719339
-0.04329
0
-0.99999
2
-0.99965
0
0
-0.02617
-0.04329
0
-0.99999
-0.99965
0
0
-0.02617
-0.04329
0
-0.99999
2
-0.74895
0
0
-0.66262
-0.04329
0
-0.99999
-0.74895
0
0
-0.66262
-0.04329
0
-0.99999
2
-0.69465
0
0
0.719339
-0.04329
0
-0.99999
-0.69465
0
0
0.719339
-0.04329
0
-0.99999
foot
False
False
True
False
False
0.041
0.021
0.051
0
0
0
10
0
0
-11
11
0
None
7
2
0
-0.08715
0
0.996194
0.016867
-0.30397
-0.99999
0
-0.08715
0
0.996194
0.016867
-0.30397
-0.99999
3
0
-0.08715
0
0.996194
0.016867
-0.30397
-0.99999
0
-0.08715
0
0.996194
0.016867
-0.30397
-0.99999
0
-0.08715
0
0.996194
0.016867
-0.30397
-0.99999
3
0
-0.08715
0
0.996194
0.016867
-0.30397
-0.99999
0.241921
0
0
0.970295
0.016867
-0.30397
-0.99999
0.241921
0
0
0.970295
0.016867
-0.30397
-0.99999
3
0
-0.08715
0
0.996194
0.016867
-0.30397
-0.99999
0
-0.08715
0
0.996194
0.016867
-0.30397
-0.99999
0
-0.08715
0
0.996194
0.016867
-0.30397
-0.99999
2
-0.60644
-0.06914
-0.05305
0.790334
0.016867
-0.30397
-0.99999
-0.60644
-0.06914
-0.05305
0.790334
0.016867
-0.30397
-0.99999
2
-0.99524
-0.0038
0.087072
0.043453
0.016867
-0.30397
-0.99999
-0.99524
-0.0038
0.087072
0.043453
0.016867
-0.30397
-0.99999
2
0
-0.08715
0
0.996194
0.016867
-0.30397
-0.99999
0
-0.08715
0
0.996194
0.016867
-0.30397
-0.99999
ear
False
True
False
True
True
0.111
0.071000
0.031
-0.02
0.02
0
2
0
0
0
-4
0
None
7
2
-0.02515
-0.04117
-0.73771
0.673381
-0.99999
0.996864
-0.39819
-0.02515
-0.04117
-0.73771
0.673381
-0.99999
0.996864
-0.39819
3
-0.02333
-0.04223
-0.76638
0.640561
-0.99999
0.996864
-0.39819
-0.02333
-0.04223
-0.76638
0.640561
-0.99999
0.996864
-0.39819
-0.02333
-0.04223
-0.76638
0.640561
-0.99999
0.996864
-0.39819
3
-0.02333
-0.04223
-0.76638
0.640561
-0.99999
0.996864
-0.39819
0
0
-0.69465
0.719339
-0.85414
0.999997
-0.3401
0
0
-0.69465
0.719339
-0.85414
0.999997
-0.3401
3
-0.02333
-0.04223
-0.76638
0.640561
-0.99999
0.996864
-0.39819
-0.02333
-0.04223
-0.76638
0.640561
-0.99999
0.996864
-0.39819
-0.02333
-0.04223
-0.76638
0.640561
-0.99999
0.996864
-0.39819
2
-0.02515
-0.04117
-0.73771
0.673381
-0.99999
0.996864
-0.39819
-0.02515
-0.04117
-0.73771
0.673381
-0.99999
0.996864
-0.39819
2
-0.02515
-0.04117
-0.73771
0.673381
-0.99999
0.996864
-0.39819
-0.02515
-0.04117
-0.73771
0.673381
-0.99999
0.996864
-0.39819
2
0
0
-0.69465
0.719339
-0.85414
0.999997
-0.3401
0
0
-0.69465
0.719339
-0.85414
0.999997
-0.3401
mouth
True
False
False
True
False
0.06
0.070000
0.05
0
0
0.01
3
0
0
0
0
0
CowMouth
7
2
0
0
0
1
0.028037
-0.25077
0.999987
0
0
0
1
0.028037
-0.25077
0.999987
3
0
0
0
1
0.028037
-0.25077
0.999987
0
0
0
1
0.028037
-0.25077
0.999987
0
0
0
1
0.028037
-0.25077
0.999987
3
0
0
0
1
0.028037
-0.25077
0.999987
0
0
0
1
0.028037
-0.25077
0.999987
0
0
0
1
0.028037
-0.25077
0.999987
3
0
0
0
1
0.028037
-0.25077
0.999987
0
0
0
1
0.028037
-0.25077
0.999987
0
0
0
1
0.028037
-0.25077
0.999987
2
0
0
0
1
0.028037
-0.25077
0.999987
0
0
0
1
0.028037
-0.25077
0.999987
2
0
0
0
1
0.028037
-0.25077
0.999987
0
0
0
1
0.028037
-0.25077
0.999987
2
0
0
0
1
0.028037
-0.25077
0.999987
0
0
0
1
0.028037
-0.25077
0.999987
snouttip
False
False
False
True
False
0.041
0.021
0.021
0
0
0
3
0
0
-11
-16
0
None
7
2
0
0
0
1
0
0.794088
0.999999
0
0
0
1
0
0.794088
0.999999
3
0
0
0
1
0
0.794088
0.999999
0
0
0
1
0
0.794088
0.999999
0
0
0
1
0
0.794088
0.999999
3
0
0
0
1
0
0.794088
0.999999
0
0
0
1
0
0.794088
0.999999
0
0
0
1
0
0.794088
0.999999
3
0
0
0
1
0
0.794088
0.999999
0
0
0
1
0
0.794088
0.999999
0
0
0
1
0
0.794088
0.999999
2
0
0
0
1
0
0.794088
0.999999
0
0
0
1
0
0.794088
0.999999
2
0
0
0
1
0
0.794088
0.999999
0
0
0
1
0
0.794088
0.999999
2
0
0
0
1
0
0.794088
0.999999
0
0
0
1
0
0.794088
0.999999
