30
0.604243
0.172549
0.137254
0.062745
perk_sprint
true
0.728619
furry
ape
chimpanzé
peludo
macaco
шимпанзе
пушистый
обезьяна
simpanse
berbulu
kera
chimpancé
peludo
mono
ลิงชิมแปนซี
ขนยาว
ลิง
peluda
пушистая
peluda
M
F
M
пушистое
false
Fur
Uncooked Meat
Bones
?
?
13
torso
False
False
False
False
False
0.211
0.111
0.291
0
0
0
-1
3
1
5
6
0
0
0
0
None
7
2
-0.22495
0
0
0.97437
0
0
0
-0.10452
0
0
0.994522
0
0
0
3
0.087155
0
0
0.996194
0
0
0
-0.22495
0
0
0.97437
0
0
0
-0.05233
0
0
0.998629
0
0
0
3
-0.22464
0.050994
-0.01177
0.973034
0
0
0
-0.35836
0
0
0.93358
0
0
0
-0.22276
-0.1356
0.031307
0.964887
0
0
0
3
-0.22495
0
0
0.97437
0
0.08
-0.32
-0.09584
0
0
0.995396
0
-0.04
0.26
0.207911
0
0
0.978147
0
-0.09999
0.26
2
-0.5807
0
0
0.814115
0
-0.14
0.16
-0.61566
0
0
0.78801
0
-0.14
0.16
2
-0.99939
0
0
0.034899
0
-0.08
-0.55999
-0.99939
0
0
0.034899
0
-0.09999
-0.55999
2
-0.39073
0
0
0.920504
0
0
0
-0.46947
0
0
0.882947
0
0
0
neck
False
False
False
True
False
0.101
0.061
0.111
0
0
0
0
1
2
0
0
0
0
None
7
2
0.156434
0
0
0.987688
0.071316
0.268346
0.999997
0.156434
0
0
0.987688
0.071316
0.268346
0.999997
3
0.156434
0
0
0.987688
0.071316
0.268346
0.999997
0.156434
0
0
0.987688
0.071316
0.268346
0.999997
0.156434
0
0
0.987688
0.071316
0.268346
0.999997
3
0.156434
0
0
0.987688
0.071316
0.268346
0.999997
0.156434
0
0
0.987688
0.071316
0.268346
0.999997
0.156434
0
0
0.987688
0.071316
0.268346
0.999997
3
0.325568
0
0
0.945518
0.071316
0.268346
0.999997
0.156434
0
0
0.987688
0.071316
0.268346
0.999997
0.156434
0
0
0.987688
0.071316
0.268346
0.999997
2
0.284015
0
0
0.958819
0.071315
-0.01667
1.000001
0.284015
0
0
0.958819
0.071315
-0.01667
1.000001
2
0.156434
0
0
0.987688
0.071316
0.268346
0.999997
0.156434
0
0
0.987688
0.071316
0.268346
0.999997
2
0.156434
0
0
0.987688
0.071316
0.268346
0.999997
0.156434
0
0
0.987688
0.071316
0.268346
0.999997
head
False
False
False
False
False
0.131
0.141
0.101
0
0
0
1
3
3
4
11
0
0
-2
0
None
7
2
0.104528
0
0
0.994522
0
-0.80188
0.999992
0.104528
0
0
0.994522
0
-0.80188
0.999992
3
0.104528
0
0
0.994522
0
0.275524
1.000003
0.104528
0
0
0.994522
0
-0.80188
0.999992
0.104528
0
0
0.994522
0
-0.80188
0.999992
3
0.104528
0
0
0.994522
0
-0.80188
0.999992
0.104528
0
0
0.994522
0
-0.80188
0.999992
0.104528
0
0
0.994522
0
-0.80188
0.999992
3
0.104528
0
0
0.994522
0
-0.80188
0.999992
0.515038
0
0
0.857167
0
-0.80188
0.999992
-0.06975
0
0
0.997564
0
-0.80188
0.999992
2
0.104528
0
0
0.994522
0
-0.80188
0.999992
0.104528
0
0
0.994522
0
-0.80188
0.999992
2
-0.93358
0
0
0.358368
0
-0.80188
0.999992
-0.93358
0
0
0.358368
0
-0.80188
0.999992
2
0.104528
0
0
0.994522
0
-0.80188
0.999992
0.104528
0
0
0.994522
0
-0.80188
0.999992
snout
False
False
False
True
False
0.060998
0.081
0.031
0
0
0.02
2
1
12
0
-1
15
0
None
7
2
0.034835
-0.00234
0
0.99939
0.026195
-0.41636
1.000007
0.034835
-0.00234
0
0.99939
0.026195
-0.41636
1.000007
3
0.034835
-0.00234
0
0.99939
0.026195
-0.41636
1.000007
0.034835
-0.00234
0
0.99939
0.026195
-0.41636
1.000007
0.034835
-0.00234
0
0.99939
0.026195
-0.41636
1.000007
3
0.034835
-0.00234
0
0.99939
0.026195
-0.41636
1.000007
0.034835
-0.00234
0
0.99939
0.026195
-0.41636
1.000007
0.034835
-0.00234
0
0.99939
0.026195
-0.41636
1.000007
3
0.034835
-0.00234
0
0.99939
0.026195
-0.41636
1.000007
0.034835
-0.00234
0
0.99939
0.026195
-0.41636
1.000007
0.034835
-0.00234
0
0.99939
0.026195
-0.41636
1.000007
2
0.034835
-0.00234
0
0.99939
0.026195
-0.41636
1.000007
0.034835
-0.00234
0
0.99939
0.026195
-0.41636
1.000007
2
0.034835
-0.00234
0
0.99939
0.026195
-0.41636
1.000007
0.034835
-0.00234
0
0.99939
0.026195
-0.41636
1.000007
2
0.034835
-0.00234
0
0.99939
0.026195
-0.41636
1.000007
0.034835
-0.00234
0
0.99939
0.026195
-0.41636
1.000007
eyes
True
True
False
True
False
0.06
0.06
0.05
0
0
0.01
2
0
0
0
0
0
RegularEye
7
2
0
0
0
1
-0.80001
0.131735
1.000001
0
0
0
1
-0.80001
0.131735
1.000001
3
0
0
0
1
-0.80001
0.131735
1.000001
0
0
0
1
-0.80001
0.131735
1.000001
0
0
0
1
-0.80001
0.131735
1.000001
3
0
0
0
1
-0.80001
0.131735
1.000001
0
0
0
1
-0.80001
0.131735
1.000001
0
0
0
1
-0.80001
0.131735
1.000001
3
0
0
0
1
-0.80001
0.131735
1.000001
0
0
0
1
-0.80001
0.131735
1.000001
0
0
0
1
-0.80001
0.131735
1.000001
2
0
0
0
1
-0.80001
0.131735
1.000001
0
0
0
1
-0.80001
0.131735
1.000001
2
0
0
0
1
-0.80001
0.131735
1.000001
0
0
0
1
-0.80001
0.131735
1.000001
2
0
0
0
1
-0.80001
0.131735
1.000001
0
0
0
1
-0.80001
0.131735
1.000001
shoulder
False
True
True
False
False
0.061
0.080999
0.191
0.02
0
-0.04
0
1
7
0
0
-3
0
None
7
2
-0.64278
0
0
0.766044
-0.99999
-0.54708
0.460521
-0.60009
0.274525
-0.23035
0.715164
-1
-0.33037
0.458737
3
-0.51503
0
0
0.857167
-1
-0.89027
0.178378
-0.68948
0.087665
-0.08465
0.713978
-1
-0.43182
0.460528
-0.7888
0.094144
-0.12493
0.594405
-0.99999
-0.99703
0.686169
3
-0.60009
0.274525
-0.23035
0.715164
-0.99999
-0.44809
0.489464
-0.74303
0.0148
-0.00924
0.669028
-0.99999
-0.04145
0.460514
-0.64034
-0.06676
0.056022
0.763129
-0.99999
-0.54708
0.460521
3
-0.3382
0.29653
-0.06365
0.890861
-0.99999
-0.54708
0.460521
-0.9848
0
0
0.173648
-0.99999
-0.54708
0.460521
-0.91741
0.074026
-0.20338
0.333913
-0.99999
-0.54708
0.460521
2
-0.73447
-0.05888
0.064257
0.673019
-0.99999
-0.54708
0.460521
-0.73447
-0.05888
0.064257
0.673019
-0.99999
-0.54708
0.460521
2
-0.9063
0
0
-0.42261
-0.99999
-0.54708
0.460521
-0.9063
0
0
-0.42261
-0.99999
-0.54708
0.460521
2
-0.64034
0.066765
0.056022
-0.76312
-0.99999
0.293188
0.519515
-0.49809
0.056022
0.066765
-0.86272
-0.859
1.000004
0.430026
hip
False
True
False
False
False
0.061
0.081000
0.141
0
0
0
0
1
9
0
0
-1
0
None
7
2
-0.55919
0
0
0.829037
-0.72961
-0.65834
-1
-0.5523
0.12969
-0.08747
0.81883
-0.69259
-1
-0.96552
3
-0.73135
0
0
0.681998
-0.99999
-0.91362
-0.71304
-0.81915
0
0
0.573576
-0.99999
-0.79696
-0.58132
-0.55919
0
0
0.829037
-0.64358
-1
-0.82549
3
-0.54486
0.186492
-0.12579
0.807789
-0.85779
-0.57307
-1
-0.55919
0
0
0.829037
-0.90524
-0.18162
-0.99999
-0.55069
-0.14396
0.097102
0.816442
-0.72961
-0.65834
-1
3
-0.55919
0
0
0.829037
-0.72961
-0.65834
-1
-0.3665
0
0
0.930417
-0.72961
-0.65834
-1
-0.3665
0
0
0.930417
-0.57078
-0.99999
-0.78232
2
-0.99813
0
0
0.061048
-0.72961
-0.65834
-1
-0.99813
0
0
0.061048
-0.72961
-0.65834
-1
2
-0.94551
0
0
-0.32556
-0.72961
-0.65834
-1
-0.94551
0
0
-0.32556
-0.72961
-0.65834
-1
2
-0.55919
0
0
0.829037
-0.72961
-0.65834
-1
-0.55919
0
0
0.829037
-0.72961
-0.65834
-1
arm
False
False
True
False
False
0.071
0.071
0.171
0
0
-0.12
5
1
8
0
0
-3
0
None
7
2
-0.69465
0
0
0.719339
-0.03206
-0.1696
-0.99999
-0.67098
-0.17979
-0.18617
0.694828
-0.03206
-0.1696
-0.99999
3
-0.98162
0
0
0.190808
-0.03206
0.069388
-1
-0.99984
0
0
0.017452
-0.03206
-0.1696
-0.99999
-0.9848
0
0
0.173648
-0.03206
-0.1696
-0.99999
3
-0.6841
0.124912
-0.12062
0.708411
-0.03206
-0.1696
-0.99999
-0.88294
0
0
0.469471
-0.03206
-0.1696
-0.99999
-0.68948
-0.08766
0.084657
0.713977
-0.03206
-0.1696
-0.99999
3
-0.69465
0
0
0.719339
-0.03206
-0.1696
-0.99999
-0.99965
0
0
-0.02617
-0.03206
-0.1696
-0.99999
-0.99965
0
0
-0.02617
-0.03206
-0.1696
-0.99999
2
-0.92559
-0.04677
0.121856
0.355301
-0.03206
-0.1696
-0.99999
-0.92559
-0.04677
0.121856
0.355301
-0.03206
-0.1696
-0.99999
2
-0.87461
0
0
-0.4848
-0.03206
-0.1696
-0.99999
-0.87461
0
0
-0.4848
-0.03206
-0.1696
-0.99999
2
0.646091
-0.13105
-0.11392
0.743244
-0.03206
-0.1696
-0.99999
0.312483
-0.07748
-0.1554
0.933916
-0.0321
0.020056
-1
hand
False
False
True
False
False
0.070999
0.071
0.091
0
-0.02
0
7
0
0
-1
15
0
None
7
2
0
0
0
1
0.191295
0.428437
-1
0
-0.32556
0
0.945518
0.191295
0.428437
-1
3
0
0
0
1
0.127407
1.000003
-0.66606
0
0
0
1
0.112809
1.000013
-0.58976
0
0
0
1
0.125404
1.000009
-0.6558
3
0
0
0
1
0.191295
0.428437
-1
0
0
0
1
0.191295
0.428437
-1
0
0
0
1
0.191295
0.428437
-1
3
0
0
0
1
0.191295
0.428437
-1
0
0
0
1
0.191295
0.428437
-1
0
0
0
1
0.191295
0.428437
-1
2
0
0
0
1
0.191295
0.428437
-1
0
0
0
1
0.191295
0.428437
-1
2
-0.96592
0
0
0.258819
0.191295
0.428437
-1
-0.96592
0
0
0.258819
0.191295
0.428437
-1
2
-0.99619
0
0
-0.08715
0.191295
0.428437
-1
-0.99619
0
0
-0.08715
0.191295
0.428437
-1
leg
False
False
False
False
False
0.081
0.071000
0.141
0
0
-0.1
6
1
10
0
0
-2
0
None
7
2
-0.62932
0
0
0.777146
-0.06816
0
-1
-0.62932
0
0
0.777146
-0.06816
0
-1
3
-0.62932
0
0
0.777146
-0.06816
0
-1
-0.77714
0
0
0.62932
-0.06816
0
-1
-0.57357
0
0
0.819152
-0.06816
0
-1
3
-0.62157
0.121572
-0.09844
0.767578
-0.06816
0
-1
-0.4848
0
0
0.874619
-0.06816
0
-1
-0.61556
-0.16157
0.130843
0.760163
-0.06816
0
-1
3
-0.62932
0
0
0.777146
-0.06816
0
-1
-0.32556
0
0
0.945518
-0.06816
0
-1
-0.32556
0
0
0.945518
-0.06816
0
-1
2
-0.72537
0
0
0.688354
-0.06816
0
-1
-0.72537
0
0
0.688354
-0.06816
0
-1
2
-0.91354
0
0
-0.40673
-0.06816
0
-1
-0.91354
0
0
-0.40673
-0.06816
0
-1
2
-0.62932
0
0
0.777146
-0.06816
0
-1
-0.62932
0
0
0.777146
-0.06816
0
-1
foot
False
False
False
False
False
0.090998
0.031
0.101
0
0
0
9
0
0
-1
15
0
None
7
2
0
-0.10452
0
0.994522
-0.07333
-0.55534
-0.99999
0
-0.10452
0
0.994522
-0.07333
-0.55534
-0.99999
3
0
-0.10452
0
0.994522
-0.07333
-0.55534
-0.99999
0
-0.10452
0
0.994522
-0.07333
-0.55534
-0.99999
0
-0.10452
0
0.994522
-0.07333
-0.55534
-0.99999
3
0
-0.10452
0
0.994522
-0.07333
-0.55534
-0.99999
0.240596
-0.10142
0.025287
0.96498
-0.07333
-0.55534
-0.99999
0
-0.10452
0
0.994522
-0.07333
-0.55534
-0.99999
3
0
-0.10452
0
0.994522
-0.07333
-0.55534
-0.99999
0.380587
-0.09657
0.040001
0.918818
-0.07333
-0.55534
-0.99999
0.380587
-0.09657
0.040001
0.918818
-0.07333
-0.55534
-0.99999
2
0
-0.10452
0
0.994522
-0.07333
-0.55534
-0.99999
0
-0.10452
0
0.994522
-0.07333
-0.55534
-0.99999
2
-0.96063
-0.02705
0.100966
0.257401
-0.07333
-0.55534
-0.99999
-0.96063
-0.02705
0.100966
0.257401
-0.07333
-0.55534
-0.99999
2
0
-0.10452
0
0.994522
-0.07333
-0.55534
-0.99999
0
-0.10452
0
0.994522
-0.07333
-0.55534
-0.99999
ear
False
True
False
True
False
0.041
0.051
0.021
0
0
0
2
0
0
-1
15
0
None
7
2
-0.10336
-0.04736
-0.01051
0.993459
-1.00001
0.192309
-0.30384
-0.10336
-0.04736
-0.01051
0.993459
-1.00001
0.192309
-0.30384
3
-0.10336
-0.04736
-0.01051
0.993459
-1.00001
0.192309
-0.30384
-0.10336
-0.04736
-0.01051
0.993459
-1.00001
0.192309
-0.30384
-0.10336
-0.04736
-0.01051
0.993459
-1.00001
0.192309
-0.30384
3
-0.10336
-0.04736
-0.01051
0.993459
-1.00001
0.192309
-0.30384
-0.10336
-0.04736
-0.01051
0.993459
-1.00001
0.192309
-0.30384
-0.10336
-0.04736
-0.01051
0.993459
-1.00001
0.192309
-0.30384
3
-0.10336
-0.04736
-0.01051
0.993459
-1.00001
0.192309
-0.30384
-0.10336
-0.04736
-0.01051
0.993459
-1.00001
0.192309
-0.30384
-0.10336
-0.04736
-0.01051
0.993459
-1.00001
0.192309
-0.30384
2
-0.10336
-0.04736
-0.01051
0.993459
-1.00001
0.192309
-0.30384
-0.10336
-0.04736
-0.01051
0.993459
-1.00001
0.192309
-0.30384
2
-0.10336
-0.04736
-0.01051
0.993459
-1.00001
0.192309
-0.30384
-0.10336
-0.04736
-0.01051
0.993459
-1.00001
0.192309
-0.30384
2
-0.10336
-0.04736
-0.01051
0.993459
-1.00001
0.192309
-0.30384
-0.10336
-0.04736
-0.01051
0.993459
-1.00001
0.192309
-0.30384
mouth
True
False
False
True
False
0.079999
0.09
0.05
0
0
0.01
3
0
0
0
0
0
HorseMouth
7
2
0
0
0
1
-0.12671
-0.30267
1
0
0
0
1
-0.12671
-0.30267
1
3
0
0
0
1
-0.12671
-0.30267
1
0
0
0
1
-0.12671
-0.30267
1
0
0
0
1
-0.12671
-0.30267
1
3
0
0
0
1
-0.12671
-0.30267
1
0
0
0
1
-0.12671
-0.30267
1
0
0
0
1
-0.12671
-0.30267
1
3
0
0
0
1
-0.12671
-0.30267
1
0
0
0
1
-0.12671
-0.30267
1
0
0
0
1
-0.12671
-0.30267
1
2
0
0
0
1
-0.12671
-0.30267
1
0
0
0
1
-0.12671
-0.30267
1
2
0
0
0
1
-0.12671
-0.30267
1
0
0
0
1
-0.12671
-0.30267
1
2
0
0
0
1
-0.12671
-0.30267
1
0
0
0
1
-0.12671
-0.30267
1
