30
0.303777
0.364705
0.341176
0.341176
perk_summon_big_momma
false
0.560300
cheeky
fuzzball
chinchila
atrevido
bola fuzz
шиншилла
нахальный
пух мяч
chinchilla
nakal
bola-bulu-halus
chinchilla
pícaro
bola de pelusa
ชินชิลล่า
หน้าด้าน
ฝอย
atrevida
нахальный 
pícara
F
F
F
нахальный
false
Fur
Uncooked Meat
Bones
?
?
17
torso
False
False
False
False
False
0.241
0.191
0.281
0
0
0
-1
4
1
5
6
7
0
0
0
0
None
7
2
0.017452
0
0
0.999847
0
0
0
0.061048
0
0
0.998134
0
0
0
3
0.104528
0
0
0.994521
0
0
0
-0.1132
0
0
0.993571
0
0
0
-0.1132
0
0
0.993571
0
0
0
3
0.017386
0.087142
0.001521
0.996043
0
0
0
-0.12186
0
0
0.992546
0
0
0
0.017322
-0.12185
-0.00212
0.992395
0
0
0
3
0.147809
0
0
0.989015
0
0
-0.22
-0.32525
0.015631
-0.04072
0.944618
0
0
0.42
-0.32525
0.015631
-0.04072
0.944618
0
0
0.3
2
-0.52249
0
0
0.85264
0
0.04
0.3
-0.55919
0
0
0.829037
0
0.04
0.3
2
-0.99813
0
0
0.061048
0
-0.48
-0.55999
-0.99813
0
0
0.061048
0
-0.5
-0.55999
2
-0.24192
0
0
0.970295
0
0
0
-0.40673
0
0
0.913545
0
0
0
neck
False
False
False
True
False
0.211
0.181
0.061
0
0
0.04
0
1
2
0
0
-4
0
None
7
2
-0.03489
0
0
0.99939
-0.02271
-0.05919
1.000005
-0.03489
0
0
0.99939
-0.02271
-0.05919
1.000005
3
-0.03489
0
0
0.99939
-0.02271
-0.05919
1.000005
-0.03489
0
0
0.99939
-0.02271
-0.05919
1.000005
-0.03489
0
0
0.99939
-0.02271
-0.05919
1.000005
3
-0.52991
0
0
0.848048
-0.02029
0.999999
0.893208
-0.52991
0
0
0.848048
-0.02029
0.999999
0.893208
-0.52991
0
0
0.848048
-0.02029
0.999999
0.893208
3
-0.03489
0
0
0.99939
-0.02271
-0.05919
1.000005
-0.03489
0
0
0.99939
-0.02271
-0.05919
1.000005
-0.03489
0
0
0.99939
-0.02271
-0.05919
1.000005
2
0.267238
0
0
0.96363
-0.02271
-0.17818
0.999998
0.267238
0
0
0.96363
-0.02271
-0.17818
0.999998
2
-0.03489
0
0
0.99939
-0.02271
-0.05919
1.000005
-0.03489
0
0
0.99939
-0.02271
-0.05919
1.000005
2
-0.03489
0
0
0.99939
-0.02271
0.230347
0.999997
-0.03489
0
0
0.99939
-0.02271
0.230347
0.999997
head
False
False
False
False
False
0.141
0.151
0.081
0
0
0.02
1
4
3
4
14
15
0
0
0
0
None
7
2
-0.07845
0
0
0.996917
0
-0.05174
0.999977
-0.07845
0
0
0.996917
0
-0.05174
0.999977
3
0.095845
0
0
0.995396
0
-0.05174
0.999977
-0.16504
0
0
0.986285
0
-0.05174
0.999977
-0.07845
0
0
0.996917
0
-0.05174
0.999977
3
-0.12186
0
0
0.992546
0
-0.05643
0.999997
-0.12186
0
0
0.992546
0
-0.05643
0.999997
-0.12186
0
0
0.992546
0
-0.05643
0.999997
3
0.469471
0
0
0.882947
0
-0.05174
0.999977
-0.07845
0
0
0.996917
0
-0.05174
0.999977
0.182235
0
0
0.983255
0
-0.05174
0.999977
2
-0.07845
0
0
0.996917
0
-0.05174
0.999977
-0.07845
0
0
0.996917
0
-0.05174
0.999977
2
-0.99939
0
0
-0.03489
0
-0.05174
0.999977
-0.99939
0
0
-0.03489
0
-0.05174
0.999977
2
-0.12186
0
0
0.992546
0
-0.05643
0.999997
-0.12186
0
0
0.992546
0
-0.05643
0.999997
snout
False
False
False
True
False
0.051000
0.051
0.031
0
0
0.02
2
2
12
13
0
0
8
0
None
7
2
0.078395
-0.00237
0
0.996919
0.026191
-0.60014
0.999997
0.078395
-0.00237
0
0.996919
0.026191
-0.60014
0.999997
3
0.078395
-0.00237
0
0.996919
0.026191
-0.60014
0.999997
0.078395
-0.00237
0
0.996919
0.026191
-0.60014
0.999997
0.078395
-0.00237
0
0.996919
0.026191
-0.60014
0.999997
3
0.034835
-0.00234
0
0.99939
0.026194
-0.59795
1.000007
0.034835
-0.00234
0
0.99939
0.026194
-0.59795
1.000007
0.034835
-0.00234
0
0.99939
0.026194
-0.59795
1.000007
3
0.078395
-0.00237
0
0.996919
0.026191
-0.60014
0.999997
0.078395
-0.00237
0
0.996919
0.026191
-0.60014
0.999997
0.078395
-0.00237
0
0.996919
0.026191
-0.60014
0.999997
2
0.078395
-0.00237
0
0.996919
0.026191
-0.60014
0.999997
0.078395
-0.00237
0
0.996919
0.026191
-0.60014
0.999997
2
0.078395
-0.00237
0
0.996919
0.026191
-0.60014
0.999997
0.078395
-0.00237
0
0.996919
0.026191
-0.60014
0.999997
2
0.034835
-0.00234
0
0.99939
0.026194
-0.59795
1.000007
0.034835
-0.00234
0
0.99939
0.026194
-0.59795
1.000007
eyes
True
True
False
True
False
0.069999
0.07
0.05
0
0
0.01
2
0
0
0
0
0
BlackEye
7
2
0
-0.17364
0
0.984807
-0.85785
0.039086
0.999994
0
-0.17364
0
0.984807
-0.85785
0.039086
0.999994
3
0
-0.17364
0
0.984807
-0.85785
0.039086
0.999994
0
-0.17364
0
0.984807
-0.85785
0.039086
0.999994
0
-0.17364
0
0.984807
-0.85785
0.039086
0.999994
3
0
-0.17364
0
0.984807
-0.52637
0.117918
1.000007
0
-0.17364
0
0.984807
-0.52637
0.117918
1.000007
0
-0.17364
0
0.984807
-0.52637
0.117918
1.000007
3
0
-0.17364
0
0.984807
-0.85785
0.039086
0.999994
0
-0.17364
0
0.984807
-0.85785
0.039086
0.999994
0
-0.17364
0
0.984807
-0.85785
0.039086
0.999994
2
0
-0.17364
0
0.984807
-0.85785
0.039086
0.999994
0
-0.17364
0
0.984807
-0.85785
0.039086
0.999994
2
0
-0.17364
0
0.984807
-0.85785
0.039086
0.999994
0
-0.17364
0
0.984807
-0.85785
0.039086
0.999994
2
0
-0.17364
0
0.984807
-0.52637
0.117918
1.000007
0
-0.17364
0
0.984807
-0.52637
0.117918
1.000007
shoulder
False
True
True
False
False
0.041
0.051
0.061
0
0
0
0
1
8
0
0
0
0
None
7
2
-0.52991
0
0
0.848048
-0.65333
-0.78175
0.999999
-0.52991
0
0
0.848048
-0.65333
-0.78175
0.999999
3
-0.29237
0
0
0.956304
-0.67651
-0.99999
0.704784
-0.7604
0
0
0.649447
-0.65333
-0.78175
0.999999
-0.88294
0
0
0.469471
-0.65333
-0.78175
0.999999
3
-0.73821
0.136402
-0.15691
0.641722
-1
-0.8175
0.683639
-0.66913
0
0
0.743144
-1
-0.43013
0.545969
-0.5944
-0.12493
0.094144
0.788803
-0.99273
-0.99999
0.325328
3
-0.52991
0
0
0.848048
-0.65333
-0.78175
0.999999
-0.95105
0
0
0.309016
-0.65333
-0.78175
0.999999
-0.52991
0
0
0.848048
-0.65333
-0.78175
0.999999
2
-0.3338
0
0
0.942641
-0.48231
-1
0.016467
-0.3338
0
0
0.942641
-0.48231
-1
0.016467
2
-0.87035
0
0
-0.49242
-0.65333
-0.78175
0.999999
-0.87035
0
0
-0.49242
-0.65333
-0.78175
0.999999
2
-0.54256
0.073094
0.047468
-0.83547
-1
0.381152
0.545962
-0.26622
0.055437
0.067251
-0.95996
-1
0.947803
0.427673
hip
False
True
True
False
False
0.040999
0.151
0.151
0
0
0
0
1
10
0
0
-4
0
None
7
2
-0.51458
0.034122
-0.02443
0.856411
-0.99999
-0.24114
-0.56479
-0.51458
0.034122
-0.02443
0.856411
-0.99999
-0.24114
-0.56479
3
-0.80314
0.040874
-0.00951
0.594297
-0.99999
-0.24114
-0.56479
-0.51458
0.034122
-0.02443
0.856411
-0.99999
-0.24114
-0.56479
-0.31702
0.028026
-0.03123
0.947487
-1
-0.3424
-0.85663
3
-0.49957
0.145179
-0.14165
0.842188
-1
-0.73568
-0.71863
-0.51558
0.011644
-0.06176
0.85453
-1
-0.32168
-0.71861
-0.5521
-0.19237
0.100913
0.804979
-1
-0.73568
-0.71863
3
-0.51458
0.034122
-0.02443
0.856411
-0.99999
-0.70032
-0.56484
-0.43798
0.031863
-0.02731
0.898001
-1
-0.34577
-0.90594
-0.51458
0.034122
-0.02443
0.856411
-0.99999
-0.24114
-0.56479
2
-0.99877
0.038938
0.015652
0.026152
-1
-0.14238
-0.38847
-0.99877
0.038938
0.015652
0.026152
-1
-0.14238
-0.38847
2
-0.87804
-0.02291
-0.03515
-0.47673
-0.99999
-0.24114
-0.56479
-0.87804
-0.02291
-0.03515
-0.47673
-0.99999
-0.24114
-0.56479
2
-0.51558
0.011644
-0.06176
0.85453
-1
-0.73568
-0.71863
-0.51558
0.011644
-0.06176
0.85453
-1
-0.73568
-0.71863
tail
False
False
False
False
False
0.121
0.121
0.151002
0
0
0.14
0
1
16
0
0
-8
0
None
7
2
-0.95499
0.031496
0.041797
0.291971
-0.05786
0.39008
-1
-0.92591
0.035019
0.038893
0.374093
-0.05786
0.39008
-1
3
-0.93322
-0.01968
0.206995
0.293004
-0.05786
0.39008
-1
-0.9414
0.093944
-0.16589
0.278233
-0.05786
0.39008
-1
-0.95499
0.031496
0.041797
0.291971
-0.05786
0.39008
-1
3
-0.90913
-0.04137
0.359982
0.205344
0.035806
0.519276
-0.99999
-0.97609
0.049284
-0.05796
0.20359
0.035806
0.519276
-0.99999
-0.87585
0.124916
-0.43474
0.168148
0.035804
0.726443
-1
3
-0.71227
0.047237
0.022531
0.699949
-0.05786
0.39008
-1
-0.98891
0.010881
0.051192
-0.13898
-0.05786
0.39008
-1
-0.95499
0.031496
0.041797
0.291971
-0.05786
0.39008
-1
2
-0.88978
0.038276
0.035693
0.453368
-0.05786
0.39008
-1
-0.88978
0.038276
0.035693
0.453368
-0.05786
0.39008
-1
2
0.181985
0.052174
-0.0041
-0.9819
-0.05786
0.39008
-1
0.181985
0.052174
-0.0041
-0.9819
-0.05786
0.39008
-1
2
-0.9768
0.027733
0.044383
0.207626
0.035806
0.519276
-0.99999
-0.9768
0.027733
0.044383
0.207626
0.035806
0.519276
-0.99999
arm
False
False
True
False
False
0.031
0.041
0.031
0
0
-0.02
5
1
9
0
0
8
0
None
7
2
-0.69465
0
0
0.719339
-0.13781
0
-1
-0.69465
0
0
0.719339
-0.13781
0
-1
3
-0.28401
0
0
0.958819
-0.13781
0
-1
-0.87881
0
0
0.477158
-0.13781
0
-1
-0.97237
0
0
0.233445
-0.13781
0
-1
3
-0.78828
0.132222
-0.18198
0.57272
-0.1378
-0.25164
-0.99999
-0.52991
0
0
0.848048
-0.13782
0.136962
-0.99999
-0.6861
-0.11252
0.108668
0.710483
-0.13781
0
-1
3
-0.69465
0
0
0.719339
-0.13781
0
-1
-0.99965
0
0
-0.02617
-0.13781
0
-1
-0.69465
0
0
0.719339
-0.13781
0
-1
2
-0.7547
0
0
0.656058
0.999978
-0.91104
-0.84273
-0.7547
0
0
0.656058
0.999978
-0.91104
-0.84273
2
-0.74895
0
0
-0.66262
-0.13781
0
-1
-0.74895
0
0
-0.66262
-0.13781
0
-1
2
-0.57885
0.140484
0.102067
-0.79672
-0.13781
0
-1
-0.22989
0.09073
0.148059
-0.95759
-0.13781
0
-1
hand
False
False
True
False
False
0.041
0.021
0.061
0
-0.02
0.02
8
0
0
0
8
0
None
7
2
0
-0.04361
0
0.999048
0.191482
-0.29855
-1.00002
0
-0.04361
0
0.999048
0.191482
-0.29855
-1.00002
3
0
-0.04361
0
0.999048
0.191482
-0.29855
-1.00002
0
-0.04361
0
0.999048
0.191482
-0.29855
-1.00002
0
-0.04361
0
0.999048
0.191482
-0.29855
-1.00002
3
0
-0.04361
0
0.999048
0.191498
-0.41204
-1
0.207911
0
0
0.978147
0.191498
-0.41204
-1
0.207911
0
0
0.978147
0.191498
-0.41204
-1
3
0
-0.04361
0
0.999048
0.191482
-0.29855
-1.00002
0
-0.04361
0
0.999048
0.191482
-0.29855
-1.00002
0
-0.04361
0
0.999048
0.191482
-0.29855
-1.00002
2
0.258572
-0.04213
0.011289
0.965006
0.191482
-0.29855
-1.00002
0.258572
-0.04213
0.011289
0.965006
0.191482
-0.29855
-1.00002
2
-0.99809
-0.0019
0.043577
0.043578
0.191482
-0.29855
-1.00002
-0.99809
-0.0019
0.043577
0.043578
0.191482
-0.29855
-1.00002
2
-0.96592
0
0
-0.25881
0.191498
-0.41204
-1
-0.96592
0
0
-0.25881
0.191498
-0.41204
-1
leg
False
False
True
False
False
0.031
0.041
0.061
0
0
-0.04
6
1
11
0
0
8
0
None
7
2
-0.69465
0
0
0.719339
-0.04329
0
-0.99999
-0.69465
0
0
0.719339
-0.04329
0
-0.99999
3
-0.80901
0
0
0.587785
-0.04329
0
-0.99999
-0.69465
0
0
0.719339
-0.04329
0
-0.99999
-0.44619
0
0
0.894934
-0.04329
0
-0.99999
3
-0.68189
0.137256
-0.13254
0.706123
-0.04329
0
-0.99999
-0.51503
0
0
0.857167
-0.04329
0
-0.99999
-0.70841
-0.12062
0.124912
0.684104
-0.04329
0
-0.99999
3
-0.69465
0
0
0.719339
-0.04329
0
-0.99999
-0.4848
0
0
0.874619
-0.04329
0
-0.99999
-0.69465
0
0
0.719339
-0.04329
0
-0.99999
2
-0.99452
0
0
0.104528
-0.04328
0.586717
-0.99999
-0.99452
0
0
0.104528
-0.04328
0.586717
-0.99999
2
-0.74895
0
0
-0.66261
-0.04329
0
-0.99999
-0.74895
0
0
-0.66261
-0.04329
0
-0.99999
2
-0.69465
0
0
0.719339
-0.04329
0
-0.99999
-0.69465
0
0
0.719339
-0.04329
0
-0.99999
foot
False
False
True
False
False
0.041
0.021
0.091
0
0
0.02
10
0
0
0
8
0
None
7
2
0
0
0
1
0.016867
-0.43077
-1
0
0
0
1
0.016867
-0.43077
-1
3
0
0
0
1
0.016867
-0.43077
-1
0
0
0
1
0.016867
-0.43077
-1
0.300705
0
0
0.953716
0.016867
-0.43077
-1
3
0
0
0
1
0.016867
-0.30397
-0.99999
0.241921
0
0
0.970295
0.016867
-0.30397
-0.99999
0.241921
0
0
0.970295
0.016867
-0.30397
-0.99999
3
0
0
0
1
0.016867
-0.43077
-1
0.258819
0
0
0.965925
0.016867
-0.43077
-1
0.258819
0
0
0.965925
0.016867
-0.43077
-1
2
-0.64278
0
0
0.766044
0.016867
-0.43077
-1
-0.64278
0
0
0.766044
0.016867
-0.43077
-1
2
-0.99904
0
0
0.043619
0.016867
-0.43077
-1
-0.99904
0
0
0.043619
0.016867
-0.43077
-1
2
0
0
0
1
0.016867
-0.30397
-0.99999
0
0
0
1
0.016867
-0.30397
-0.99999
mouth
True
False
False
True
False
0.080000
0.04
0.05
0
0
0.01
3
0
0
0
0
0
CuteMouth
7
2
0.043619
0
0
0.999048
-0.14011
-0.48494
0.999974
0.043619
0
0
0.999048
-0.14011
-0.48494
0.999974
3
0.043619
0
0
0.999048
-0.14011
-0.48494
0.999974
0.043619
0
0
0.999048
-0.14011
-0.48494
0.999974
0.043619
0
0
0.999048
-0.14011
-0.48494
0.999974
3
0.043619
0
0
0.999048
0.028037
-0.25077
0.999987
0.043619
0
0
0.999048
0.028037
-0.25077
0.999987
0.043619
0
0
0.999048
0.028037
-0.25077
0.999987
3
0.043619
0
0
0.999048
-0.14011
-0.48494
0.999974
0.043619
0
0
0.999048
-0.14011
-0.48494
0.999974
0.043619
0
0
0.999048
-0.14011
-0.48494
0.999974
2
0.043619
0
0
0.999048
-0.14011
-0.48494
0.999974
0.043619
0
0
0.999048
-0.14011
-0.48494
0.999974
2
0.043619
0
0
0.999048
-0.14011
-0.48494
0.999974
0.043619
0
0
0.999048
-0.14011
-0.48494
0.999974
2
0.043619
0
0
0.999048
0.028037
-0.25077
0.999987
0.043619
0
0
0.999048
0.028037
-0.25077
0.999987
snouttip
False
False
False
True
False
0.041
0.021
0.021
0
0
0
3
0
0
0
-7
0
None
7
2
0
0
0
1
0
0.552094
0.999989
0
0
0
1
0
0.552094
0.999989
3
0
0
0
1
0
0.552094
0.999989
0
0
0
1
0
0.552094
0.999989
0
0
0
1
0
0.552094
0.999989
3
0
0
0
1
0
0.794088
0.999999
0
0
0
1
0
0.794088
0.999999
0
0
0
1
0
0.794088
0.999999
3
0
0
0
1
0
0.552094
0.999989
0
0
0
1
0
0.552094
0.999989
0
0
0
1
0
0.552094
0.999989
2
0
0
0
1
0
0.552094
0.999989
0
0
0
1
0
0.552094
0.999989
2
0
0
0
1
0
0.552094
0.999989
0
0
0
1
0
0.552094
0.999989
2
0
0
0
1
0
0.794088
0.999999
0
0
0
1
0
0.794088
0.999999
cheeks
False
True
False
True
False
0.070999
0.081
0.070999
-0.02
0
0.02
2
0
0
0
6
0
None
7
2
0.043453
0.087072
0.003801
0.995246
-0.99999
-0.35037
-0.50644
0.043453
0.087072
0.003801
0.995246
-0.99999
-0.35037
-0.50644
3
0.043453
0.087072
0.003801
0.995246
-0.99999
-0.35037
-0.50644
0.043453
0.087072
0.003801
0.995246
-0.99999
-0.35037
-0.50644
0.043453
0.087072
0.003801
0.995246
-0.99999
-0.35037
-0.50644
3
0.043453
0.087072
0.003801
0.995246
-0.99999
-0.35037
-0.50644
0.043453
0.087072
0.003801
0.995246
-0.99999
-0.35037
-0.50644
0.043453
0.087072
0.003801
0.995246
-0.99999
-0.35037
-0.50644
3
0.043453
0.087072
0.003801
0.995246
-0.99999
-0.35037
-0.50644
0.043453
0.087072
0.003801
0.995246
-0.99999
-0.35037
-0.50644
0.043453
0.087072
0.003801
0.995246
-0.99999
-0.35037
-0.50644
2
0.043453
0.087072
0.003801
0.995246
-0.99999
-0.35037
-0.50644
0.043453
0.087072
0.003801
0.995246
-0.99999
-0.35037
-0.50644
2
0.043453
0.087072
0.003801
0.995246
-0.99999
-0.35037
-0.50644
0.043453
0.087072
0.003801
0.995246
-0.99999
-0.35037
-0.50644
2
0.043453
0.087072
0.003801
0.995246
-0.99999
-0.35037
-0.50644
0.043453
0.087072
0.003801
0.995246
-0.99999
-0.35037
-0.50644
ear
False
True
False
True
True
0.121
0.081
0.031
-0.08
0
0.02
2
0
0
4
6
0
None
7
2
0.225725
-0.18472
-0.55888
0.776252
-0.99999
0.770639
-0.18262
0.207656
-0.13888
-0.52036
0.816586
-0.99999
0.75061
-0.05437
3
0.225725
-0.18472
-0.55888
0.776252
-0.99999
0.770639
-0.18262
0.225725
-0.18472
-0.55888
0.776252
-0.99999
0.770639
-0.18262
0.225725
-0.18472
-0.55888
0.776252
-0.99999
0.770639
-0.18262
3
0.225725
-0.18472
-0.55888
0.776252
-0.99999
0.770639
-0.18262
0.225725
-0.18472
-0.55888
0.776252
-0.99999
0.770639
-0.18262
0.225725
-0.18472
-0.55888
0.776252
-0.99999
0.770639
-0.18262
3
-0.13844
-0.57704
-0.26567
0.759778
-0.99999
0.770639
-0.18262
0.225725
-0.18472
-0.55888
0.776252
-0.99999
0.770639
-0.18262
0.225725
-0.18472
-0.55888
0.776252
-0.99999
0.770639
-0.18262
2
0.225725
-0.18472
-0.55888
0.776252
-0.99999
0.770639
-0.18262
0.225725
-0.18472
-0.55888
0.776252
-0.99999
0.770639
-0.18262
2
0.225725
-0.18472
-0.55888
0.776252
-0.99999
0.770639
-0.18262
0.225725
-0.18472
-0.55888
0.776252
-0.99999
0.770639
-0.18262
2
0.225725
-0.18472
-0.55888
0.776252
-0.99999
0.770639
-0.18262
0.225725
-0.18472
-0.55888
0.776252
-0.99999
0.770639
-0.18262
tailext
False
False
False
True
False
0.111
0.141
0.181002
0
0
0.08
7
0
0
0
-10
0
None
7
2
0.258819
0
0
0.965925
0
-0.02375
1.000006
0.422618
0
0
0.906307
0
-0.02375
1.000006
3
0.258819
0
0
0.965925
0
-0.02375
1.000006
0.258819
0
0
0.965925
0
-0.02375
1.000006
0.258819
0
0
0.965925
0
-0.02375
1.000006
3
0.258819
0
0
0.965925
0
-0.02375
1.000006
0.258819
0
0
0.965925
0
-0.02375
1.000006
0.258819
0
0
0.965925
0
-0.02375
1.000006
3
0.258819
0
0
0.965925
0
-0.02375
1.000006
0.258819
0
0
0.965925
0
-0.02375
1.000006
0.258819
0
0
0.965925
0
-0.02375
1.000006
2
0.258819
0
0
0.965925
0
-0.02375
1.000006
0.258819
0
0
0.965925
0
-0.02375
1.000006
2
0.258819
0
0
0.965925
0
-0.02375
1.000006
0.258819
0
0
0.965925
0
-0.02375
1.000006
2
0.258819
0
0
0.965925
0
-0.02375
1.000006
0.258819
0
0
0.965925
0
-0.02375
1.000006
