30
0.312849
0.517647
0.313725
0.074509
perk_sticky_web
true
0.870873
sewer
roach
barata
esgoto
barata
таракан
канализационный
плотва
kecoa
selokan
kecoak
cucaracha
de alcantarilla
cucaracha
แมลง สาบ
ท่อระบายน้ำ
แมลงสาบ
esgoto
канализационная
de alcantarilla
F
M
F
канализационные
false
Venom
Bug Meat
?
?
?
19
torso
False
False
False
False
False
0.171
0.111
0.281
0
0
0
-1
6
1
4
5
10
16
18
0
0
0
0
None
7
2
-0.06104
0
0
0.998134
0
0
0
-0.06104
0
0
0.998134
0
0
0
3
0.026176
0
0
0.999657
0
0
0
-0.10452
0
0
0.994521
0
0
0
-0.06104
0
0
0.998134
0
0
0
3
0.026176
0
0
0.999657
0
0
0
0.026176
0
0
0.999657
0
0
0
0.026176
0
0
0.999657
0
0
0
3
0.156434
0
0
0.987688
0
0
-0.16
-0.1908
0
0
0.981627
0
0.02
0.32
-0.1908
0
0
0.981627
0
0.02
0.32
2
-0.39874
0
0
0.91706
0
0.2
0.36
-0.43837
0
0
0.898794
0
0.2
0.36
2
-0.99965
0
0
0.026177
0
-0.32
-0.52
-0.99965
0
0
0.026177
0
-0.34
-0.52
2
0.026176
0
0
0.999657
0
0
0
0.026176
0
0
0.999657
0
0
0
neck
False
False
False
True
False
0.161
0.091
0.091
0
0
0.06
0
1
2
-4
22
-7
0
None
7
2
0.173648
0
0
0.984807
0
-0.08964
0.999998
0.130526
0
0
0.991444
0
-0.08964
0.999998
3
0.173648
0
0
0.984807
0
-0.08964
0.999998
0.173648
0
0
0.984807
0
-0.08964
0.999998
0.173648
0
0
0.984807
0
-0.08964
0.999998
3
0.173648
0
0
0.984807
0
0.28409
1.000002
0.173648
0
0
0.984807
0
0.28409
1.000002
0.173648
0
0
0.984807
0
0.28409
1.000002
3
0.173648
0
0
0.984807
0
-0.08964
0.999998
0.173648
0
0
0.984807
0
-0.08964
0.999998
0.173648
0
0
0.984807
0
-0.08964
0.999998
2
0.173648
0
0
0.984807
0
0.28409
1.000002
0.173648
0
0
0.984807
0
0.28409
1.000002
2
0.173648
0
0
0.984807
0
-0.08964
0.999998
0.173648
0
0
0.984807
0
-0.08964
0.999998
2
0.173648
0
0
0.984807
0
0.28409
1.000002
0.173648
0
0
0.984807
0
0.28409
1.000002
head
False
False
False
False
False
0.090999
0.051
0.051
0
0
0
1
3
3
13
14
-2
5
0
0
None
7
2
0.113203
0
0
0.993571
0.013187
-0.32988
0.999992
0.113203
0
0
0.993571
0.013187
-0.32988
0.999992
3
0.113203
0
0
0.993571
0.013187
-0.32988
0.999992
0.113203
0
0
0.993571
0.013187
-0.32988
0.999992
0.113203
0
0
0.993571
0.013187
-0.32988
0.999992
3
0.113203
0
0
0.993571
0.013187
0.005518
1.000024
0.113203
0
0
0.993571
0.013187
0.005518
1.000024
0.113203
0
0
0.993571
0.013187
0.005518
1.000024
3
0.446197
0
0
0.894934
0.013187
-0.32988
0.999992
0.113203
0
0
0.993571
0.013187
-0.32988
0.999992
0.113203
0
0
0.993571
0.013187
-0.32988
0.999992
2
0.113203
0
0
0.993571
0.013191
-0.51572
0.99999
0.113203
0
0
0.993571
0.013191
-0.51572
0.99999
2
-0.97992
0
0
0.199368
0.013187
-0.32988
0.999992
-0.97992
0
0
0.199368
0.013187
-0.32988
0.999992
2
0.113203
0
0
0.993571
0.013187
0.005518
1.000024
0.113203
0
0
0.993571
0.013187
0.005518
1.000024
eyes
True
True
False
True
False
0.05
0.07
0.05
0
0
0.01
2
0
0
0
0
0
NinjaEye
7
2
-0.22906
-0.08788
-0.20157
0.948248
-0.73001
-0.01437
0.999999
-0.22906
-0.08788
-0.20157
0.948248
-0.73001
-0.01437
0.999999
3
-0.22906
-0.08788
-0.20157
0.948248
-0.73001
-0.01437
0.999999
-0.22906
-0.08788
-0.20157
0.948248
-0.73001
-0.01437
0.999999
-0.22906
-0.08788
-0.20157
0.948248
-0.73001
-0.01437
0.999999
3
0.024167
-0.13705
-0.17195
0.975223
-0.73001
-0.01437
0.999999
0.024167
-0.13705
-0.17195
0.975223
-0.73001
-0.01437
0.999999
0.024167
-0.13705
-0.17195
0.975223
-0.73001
-0.01437
0.999999
3
-0.22906
-0.08788
-0.20157
0.948248
-0.73001
-0.01437
0.999999
-0.22906
-0.08788
-0.20157
0.948248
-0.73001
-0.01437
0.999999
-0.22906
-0.08788
-0.20157
0.948248
-0.73001
-0.01437
0.999999
2
0.024167
-0.13705
-0.17195
0.975223
-0.73001
-0.01437
0.999999
0.024167
-0.13705
-0.17195
0.975223
-0.73001
-0.01437
0.999999
2
-0.22906
-0.08788
-0.20157
0.948248
-0.73001
-0.01437
0.999999
-0.22906
-0.08788
-0.20157
0.948248
-0.73001
-0.01437
0.999999
2
0.024167
-0.13705
-0.17195
0.975223
-0.73001
-0.01437
0.999999
0.024167
-0.13705
-0.17195
0.975223
-0.73001
-0.01437
0.999999
shoulder
False
True
True
False
False
0.031
0.031
0.071000
0
0
-0.06
0
1
6
-3
13
-1
0
None
7
2
-0.66278
0.389602
-0.19382
0.609395
-0.63876
-0.43143
0.999997
-0.66278
0.389602
-0.19382
0.609395
-0.63876
-0.43143
0.999997
3
-0.66278
0.389602
-0.19382
0.609395
-0.99999
-0.24092
0.750343
-0.64759
0.492344
-0.29356
0.502037
-0.99999
-0.24092
0.750343
-0.77896
0.422319
-0.1049
0.451498
-0.63876
-0.43143
0.999997
3
-0.45092
0.563704
-0.51856
0.458261
-0.99999
-0.85803
0.747156
-0.45092
0.563704
-0.51856
0.458261
-0.99999
-0.85803
0.747156
-0.45092
0.563704
-0.51856
0.458261
-0.99999
-0.85803
0.747156
3
-0.66278
0.389602
-0.19382
0.609395
-0.99999
-0.35588
0.642528
-0.78816
0.536741
-0.28594
0.094543
-0.63876
-0.43143
0.999997
-0.84216
0.280365
0.09212
0.451286
-0.99999
-0.41587
0.836315
2
-0.69093
0.013143
-0.04921
0.721124
-0.49042
-1
0.29267
-0.69093
0.013143
-0.04921
0.721124
-0.49042
-1
0.29267
2
-0.66484
-0.15913
-0.40501
-0.60714
-0.63876
-0.43143
0.999997
-0.66484
-0.15913
-0.40501
-0.60714
-0.63876
-0.43143
0.999997
2
-0.45092
0.563704
-0.51856
0.458261
-0.99999
-0.85803
0.747156
-0.45092
0.563704
-0.51856
0.458261
-0.99999
-0.85803
0.747156
hip
False
True
True
False
False
0.051000
0.051
0.081001
0
0
-0.1
0
1
8
-3
13
-1
0
None
7
2
-0.58396
0.662026
-0.17521
0.435894
-0.90691
-0.17203
-1
-0.58396
0.662026
-0.17521
0.435894
-0.90691
-0.17203
-1
3
-0.3498
0.750544
-0.53015
0.182358
-0.90691
-0.17203
-1
-0.54108
0.603156
-0.33265
0.482467
-0.90691
-0.17203
-1
-0.2583
0.464203
-0.50348
0.681394
-0.90691
-0.17203
-1
3
0.202136
0.386557
-0.76829
0.468442
-0.90691
-0.17203
-1
0.202136
0.386557
-0.76829
0.468442
-0.90691
-0.17203
-1
0.202136
0.386557
-0.76829
0.468442
-0.90691
-0.17203
-1
3
-0.59039
0.439458
-0.03226
0.676216
-0.99999
-0.88191
-0.96291
-0.39517
0.191021
-0.35772
0.824248
-1
-0.28747
-0.56164
-0.55129
0.365297
-0.37122
0.65178
-1
-0.28747
-0.56164
2
-0.01477
0.675034
-0.53294
0.509979
-0.99999
-0.4048
-0.72291
-0.01477
0.675034
-0.53294
0.509979
-0.99999
-0.4048
-0.72291
2
-0.48513
-0.11685
-0.67477
-0.54375
-0.90691
-0.17203
-1
-0.48513
-0.11685
-0.67477
-0.54375
-0.90691
-0.17203
-1
2
0.202136
0.386557
-0.76829
0.468442
-0.90691
-0.17203
-1
0.202136
0.386557
-0.76829
0.468442
-0.90691
-0.17203
-1
arm
False
False
True
False
False
0.021
0.021
0.091001
0
0
-0.06
4
1
7
-4
15
-14
0
None
7
2
-0.8753
-0.08083
-0.16513
0.447255
0.189457
-0.09502
-0.99999
-0.8753
-0.08083
-0.16513
0.447255
0.189457
-0.09502
-0.99999
3
-0.70015
0.13482
-0.55065
0.434044
0.189457
-0.09502
-0.99999
-0.92619
-0.05858
-0.17427
0.329179
0.189457
-0.09502
-0.99999
-0.88167
-0.10026
-0.1268
0.443304
0.189457
-0.09502
-0.99999
3
-0.75925
-0.12892
-0.14454
0.621298
0.189457
-0.09502
-0.99999
-0.75925
-0.12892
-0.14454
0.621298
0.189457
-0.09502
-0.99999
-0.75925
-0.12892
-0.14454
0.621298
0.189457
-0.09502
-0.99999
3
-0.8753
-0.08083
-0.16513
0.447255
0.189457
-0.09502
-0.99999
-0.97354
0.028506
-0.18163
-0.13568
0.189457
-0.09502
-0.99999
-0.80943
-0.10169
-0.15317
0.557679
0.189457
-0.09502
-0.99999
2
-0.75925
-0.12892
-0.14454
0.621298
0.189457
-0.09502
-0.99999
-0.75925
-0.12892
-0.14454
0.621298
0.189457
-0.09502
-0.99999
2
-0.52184
-0.17155
0.066131
-0.83299
0.189457
-0.09502
-0.99999
-0.52184
-0.17155
0.066131
-0.83299
0.189457
-0.09502
-0.99999
2
-0.75925
-0.12892
-0.14454
0.621298
0.189457
-0.09502
-0.99999
-0.75925
-0.12892
-0.14454
0.621298
0.189457
-0.09502
-0.99999
hand
False
False
True
False
False
0.011
0.021
0.071
0
-0.02
0.04
6
0
-2
20
-6
0
None
7
2
0
-0.13917
0
0.990268
0.147063
-0.57498
-0.99999
0
-0.13917
0
0.990268
0.147063
-0.57498
-0.99999
3
0.039691
-0.64883
-0.01808
0.759681
0.147063
-0.57498
-0.99999
0
-0.13917
0
0.990268
0.147063
-0.57498
-0.99999
0
-0.13917
0
0.990268
0.147063
-0.57498
-0.99999
3
0
-0.13917
0
0.990268
0.147063
-0.57498
-0.99999
0
-0.13917
0
0.990268
0.147063
-0.57498
-0.99999
0
-0.13917
0
0.990268
0.147063
-0.57498
-0.99999
3
0
-0.13917
0
0.990268
0.147063
-0.57498
-0.99999
0
-0.13917
0
0.990268
0.147063
-0.57498
-0.99999
0
-0.13917
0
0.990268
0.147063
-0.57498
-0.99999
2
0
-0.13917
0
0.990268
0.147063
-0.57498
-0.99999
0
-0.13917
0
0.990268
0.147063
-0.57498
-0.99999
2
-0.98649
-0.01212
0.138643
0.086307
0.147063
-0.57498
-0.99999
-0.98649
-0.01212
0.138643
0.086307
0.147063
-0.57498
-0.99999
2
0
-0.13917
0
0.990268
0.147063
-0.57498
-0.99999
0
-0.13917
0
0.990268
0.147063
-0.57498
-0.99999
leg
False
False
True
False
False
0.021
0.021
0.161
0
0
-0.16
5
1
9
-4
15
-14
0
None
7
2
-0.38071
0.129026
-0.18426
0.896912
-0.2932
0.159393
-0.99999
-0.38071
0.129026
-0.18426
0.896912
-0.2932
0.159393
-0.99999
3
-0.45828
0.397431
-0.31128
0.731522
-0.2932
0.159393
-0.99999
-0.45828
0.397431
-0.31128
0.731522
-0.2932
0.159393
-0.99999
-0.38071
0.129026
-0.18426
0.896912
-0.2932
0.159393
-0.99999
3
-0.6328
0.178465
-0.13694
0.740916
-0.2932
0.159393
-0.99999
-0.6328
0.178465
-0.13694
0.740916
-0.2932
0.159393
-0.99999
-0.6328
0.178465
-0.13694
0.740916
-0.2932
0.159393
-0.99999
3
-0.38071
0.129026
-0.18426
0.896912
-0.2932
0.159393
-0.99999
-0.38071
0.129026
-0.18426
0.896912
-0.2932
0.159393
-0.99999
-0.38071
0.129026
-0.18426
0.896912
-0.2932
0.159393
-0.99999
2
-0.67256
-0.03854
0.076769
0.735038
-0.2932
0.159393
-0.99999
-0.67256
-0.03854
0.076769
0.735038
-0.2932
0.159393
-0.99999
2
-0.92668
-0.17232
-0.14459
-0.30109
-0.2932
0.159393
-0.99999
-0.92668
-0.17232
-0.14459
-0.30109
-0.2932
0.159393
-0.99999
2
-0.6328
0.178465
-0.13694
0.740916
-0.2932
0.159393
-0.99999
-0.6328
0.178465
-0.13694
0.740916
-0.2932
0.159393
-0.99999
foot
False
False
True
False
False
0.011
0.021
0.090999
0
0
0.08
8
0
-2
20
-6
0
None
7
2
0
-0.99144
0
0.130526
0.13029
-0.13534
-1
0
-0.99144
0
0.130526
0.13029
-0.13534
-1
3
0
-0.99144
0
0.130526
0.13029
-0.13534
-1
0
-0.99144
0
0.130526
0.13029
-0.13534
-1
0
-0.99144
0
0.130526
0.13029
-0.13534
-1
3
0
-0.99144
0
0.130526
0.13029
-0.13534
-1
0
-0.99144
0
0.130526
0.13029
-0.13534
-1
0
-0.99144
0
0.130526
0.13029
-0.13534
-1
3
0
-0.99144
0
0.130526
0.13029
-0.13534
-1
0
-0.99144
0
0.130526
0.13029
-0.13534
-1
0
-0.99144
0
0.130526
0.13029
-0.13534
-1
2
0
-0.99144
0
0.130526
0.13029
-0.13534
-1
0
-0.99144
0
0.130526
0.13029
-0.13534
-1
2
-0.13002
-0.08641
0.987672
0.011376
0.13029
-0.13534
-1
-0.13002
-0.08641
0.987672
0.011376
0.13029
-0.13534
-1
2
0
-0.99144
0
0.130526
0.13029
-0.13534
-1
0
-0.99144
0
0.130526
0.13029
-0.13534
-1
extrahip
False
True
True
False
False
0.051
0.051
0.090999
0
0
-0.09999
0
1
11
-3
13
-1
0
None
7
2
0.07689
0.883536
0.229778
0.400815
-1
-0.18409
0.143498
0.07689
0.883536
0.229778
0.400815
-1
-0.18409
0.143498
3
0.212979
0.76965
0.102464
0.593108
-0.99999
-0.18394
0.141257
0.166889
0.729516
-0.30211
0.590491
-1
0.393976
0.09931
0.07689
0.883536
0.229778
0.400815
-0.99999
-0.01399
0.402297
3
0.118062
0.647982
-0.10263
0.745417
-0.99999
-0.98197
0.018788
0.118062
0.647982
-0.10263
0.745417
-0.99999
-0.98197
0.018788
0.118062
0.647982
-0.10263
0.745417
-0.99999
-0.98197
0.018788
3
0.07689
0.883536
0.229778
0.400815
-0.99999
-0.5893
0.062548
0.07689
0.883536
0.229778
0.400815
-1
-0.18409
0.143498
0.024771
0.703217
0.329161
0.629702
-1
-0.18409
0.143498
2
-0.01317
0.655959
0.011449
0.754594
-0.99999
-0.98197
0.018788
-0.01317
0.655959
0.011449
0.754594
-0.99999
-0.98197
0.018788
2
-0.39258
0.305909
-0.86014
0.111531
-1
-0.18409
0.143498
-0.39258
0.305909
-0.86014
0.111531
-1
-0.18409
0.143498
2
0.118062
0.647982
-0.10263
0.745417
-0.99999
-0.98197
0.018788
0.118062
0.647982
-0.10263
0.745417
-0.99999
-0.98197
0.018788
extraleg
False
False
True
False
False
0.021
0.021
0.111
0
0.02
-0.1
10
1
12
-4
15
-14
0
None
7
2
-0.26431
0.471243
0.315208
0.780198
-0.17391
-0.10917
-0.99998
-0.26431
0.471243
0.315208
0.780198
-0.17391
-0.10917
-0.99998
3
-0.51522
0.335016
0.457373
0.642744
-0.17391
-0.10917
-0.99998
-0.29838
0.672756
0.224785
0.638623
-0.17391
-0.10917
-0.99998
-0.37276
0.756817
0.173969
0.507943
-0.17391
-0.10917
-0.99998
3
-0.43968
0.528628
0.412948
0.597244
-0.16136
1.000006
-0.92774
-0.43968
0.528628
0.412948
0.597244
-0.16136
1.000006
-0.92774
-0.43968
0.528628
0.412948
0.597244
-0.16136
1.000006
-0.92774
3
-0.26431
0.471243
0.315208
0.780198
-0.17391
-0.10917
-0.99998
-0.49158
0.50823
0.329373
0.625748
-0.17391
-0.10917
-0.99998
-0.49158
0.50823
0.329373
0.625748
-0.17391
-0.10917
-0.99998
2
-0.65089
0.30458
0.597666
0.355468
-0.17387
-0.36746
-0.99999
-0.65089
0.30458
0.597666
0.355468
-0.17387
-0.36746
-0.99999
2
-0.80026
0.35508
-0.44197
-0.19531
-0.17391
-0.10917
-0.99998
-0.80026
0.35508
-0.44197
-0.19531
-0.17391
-0.10917
-0.99998
2
-0.43968
0.528628
0.412948
0.597244
-0.16136
1.000006
-0.92774
-0.43968
0.528628
0.412948
0.597244
-0.16136
1.000006
-0.92774
extrafoot
False
False
True
False
False
0.011
0.021
0.071000
0
-0.02
0.06
11
0
-2
20
-6
0
None
7
2
0.022557
-0.96225
0.084186
0.257834
-0.0146
0.972134
-1.00001
0.022557
-0.96225
0.084186
0.257834
-0.0146
0.972134
-1.00001
3
0.022557
-0.96225
0.084186
0.257834
-0.0146
0.972134
-1.00001
-0.04684
-0.7198
0.211309
0.659576
-0.0146
0.972134
-1.00001
-0.04999
-0.421
0.071393
0.902859
-0.0146
0.972134
-1.00001
3
0
-0.96592
0
0.258819
-0.01457
-0.31209
-1
0
-0.96592
0
0.258819
-0.01457
-0.31209
-1
0
-0.96592
0
0.258819
-0.01457
-0.31209
-1
3
0.022557
-0.96225
0.084186
0.257834
-0.0146
0.972134
-1.00001
0.022557
-0.96225
0.084186
0.257834
-0.0146
0.972134
-1.00001
0.022557
-0.96225
0.084186
0.257834
-0.0146
0.972134
-1.00001
2
0.066987
-0.93301
0.25
0.25
-0.01457
-0.31209
-1
0.066987
-0.93301
0.25
0.25
-0.01457
-0.31209
-1
2
-0.25488
0
0.965925
0.044943
-0.0146
0.972134
-1.00001
-0.25488
0
0.965925
0.044943
-0.0146
0.972134
-1.00001
2
0
-0.96592
0
0.258819
-0.01457
-0.31209
-1
0
-0.96592
0
0.258819
-0.01457
-0.31209
-1
chomper
False
True
False
True
False
0.021
0.031
0.021
0
-0.02
0
2
0
-4
22
-7
0
None
7
2
0
0
0.156434
0.987688
-0.53399
-1.00001
0.272914
0
0
0.156434
0.987688
-0.53399
-1.00001
0.272914
3
0
0
0.156434
0.987688
-0.53399
-1.00001
0.272914
0
0
0.156434
0.987688
-0.53399
-1.00001
0.272914
0
0
0.156434
0.987688
-0.53399
-1.00001
0.272914
3
0
0
0.156434
0.987688
-0.53399
-1.00001
0.272914
0
0
0.156434
0.987688
-0.53399
-1.00001
0.272914
0
0
0.156434
0.987688
-0.53399
-1.00001
0.272914
3
0
0
0.156434
0.987688
-0.53399
-1.00001
0.272914
0
0
0.156434
0.987688
-0.53399
-1.00001
0.272914
0
0
0.156434
0.987688
-0.53399
-1.00001
0.272914
2
0
0
0.156434
0.987688
-0.53399
-1.00001
0.272914
0
0
0.156434
0.987688
-0.53399
-1.00001
0.272914
2
0
0
0.156434
0.987688
-0.53399
-1.00001
0.272914
0
0
0.156434
0.987688
-0.53399
-1.00001
0.272914
2
0
0
0.156434
0.987688
-0.53399
-1.00001
0.272914
0
0
0.156434
0.987688
-0.53399
-1.00001
0.272914
waspantler
False
True
False
True
True
0.011
0.011
0.171
0
0
0.16
2
1
15
-4
15
-14
0
None
7
2
-0.56048
-0.15409
0.067316
0.810914
-0.40656
1.000008
0.924804
-0.64075
-0.12565
-0.06696
0.754427
-0.40656
1.000008
0.924804
3
-0.56048
-0.15409
0.067316
0.810914
-0.40656
1.000008
0.924804
-0.56048
-0.15409
0.067316
0.810914
-0.40656
1.000008
0.924804
-0.56048
-0.15409
0.067316
0.810914
-0.40656
1.000008
0.924804
3
-0.69278
-0.16344
0.039535
0.701268
-0.40656
0.999993
0.924798
-0.69278
-0.16344
0.039535
0.701268
-0.40656
0.999993
0.924798
-0.69278
-0.16344
0.039535
0.701268
-0.40656
0.999993
0.924798
3
-0.56048
-0.15409
0.067316
0.810914
-0.40656
1.000008
0.924804
-0.56048
-0.15409
0.067316
0.810914
-0.40656
1.000008
0.924804
-0.56048
-0.15409
0.067316
0.810914
-0.40656
1.000008
0.924804
2
-0.69278
-0.16344
0.039535
0.701268
-0.40656
0.999993
0.924798
-0.69278
-0.16344
0.039535
0.701268
-0.40656
0.999993
0.924798
2
-0.56048
-0.15409
0.067316
0.810914
-0.40656
1.000008
0.924804
-0.56048
-0.15409
0.067316
0.810914
-0.40656
1.000008
0.924804
2
-0.69278
-0.16344
0.039535
0.701268
-0.40656
0.999993
0.924798
-0.69278
-0.16344
0.039535
0.701268
-0.40656
0.999993
0.924798
waspantlerext
False
False
False
True
True
0.011
0.011
0.090999
0
0
0.079999
14
0
-4
15
-14
0
None
7
2
0.316097
-0.00683
-0.08688
0.944715
0
0
1.000003
0.513078
-0.02548
-0.08334
0.853905
0
0
1.000003
3
0.316097
-0.00683
-0.08688
0.944715
0
0
1.000003
0.316097
-0.00683
-0.08688
0.944715
0
0
1.000003
0.316097
-0.00683
-0.08688
0.944715
0
0
1.000003
3
-0.15583
0.034054
-0.08022
0.983929
0
0
1.000003
-0.15583
0.034054
-0.08022
0.983929
0
0
1.000003
-0.15583
0.034054
-0.08022
0.983929
0
0
1.000003
3
0.316097
-0.00683
-0.08688
0.944715
0
0
1.000003
0.316097
-0.00683
-0.08688
0.944715
0
0
1.000003
0.316097
-0.00683
-0.08688
0.944715
0
0
1.000003
2
-0.15583
0.034054
-0.08022
0.983929
0
0
1.000003
-0.15583
0.034054
-0.08022
0.983929
0
0
1.000003
2
0.316097
-0.00683
-0.08688
0.944715
0
0
1.000003
0.316097
-0.00683
-0.08688
0.944715
0
0
1.000003
2
-0.15583
0.034054
-0.08022
0.983929
0
0
1.000003
-0.15583
0.034054
-0.08022
0.983929
0
0
1.000003
assextender
False
False
False
True
False
0.091
0.051
0.041
0
0
-0.02
0
1
17
0
0
0
0
None
7
2
0
0
0
1
-0.12002
-0.03307
-1
0
0
0
1
-0.12002
-0.03307
-1
3
0
0
0
1
-0.12002
-0.03307
-1
0
0
0
1
-0.12002
-0.03307
-1
0
0
0
1
-0.12002
-0.03307
-1
3
0
0
0
1
-0.12002
-0.03307
-1
0
0
0
1
-0.12002
-0.03307
-1
0
0
0
1
-0.12002
-0.03307
-1
3
0
0
0
1
-0.12002
-0.03307
-1
0
0
0
1
-0.12002
-0.03307
-1
0
0
0
1
-0.12002
-0.03307
-1
2
0
0
0
1
-0.12002
-0.03307
-1
0
0
0
1
-0.12002
-0.03307
-1
2
0
0
0
1
-0.12002
-0.03307
-1
0
0
0
1
-0.12002
-0.03307
-1
2
0
0
0
1
-0.12002
-0.03307
-1
0
0
0
1
-0.12002
-0.03307
-1
bigass
False
False
False
False
False
0.161
0.090999
0.171
0
0
-0.1
16
0
0
3
-3
0
None
7
2
0.061048
0
0
0.998134
0.121423
-0.13816
-0.99999
0.061048
0
0
0.998134
0.121423
-0.13816
-0.99999
3
0.061048
0
0
0.998134
0.121423
-0.13816
-0.99999
0.061048
0
0
0.998134
0.121423
-0.13816
-0.99999
0.061048
0
0
0.998134
0.121423
-0.13816
-0.99999
3
0.061048
0
0
0.998134
0.121423
-0.13816
-0.99999
0.061048
0
0
0.998134
0.121423
-0.13816
-0.99999
0.061048
0
0
0.998134
0.121423
-0.13816
-0.99999
3
0.061048
0
0
0.998134
0.121423
-0.13816
-0.99999
0.061048
0
0
0.998134
0.121423
-0.13816
-0.99999
0.061048
0
0
0.998134
0.121423
-0.13816
-0.99999
2
-0.98901
0
0
0.147808
0.121423
-0.13816
-0.99999
-0.98901
0
0
0.147808
0.121423
-0.13816
-0.99999
2
-0.98901
0
0
0.147809
0.121423
-0.13816
-0.99999
-0.98901
0
0
0.147809
0.121423
-0.13816
-0.99999
2
0.061048
0
0
0.998134
0.121423
-0.13816
-0.99999
0.061048
0
0
0.998134
0.121423
-0.13816
-0.99999
insectwing
False
True
False
True
False
0.090998
0.031
0.271
0
0.02
0
0
0
-4
22
-7
0
None
7
2
0.043453
0
-0.0038
0.999048
-0.57671
0.999997
-0.02638
0.043453
0
-0.0038
0.999048
-0.57671
0.999997
-0.02638
3
0.043453
0
-0.0038
0.999048
-0.57671
0.999997
-0.02638
0.043453
0
-0.0038
0.999048
-0.57671
0.999997
-0.02638
0.043453
0
-0.0038
0.999048
-0.57671
0.999997
-0.02638
3
0.043453
0
-0.0038
0.999048
-0.57671
0.999997
-0.02638
0.043453
0
-0.0038
0.999048
-0.57671
0.999997
-0.02638
0.043453
0
-0.0038
0.999048
-0.57671
0.999997
-0.02638
3
0.043453
0
-0.0038
0.999048
-0.57671
0.999997
-0.02638
0.043453
0
-0.0038
0.999048
-0.57671
0.999997
-0.02638
0.043453
0
-0.0038
0.999048
-0.57671
0.999997
-0.02638
2
0.043453
0
-0.0038
0.999048
-0.57671
0.999997
-0.02638
0.043453
0
-0.0038
0.999048
-0.57671
0.999997
-0.02638
2
0.043453
0
-0.0038
0.999048
-0.57671
0.999997
-0.02638
0.043453
0
-0.0038
0.999048
-0.57671
0.999997
-0.02638
2
0.043453
0
-0.0038
0.999048
-0.57671
0.999997
-0.02638
0.043453
0
-0.0038
0.999048
-0.57671
0.999997
-0.02638
