30
0.229117
0.670588
0.549019
0.313725
perk_healing_touch
false
0.841942
coco
pastry
bolacha
chocolate
pastelaria
печенье
шоколадный
печенье
kuki
coklat
kue-kue
galleta
chocolateado
pastelería
คุกกี้
ช็อคโกแลต
ขนมอบ
chocolate
шоколадная
chocolateada
F
N
F
шоколадное
false
?
?
?
?
?
14
torso
False
False
False
False
False
0.241
0.231
0.021
0
0
0
-1
8
1
5
7
9
10
11
12
13
0
0
0
0
None
7
2
0.017452
0
0
0.999847
0
0
0
0.017452
0
0
0.999847
0
0
0
3
0.017452
0
0
0.999847
0
0
0
0.017452
0
0
0.999847
0
0
0
0.017452
0
0
0.999847
0
0
0
3
0.017452
0
0
0.999847
0
0
0
0.017452
0
0
0.999847
0
0
0
0.017452
0
0
0.999847
0
0
0
3
0.017452
0
0
0.999847
0
0
0
0.017452
0
0
0.999847
0
0
0
0.017452
0
0
0.999847
0
0
0
2
0.017452
0
0
0.999847
0
0.36
0
0.017452
0
0
0.999847
0
0.36
0
2
-0.62932
0
0
0.777146
0
-0.22
0.42
-0.62932
0
0
0.777146
0
-0.22
0.44
2
0.017452
0
0
0.999847
0
0
0
0.017452
0
0
0.999847
0
0
0
neck
False
False
False
True
False
0.070999
0.091
0.021
0
0
-0.04
0
1
2
0
0
0
0
None
7
2
-0.03489
0
0
0.99939
-0.02271
0.140635
0.999994
-0.03489
0
0
0.99939
-0.02271
0.140635
0.999994
3
-0.03489
0
0
0.99939
-0.02271
0.140635
0.999994
-0.03489
0
0
0.99939
-0.02271
0.140635
0.999994
-0.03489
0
0
0.99939
-0.02271
0.140635
0.999994
3
-0.03489
0
0
0.99939
-0.02271
0.140635
0.999994
-0.03489
0
0
0.99939
-0.02271
0.140635
0.999994
-0.03489
0
0
0.99939
-0.02271
0.140635
0.999994
3
-0.03489
0
0
0.99939
-0.02271
0.140635
0.999994
-0.03489
0
0
0.99939
-0.02271
0.140635
0.999994
-0.03489
0
0
0.99939
-0.02271
0.140635
0.999994
2
-0.03489
0
0
0.99939
-0.02271
0.140635
0.999994
-0.03489
0
0
0.99939
-0.02271
0.140635
0.999994
2
-0.03489
0
0
0.99939
-0.02271
0.140635
0.999994
-0.03489
0
0
0.99939
-0.02271
0.140635
0.999994
2
-0.03489
0
0
0.99939
-0.02271
0.140635
0.999994
-0.03489
0
0
0.99939
-0.02271
0.140635
0.999994
head
False
False
False
False
False
0.171
0.151
0.011
0
0
0.02
1
3
3
4
8
0
0
0
0
None
7
2
0.008726
0
0
0.999961
0
-0.21528
1.000006
0.008726
0
0
0.999961
0
-0.21528
1.000006
3
0.008726
0
0
0.999961
0
-0.21528
1.000006
0.008726
0
0
0.999961
0
-0.21528
1.000006
0.008726
0
0
0.999961
0
-0.21528
1.000006
3
0.008726
0
0
0.999961
0
-0.21528
1.000006
0.008726
0
0
0.999961
0
-0.21528
1.000006
0.008726
0
0
0.999961
0
-0.21528
1.000006
3
0.008726
0
0
0.999961
0
-0.21528
1.000006
0.008726
0
0
0.999961
0
-0.21528
1.000006
0.008726
0
0
0.999961
0
-0.21528
1.000006
2
0.008726
0
0
0.999961
0
-0.21528
1.000006
0.008726
0
0
0.999961
0
-0.21528
1.000006
2
-0.7009
0
0
0.71325
0
-0.21528
1.000006
-0.7009
0
0
0.71325
0
-0.21528
1.000006
2
0.008726
0
0
0.999961
0
-0.21528
1.000006
0.008726
0
0
0.999961
0
-0.21528
1.000006
snout
False
False
False
True
False
0.121
0.051
0.011
0
0
0
2
1
6
0
0
0
0
None
7
2
-0.00879
-0.00231
0
0.999958
0.026194
-0.59795
1.000007
-0.00879
-0.00231
0
0.999958
0.026194
-0.59795
1.000007
3
-0.00879
-0.00231
0
0.999958
0.026194
-0.59795
1.000007
-0.00879
-0.00231
0
0.999958
0.026194
-0.59795
1.000007
-0.00879
-0.00231
0
0.999958
0.026194
-0.59795
1.000007
3
-0.00879
-0.00231
0
0.999958
0.026194
-0.59795
1.000007
-0.00879
-0.00231
0
0.999958
0.026194
-0.59795
1.000007
-0.00879
-0.00231
0
0.999958
0.026194
-0.59795
1.000007
3
-0.00879
-0.00231
0
0.999958
0.026194
-0.59795
1.000007
-0.00879
-0.00231
0
0.999958
0.026194
-0.59795
1.000007
-0.00879
-0.00231
0
0.999958
0.026194
-0.59795
1.000007
2
-0.00879
-0.00231
0
0.999958
0.026194
-0.59795
1.000007
-0.00879
-0.00231
0
0.999958
0.026194
-0.59795
1.000007
2
-0.00879
-0.00231
0
0.999958
0.026194
-0.59795
1.000007
-0.00879
-0.00231
0
0.999958
0.026194
-0.59795
1.000007
2
-0.00879
-0.00231
0
0.999958
0.026194
-0.59795
1.000007
-0.00879
-0.00231
0
0.999958
0.026194
-0.59795
1.000007
eyes
True
True
False
True
False
0.06
0.06
0.05
0
0
0.01
2
0
0
0
0
0
SeriousEye
7
2
0
0
0
1
-0.99999
0.124621
0.943859
0
0
0
1
-0.99999
0.124621
0.943859
3
0
0
0
1
-0.99999
0.124621
0.943859
0
0
0
1
-0.99999
0.124621
0.943859
0
0
0
1
-0.99999
0.124621
0.943859
3
0
0
0
1
-0.99999
0.124621
0.943859
0
0
0
1
-0.99999
0.124621
0.943859
0
0
0
1
-0.99999
0.124621
0.943859
3
0
0
0
1
-0.99999
0.124621
0.943859
0
0
0
1
-0.99999
0.124621
0.943859
0
0
0
1
-0.99999
0.124621
0.943859
2
0
0
0
1
-0.99999
0.124621
0.943859
0
0
0
1
-0.99999
0.124621
0.943859
2
0
0
0
1
-0.99999
0.124621
0.943859
0
0
0
1
-0.99999
0.124621
0.943859
2
0
0
0
1
-0.99999
0.124621
0.943859
0
0
0
1
-0.99999
0.124621
0.943859
tail
False
False
False
False
False
0.151
0.021
0.151
0
-0.02
0.18
0
0
0
0
0
0
None
7
2
-0.71093
0.013731
-0.01086
0.703039
0.010474
-0.78632
-1
-0.71093
0.013731
-0.01086
0.703039
0.010474
-0.78632
-1
3
-0.71093
0.013731
-0.01086
0.703039
0.010474
-0.78632
-1
-0.71093
0.013731
-0.01086
0.703039
0.010474
-0.78632
-1
-0.71093
0.013731
-0.01086
0.703039
0.010474
-0.78632
-1
3
-0.71093
0.013731
-0.01086
0.703039
0.010474
-0.78632
-1
-0.71093
0.013731
-0.01086
0.703039
0.010474
-0.78632
-1
-0.71093
0.013731
-0.01086
0.703039
0.010474
-0.78632
-1
3
-0.71093
0.013731
-0.01086
0.703039
0.010474
-0.78632
-1
-0.71093
0.013731
-0.01086
0.703039
0.010474
-0.78632
-1
-0.71093
0.013731
-0.01086
0.703039
0.010474
-0.78632
-1
2
-0.71093
0.013731
-0.01086
0.703039
0.010474
-0.78632
-1
-0.71093
0.013731
-0.01086
0.703039
0.010474
-0.78632
-1
2
-0.99983
0.002026
-0.01739
-0.00558
0.010474
-0.78632
-1
-0.99983
0.002026
-0.01739
-0.00558
0.010474
-0.78632
-1
2
-0.71093
0.013731
-0.01086
0.703039
0.010474
-0.78632
-1
-0.71093
0.013731
-0.01086
0.703039
0.010474
-0.78632
-1
mouth
True
False
False
True
False
0.16
0.04
0.05
0
0
0.01
3
0
0
0
0
0
PlainMouth
7
2
0
0
0
1
0.049218
-0.06439
1.000058
0
0
0
1
0.049218
-0.06439
1.000058
3
0
0
0
1
0.049218
-0.06439
1.000058
0
0
0
1
0.049218
-0.06439
1.000058
0
0
0
1
0.049218
-0.06439
1.000058
3
0
0
0
1
0.049218
-0.06439
1.000058
0
0
0
1
0.049218
-0.06439
1.000058
0
0
0
1
0.049218
-0.06439
1.000058
3
0
0
0
1
0.049218
-0.06439
1.000058
0
0
0
1
0.049218
-0.06439
1.000058
0
0
0
1
0.049218
-0.06439
1.000058
2
0
0
0
1
0.049218
-0.06439
1.000058
0
0
0
1
0.049218
-0.06439
1.000058
2
0
0
0
1
0.049218
-0.06439
1.000058
0
0
0
1
0.049218
-0.06439
1.000058
2
0
0
0
1
0.049218
-0.06439
1.000058
0
0
0
1
0.049218
-0.06439
1.000058
chocochip
False
False
False
True
False
0.031
0.031
0.041
0
0
0
0
0
0
9
-12
0
None
7
2
-0.11128
-0.05189
0.34656
0.929956
-0.18192
0.217925
1.000015
-0.11128
-0.05189
0.34656
0.929956
-0.18192
0.217925
1.000015
3
-0.11128
-0.05189
0.34656
0.929956
-0.18192
0.217925
1.000015
-0.11128
-0.05189
0.34656
0.929956
-0.18192
0.217925
1.000015
-0.11128
-0.05189
0.34656
0.929956
-0.18192
0.217925
1.000015
3
-0.11128
-0.05189
0.34656
0.929956
-0.18192
0.217925
1.000015
-0.11128
-0.05189
0.34656
0.929956
-0.18192
0.217925
1.000015
-0.11128
-0.05189
0.34656
0.929956
-0.18192
0.217925
1.000015
3
-0.11128
-0.05189
0.34656
0.929956
-0.18192
0.217925
1.000015
-0.11128
-0.05189
0.34656
0.929956
-0.18192
0.217925
1.000015
-0.11128
-0.05189
0.34656
0.929956
-0.18192
0.217925
1.000015
2
-0.11128
-0.05189
0.34656
0.929956
-0.18192
0.217925
1.000015
-0.11128
-0.05189
0.34656
0.929956
-0.18192
0.217925
1.000015
2
-0.11128
-0.05189
0.34656
0.929956
-0.18192
0.217925
1.000015
-0.11128
-0.05189
0.34656
0.929956
-0.18192
0.217925
1.000015
2
-0.11128
-0.05189
0.34656
0.929956
-0.18192
0.217925
1.000015
-0.11128
-0.05189
0.34656
0.929956
-0.18192
0.217925
1.000015
chocochip2
False
False
False
True
False
0.031
0.021
0.021
0
0
0
2
0
0
9
-12
0
None
7
2
0.007596
0
0.086824
0.996194
0.464296
-0.20031
1.000002
0.007596
0
0.086824
0.996194
0.464296
-0.20031
1.000002
3
0.007596
0
0.086824
0.996194
0.464296
-0.20031
1.000002
0.007596
0
0.086824
0.996194
0.464296
-0.20031
1.000002
0.007596
0
0.086824
0.996194
0.464296
-0.20031
1.000002
3
0.007596
0
0.086824
0.996194
0.464296
-0.20031
1.000002
0.007596
0
0.086824
0.996194
0.464296
-0.20031
1.000002
0.007596
0
0.086824
0.996194
0.464296
-0.20031
1.000002
3
0.007596
0
0.086824
0.996194
0.464296
-0.20031
1.000002
0.007596
0
0.086824
0.996194
0.464296
-0.20031
1.000002
0.007596
0
0.086824
0.996194
0.464296
-0.20031
1.000002
2
0.007596
0
0.086824
0.996194
0.464296
-0.20031
1.000002
0.007596
0
0.086824
0.996194
0.464296
-0.20031
1.000002
2
0.007596
0
0.086824
0.996194
0.464296
-0.20031
1.000002
0.007596
0
0.086824
0.996194
0.464296
-0.20031
1.000002
2
0.007596
0
0.086824
0.996194
0.464296
-0.20031
1.000002
0.007596
0
0.086824
0.996194
0.464296
-0.20031
1.000002
chocochip3
False
False
False
True
False
0.031
0.031
0.021
0
0
0
0
0
0
9
-12
0
None
7
2
0.050483
0.065233
0.166391
0.982603
-0.68968
-0.58948
1.000004
0.050483
0.065233
0.166391
0.982603
-0.68968
-0.58948
1.000004
3
0.050483
0.065233
0.166391
0.982603
-0.68968
-0.58948
1.000004
0.050483
0.065233
0.166391
0.982603
-0.68968
-0.58948
1.000004
0.050483
0.065233
0.166391
0.982603
-0.68968
-0.58948
1.000004
3
0.050483
0.065233
0.166391
0.982603
-0.68968
-0.58948
1.000004
0.050483
0.065233
0.166391
0.982603
-0.68968
-0.58948
1.000004
0.050483
0.065233
0.166391
0.982603
-0.68968
-0.58948
1.000004
3
0.050483
0.065233
0.166391
0.982603
-0.68968
-0.58948
1.000004
0.050483
0.065233
0.166391
0.982603
-0.68968
-0.58948
1.000004
0.050483
0.065233
0.166391
0.982603
-0.68968
-0.58948
1.000004
2
0.050483
0.065233
0.166391
0.982603
-0.68968
-0.58948
1.000004
0.050483
0.065233
0.166391
0.982603
-0.68968
-0.58948
1.000004
2
0.050483
0.065233
0.166391
0.982603
-0.68968
-0.58948
1.000004
0.050483
0.065233
0.166391
0.982603
-0.68968
-0.58948
1.000004
2
0.050483
0.065233
0.166391
0.982603
-0.68968
-0.58948
1.000004
0.050483
0.065233
0.166391
0.982603
-0.68968
-0.58948
1.000004
chocochip4
False
False
False
True
False
0.021
0.041
0.011
0
0
0
0
0
0
9
-12
0
None
7
2
0.058776
-0.01853
-0.46255
0.884444
0.389801
-0.62486
1.000003
0.058776
-0.01853
-0.46255
0.884444
0.389801
-0.62486
1.000003
3
0.058776
-0.01853
-0.46255
0.884444
0.389801
-0.62486
1.000003
0.058776
-0.01853
-0.46255
0.884444
0.389801
-0.62486
1.000003
0.058776
-0.01853
-0.46255
0.884444
0.389801
-0.62486
1.000003
3
0.058776
-0.01853
-0.46255
0.884444
0.389801
-0.62486
1.000003
0.058776
-0.01853
-0.46255
0.884444
0.389801
-0.62486
1.000003
0.058776
-0.01853
-0.46255
0.884444
0.389801
-0.62486
1.000003
3
0.058776
-0.01853
-0.46255
0.884444
0.389801
-0.62486
1.000003
0.058776
-0.01853
-0.46255
0.884444
0.389801
-0.62486
1.000003
0.058776
-0.01853
-0.46255
0.884444
0.389801
-0.62486
1.000003
2
0.058776
-0.01853
-0.46255
0.884444
0.389801
-0.62486
1.000003
0.058776
-0.01853
-0.46255
0.884444
0.389801
-0.62486
1.000003
2
0.058776
-0.01853
-0.46255
0.884444
0.389801
-0.62486
1.000003
0.058776
-0.01853
-0.46255
0.884444
0.389801
-0.62486
1.000003
2
0.058776
-0.01853
-0.46255
0.884444
0.389801
-0.62486
1.000003
0.058776
-0.01853
-0.46255
0.884444
0.389801
-0.62486
1.000003
chochochip6
False
False
False
True
False
0.021
0.021
0.011
0
0
0
0
0
0
0
0
0
None
7
2
0
0
0
1
-0.00121
0.823189
0.999996
0
0
0
1
-0.00121
0.823189
0.999996
3
0
0
0
1
-0.00121
0.823189
0.999996
0
0
0
1
-0.00121
0.823189
0.999996
0
0
0
1
-0.00121
0.823189
0.999996
3
0
0
0
1
-0.00121
0.823189
0.999996
0
0
0
1
-0.00121
0.823189
0.999996
0
0
0
1
-0.00121
0.823189
0.999996
3
0
0
0
1
-0.00121
0.823189
0.999996
0
0
0
1
-0.00121
0.823189
0.999996
0
0
0
1
-0.00121
0.823189
0.999996
2
0
0
0
1
-0.00121
0.823189
0.999996
0
0
0
1
-0.00121
0.823189
0.999996
2
0
0
0
1
-0.00121
0.823189
0.999996
0
0
0
1
-0.00121
0.823189
0.999996
2
0
0
0
1
-0.00121
0.823189
0.999996
0
0
0
1
-0.00121
0.823189
0.999996
choco11
False
False
False
False
False
0.031
0.031
0.021
0
0
0
0
0
0
9
-12
0
None
7
2
-0.05444
0.080656
-0.13367
0.986235
-0.63607
0
-0.99999
-0.05444
0.080656
-0.13367
0.986235
-0.63607
0
-0.99999
3
-0.05444
0.080656
-0.13367
0.986235
-0.63607
0
-0.99999
-0.05444
0.080656
-0.13367
0.986235
-0.63607
0
-0.99999
-0.05444
0.080656
-0.13367
0.986235
-0.63607
0
-0.99999
3
-0.05444
0.080656
-0.13367
0.986235
-0.63607
0
-0.99999
-0.05444
0.080656
-0.13367
0.986235
-0.63607
0
-0.99999
-0.05444
0.080656
-0.13367
0.986235
-0.63607
0
-0.99999
3
-0.05444
0.080656
-0.13367
0.986235
-0.63607
0
-0.99999
-0.05444
0.080656
-0.13367
0.986235
-0.63607
0
-0.99999
-0.05444
0.080656
-0.13367
0.986235
-0.63607
0
-0.99999
2
-0.05444
0.080656
-0.13367
0.986235
-0.63607
0
-0.99999
-0.05444
0.080656
-0.13367
0.986235
-0.63607
0
-0.99999
2
-0.73587
-0.03748
-0.15155
0.658874
-0.63607
0
-0.99999
-0.73587
-0.03748
-0.15155
0.658874
-0.63607
0
-0.99999
2
-0.05444
0.080656
-0.13367
0.986235
-0.63607
0
-0.99999
-0.05444
0.080656
-0.13367
0.986235
-0.63607
0
-0.99999
choco12
False
False
False
False
False
0.021
0.041
0.011
0
0
0
0
0
0
9
-12
0
None
7
2
0
0
0.216439
0.976296
0.537929
-0.53766
-1
0
0
0.216439
0.976296
0.537929
-0.53766
-1
3
0
0
0.216439
0.976296
0.537929
-0.53766
-1
0
0
0.216439
0.976296
0.537929
-0.53766
-1
0
0
0.216439
0.976296
0.537929
-0.53766
-1
3
0
0
0.216439
0.976296
0.537929
-0.53766
-1
0
0
0.216439
0.976296
0.537929
-0.53766
-1
0
0
0.216439
0.976296
0.537929
-0.53766
-1
3
0
0
0.216439
0.976296
0.537929
-0.53766
-1
0
0
0.216439
0.976296
0.537929
-0.53766
-1
0
0
0.216439
0.976296
0.537929
-0.53766
-1
2
0
0
0.216439
0.976296
0.537929
-0.53766
-1
0
0
0.216439
0.976296
0.537929
-0.53766
-1
2
-0.69034
0.153046
0.153045
0.690345
0.537929
-0.53766
-1
-0.69034
0.153046
0.153045
0.690345
0.537929
-0.53766
-1
2
0
0
0.216439
0.976296
0.537929
-0.53766
-1
0
0
0.216439
0.976296
0.537929
-0.53766
-1
