30
0.288862
0.988235
0.517647
0.239215
perk_summon_pack
false
0.576059
stumpy
floof
corgi
curto
cotão
корги
короткий
пух
corgi
pendek
bulu-halus
corgi
corto
pelusa
คอร์กี้
สั้น
ปุย
curta
короткая
corta
M
M
F
короткое
false
Sharp Tooth
Fur
Uncooked Meat
Bones
?
16
torso
False
False
False
False
False
0.161
0.131
0.341
0
0
0
-1
4
1
5
6
7
0
0
0
0
None
7
2
0.017452
0
0
0.999847
0
0
0
0.061048
0
0
0.998134
0
0
0
3
0.061048
0
0
0.998134
0
0
0
-0.02617
0
0
0.999657
0
0
0
-0.02617
0
0
0.999657
0
0
0
3
0.017386
0.087142
0.001521
0.996043
0
0
0
-0.12186
0
0
0.992546
0
0
0
0.017322
-0.12185
-0.00212
0.992395
0
0
0
3
0.104528
0
0
0.994521
0
0
-0.06
0.104528
0
0
0.994521
0
0
0.22
-0.15643
0
0
0.987688
0
0
0.26
2
-0.52249
0
0
0.85264
0
0.12
0.36
-0.55919
0
0
0.829037
0
0.12
0.36
2
-0.99813
0
0
0.061048
0
-0.4
-0.55999
-0.99813
0
0
0.061048
0
-0.42
-0.55999
2
-0.24192
0
0
0.970295
0
0
0
-0.40673
0
0
0.913545
0
0
0
neck
False
False
False
True
False
0.171
0.131
0.101
0
0
-0.04
0
1
2
0
-16
17
0
None
7
2
-0.41469
0
0
0.909961
0.081804
0.892155
1
-0.45399
0
0
0.891006
0.081804
0.892155
1
3
-0.41469
0
0
0.909961
0.081804
0.892155
1
-0.41469
0
0
0.909961
0.081804
0.892155
1
-0.41469
0
0
0.909961
0.081804
0.892155
1
3
-0.52991
0
0
0.848048
-0.02029
0.999999
0.893208
-0.52991
0
0
0.848048
-0.02029
0.999999
0.893208
-0.52991
0
0
0.848048
-0.02029
0.999999
0.893208
3
-0.16504
0
0
0.986285
0.081804
0.892155
1
-0.16504
0
0
0.986285
0.081804
0.892155
1
-0.41469
0
0
0.909961
0.081804
0.892155
1
2
0.309017
0
0
0.951056
0.081796
0.004776
0.999999
0.309017
0
0
0.951056
0.081796
0.004776
0.999999
2
0.095845
0
0
0.995396
0.081816
0.132
1.000001
0.095845
0
0
0.995396
0.081816
0.132
1.000001
2
-0.03489
0
0
0.99939
-0.02271
0.230347
0.999997
-0.03489
0
0
0.99939
-0.02271
0.230347
0.999997
head
False
False
False
False
False
0.131
0.121
0.111
0
0
0.02
1
4
3
4
12
13
0
0
0
0
None
7
2
0.008726
0
0
0.999961
0
-0.05643
0.999997
0.008726
0
0
0.999961
0
-0.05643
0.999997
3
0.008726
0
0
0.999961
0
-0.05643
0.999997
0.095845
0
0
0.995396
0
-0.05643
0.999997
0.095845
0
0
0.995396
0
-0.05643
0.999997
3
-0.12186
0
0
0.992546
0
-0.05643
0.999997
-0.12186
0
0
0.992546
0
-0.05643
0.999997
-0.12186
0
0
0.992546
0
-0.05643
0.999997
3
0.580703
0
0
0.814115
0
-0.05643
0.999997
0.350207
0
0
0.936672
0
-0.05643
0.999997
-0.3338
0
0
0.942641
0
-0.05643
0.999997
2
0.008726
0
0
0.999961
0
-0.05643
0.999997
0.008726
0
0
0.999961
0
-0.05643
0.999997
2
-0.98325
0
0
0.182235
0
-0.05643
0.999997
-0.98325
0
0
0.182235
0
-0.05643
0.999997
2
-0.12186
0
0
0.992546
0
-0.05643
0.999997
-0.12186
0
0
0.992546
0
-0.05643
0.999997
snout
False
False
False
True
False
0.041
0.051
0.061
0
0
0.02
2
2
14
15
0
-16
15
0
None
7
2
0.034835
-0.00234
0
0.99939
0.026194
-0.45132
1.000002
0.034835
-0.00234
0
0.99939
0.026194
-0.45132
1.000002
3
0.034835
-0.00234
0
0.99939
0.026194
-0.45132
1.000002
0.034835
-0.00234
0
0.99939
0.026194
-0.45132
1.000002
0.034835
-0.00234
0
0.99939
0.026194
-0.45132
1.000002
3
0.034835
-0.00234
0
0.99939
0.026194
-0.59795
1.000007
0.034835
-0.00234
0
0.99939
0.026194
-0.59795
1.000007
0.034835
-0.00234
0
0.99939
0.026194
-0.59795
1.000007
3
0.034835
-0.00234
0
0.99939
0.026194
-0.45132
1.000002
0.034835
-0.00234
0
0.99939
0.026194
-0.45132
1.000002
0.034835
-0.00234
0
0.99939
0.026194
-0.45132
1.000002
2
0.034835
-0.00234
0
0.99939
0.026194
-0.45132
1.000002
0.034835
-0.00234
0
0.99939
0.026194
-0.45132
1.000002
2
0.034835
-0.00234
0
0.99939
0.026194
-0.45132
1.000002
0.034835
-0.00234
0
0.99939
0.026194
-0.45132
1.000002
2
0.034835
-0.00234
0
0.99939
0.026194
-0.59795
1.000007
0.034835
-0.00234
0
0.99939
0.026194
-0.59795
1.000007
eyes
True
True
False
True
False
0.05
0.05
0.05
0
0
0.01
2
0
0
0
0
0
BlackEye
7
2
0
-0.04361
0
0.999048
-0.59235
-0.01614
1.000005
0
-0.04361
0
0.999048
-0.59235
-0.01614
1.000005
3
0
-0.04361
0
0.999048
-0.59235
-0.01614
1.000005
0
-0.04361
0
0.999048
-0.59235
-0.01614
1.000005
0
-0.04361
0
0.999048
-0.59235
-0.01614
1.000005
3
0
-0.04361
0
0.999048
-0.52637
0.117918
1.000007
0
-0.04361
0
0.999048
-0.52637
0.117918
1.000007
0
-0.04361
0
0.999048
-0.52637
0.117918
1.000007
3
0
-0.04361
0
0.999048
-0.59235
-0.01614
1.000005
0
-0.04361
0
0.999048
-0.59235
-0.01614
1.000005
0
-0.04361
0
0.999048
-0.59235
-0.01614
1.000005
2
0
-0.04361
0
0.999048
-0.59235
-0.01614
1.000005
0
-0.04361
0
0.999048
-0.59235
-0.01614
1.000005
2
0
-0.04361
0
0.999048
-0.59235
-0.01614
1.000005
0
-0.04361
0
0.999048
-0.59235
-0.01614
1.000005
2
0
-0.04361
0
0.999048
-0.52637
0.117918
1.000007
0
-0.04361
0
0.999048
-0.52637
0.117918
1.000007
shoulder
False
True
True
False
False
0.031
0.081000
0.071000
0
0
0
0
1
8
0
2
-4
0
None
7
2
-0.7009
0
0
0.71325
-0.99999
-0.69594
0.545937
-0.7009
0
0
0.71325
-0.99999
-0.69594
0.545937
3
-0.49242
0
0
0.870355
-0.99999
-0.69594
0.545937
-0.60181
0
0
0.798635
-0.99999
-0.69594
0.545937
-0.86162
0
0
0.507538
-0.99999
-0.87571
0.742432
3
-0.73821
0.136402
-0.15691
0.641722
-1
-0.8175
0.683639
-0.66913
0
0
0.743144
-1
-0.43013
0.545969
-0.5944
-0.12493
0.094144
0.788803
-0.99273
-0.99999
0.325328
3
-0.7009
0
0
0.71325
-0.99999
-0.69594
0.545937
-0.7009
0
0
0.71325
-0.99999
-0.69594
0.545937
-0.7009
0
0
0.71325
-0.99999
-0.69594
0.545937
2
-0.7009
0
0
0.71325
-0.48247
-0.99999
0.041732
-0.7009
0
0
0.71325
-0.48247
-0.99999
0.041732
2
-0.82412
0
0
-0.5664
-0.99999
-0.69594
0.545937
-0.82412
0
0
-0.5664
-0.99999
-0.69594
0.545937
2
-0.54256
0.073094
0.047468
-0.83547
-1
0.381152
0.545962
-0.26622
0.055437
0.067251
-0.95996
-1
0.947803
0.427673
hip
False
True
True
False
False
0.031
0.091000
0.071000
0
0
0
0
1
10
0
2
-4
0
None
7
2
-0.65613
0.022192
-0.0588
0.752017
-1
-0.73568
-0.71863
-0.65613
0.022192
-0.0588
0.752017
-1
-0.73568
-0.71863
3
-0.82841
0.036655
-0.05105
0.556572
-1
-0.73568
-0.71863
-0.62271
0.019606
-0.05971
0.779922
-1
-0.73568
-0.71863
-0.47781
0.008939
-0.06221
0.876206
-1
-0.73568
-0.71863
3
-0.49957
0.145179
-0.14165
0.842188
-1
-0.73568
-0.71863
-0.51558
0.011644
-0.06176
0.85453
-1
-0.32168
-0.71861
-0.5521
-0.19237
0.100913
0.804979
-1
-0.73568
-0.71863
3
-0.65613
0.022192
-0.0588
0.752017
-0.99677
-1
-0.64058
-0.65613
0.022192
-0.0588
0.752017
-1
-0.73568
-0.71863
-0.65613
0.022192
-0.0588
0.752017
-1
-0.73568
-0.71863
2
-0.99571
0.057272
-0.02588
0.067796
-0.99999
-0.45247
-0.55663
-0.99571
0.057272
-0.02588
0.067796
-0.99999
-0.45247
-0.55663
2
-0.85453
-0.05405
-0.03206
-0.51558
-1
-0.73568
-0.71863
-0.85453
-0.05405
-0.03206
-0.51558
-1
-0.73568
-0.71863
2
-0.51558
0.011644
-0.06176
0.85453
-1
-0.73568
-0.71863
-0.51558
0.011644
-0.06176
0.85453
-1
-0.73568
-0.71863
tail
False
False
False
False
False
0.061
0.051
0.051
0
0
0.1
0
0
0
2
-4
0
None
7
2
-0.94404
-0.01786
0.254751
0.208708
0.035806
0.519276
-0.99999
-0.95501
0.080526
-0.20994
0.193374
0.035806
0.519276
-0.99999
3
-0.94404
-0.01786
0.254751
0.208708
0.035806
0.519276
-0.99999
-0.96967
0.063366
-0.12591
0.199656
0.035806
0.519276
-0.99999
-0.9768
0.027733
0.044383
0.207626
0.035806
0.519276
-0.99999
3
-0.90913
-0.04137
0.359982
0.205344
0.035806
0.519276
-0.99999
-0.97609
0.049284
-0.05796
0.20359
0.035806
0.519276
-0.99999
-0.87585
0.124916
-0.43474
0.168148
0.035804
0.726443
-1
3
-0.9768
0.027733
0.044383
0.207626
0.035806
0.519276
-0.99999
-0.9768
0.027733
0.044383
0.207626
0.035806
0.519276
-0.99999
-0.9768
0.027733
0.044383
0.207626
0.035806
0.519276
-0.99999
2
-0.94404
-0.01786
0.254751
0.208708
0.035806
0.519276
-0.99999
-0.94404
-0.01786
0.254751
0.208708
0.035806
0.519276
-0.99999
2
-0.36946
0.247779
0.061827
-0.89346
0.035806
0.519276
-0.99999
-0.36946
0.247779
0.061827
-0.89346
0.035806
0.519276
-0.99999
2
-0.9768
0.027733
0.044383
0.207626
0.035806
0.519276
-0.99999
-0.9768
0.027733
0.044383
0.207626
0.035806
0.519276
-0.99999
arm
False
False
True
False
False
0.041
0.051
0.051
0
0
-0.02
5
1
9
0
-16
15
0
None
7
2
-0.69465
0
0
0.719339
0.455066
0
-0.99998
-0.69465
0
0
0.719339
0.455066
0
-0.99998
3
-0.44619
0
0
0.894934
0.455112
0.081271
-1
-0.4848
0
0
0.874619
0.455066
0
-0.99998
-0.91706
0
0
0.398748
0.455066
0
-0.99998
3
-0.78828
0.132222
-0.18198
0.57272
-0.1378
-0.25164
-0.99999
-0.52991
0
0
0.848048
-0.13782
0.136962
-0.99999
-0.6861
-0.11252
0.108668
0.710483
-0.13781
0
-1
3
-0.69465
0
0
0.719339
0.455066
0
-0.99998
-0.69465
0
0
0.719339
0.455066
0
-0.99998
-0.69465
0
0
0.719339
0.455066
0
-0.99998
2
-0.69465
0
0
0.719339
0.455066
0
-0.99998
-0.69465
0
0
0.719339
0.455066
0
-0.99998
2
-0.82903
0
0
-0.55919
0.455066
0
-0.99998
-0.82903
0
0
-0.55919
0.455066
0
-0.99998
2
-0.57885
0.140484
0.102067
-0.79672
-0.13781
0
-1
-0.22989
0.09073
0.148059
-0.95759
-0.13781
0
-1
hand
False
False
True
False
False
0.041
0.031
0.061
0
-0.02
0
8
0
0
-16
1
0
None
7
2
0
0
0
1
0.191498
-0.41204
-1
0
0
0
1
0.191498
-0.41204
-1
3
0
0
0
1
0.191498
-0.41204
-1
0
0
0
1
0.191498
-0.41204
-1
0
0
0
1
0.191498
-0.41204
-1
3
0
0
0
1
0.191498
-0.41204
-1
0.207911
0
0
0.978147
0.191498
-0.41204
-1
0.207911
0
0
0.978147
0.191498
-0.41204
-1
3
0
0
0
1
0.191498
-0.41204
-1
0
0
0
1
0.191498
-0.41204
-1
0
0
0
1
0.191498
-0.41204
-1
2
0
0
0
1
0.191498
-0.41204
-1
0
0
0
1
0.191498
-0.41204
-1
2
-0.9848
0
0
0.173648
0.191498
-0.41204
-1
-0.9848
0
0
0.173648
0.191498
-0.41204
-1
2
-0.96592
0
0
-0.25881
0.191498
-0.41204
-1
-0.96592
0
0
-0.25881
0.191498
-0.41204
-1
leg
False
False
True
False
False
0.041
0.061
0.051
0
0
-0.04
6
1
11
0
-16
15
0
None
7
2
-0.69465
0
0
0.719339
0.65747
0
-1
-0.69465
0
0
0.719339
0.65747
0
-1
3
-0.87881
0
0
0.477158
0.65747
0
-1
-0.69465
0
0
0.719339
0.65747
0
-1
-0.44619
0
0
0.894934
0.65747
0
-1
3
-0.68189
0.137256
-0.13254
0.706123
-0.04329
0
-0.99999
-0.51503
0
0
0.857167
-0.04329
0
-0.99999
-0.70841
-0.12062
0.124912
0.684104
-0.04329
0
-0.99999
3
-0.69465
0
0
0.719339
0.65747
0
-1
-0.69465
0
0
0.719339
0.65747
0
-1
-0.69465
0
0
0.719339
0.65747
0
-1
2
-0.99452
0
0
0.104528
0.657293
0.266804
-0.99997
-0.99452
0
0
0.104528
0.657293
0.266804
-0.99997
2
-0.82903
0
0
-0.55919
0.65747
0
-1
-0.82903
0
0
-0.55919
0.65747
0
-1
2
-0.69465
0
0
0.719339
-0.04329
0
-0.99999
-0.69465
0
0
0.719339
-0.04329
0
-0.99999
foot
False
False
True
False
False
0.041
0.031
0.071
0
0
0
10
0
0
-16
1
0
None
7
2
0
0
0
1
0.016867
-0.30397
-0.99999
0
0
0
1
0.016867
-0.30397
-0.99999
3
0
0
0
1
0.016867
-0.30397
-0.99999
0
0
0
1
0.016867
-0.30397
-0.99999
0.258819
0
0
0.965925
0.016867
-0.30397
-0.99999
3
0
0
0
1
0.016867
-0.30397
-0.99999
0.241921
0
0
0.970295
0.016867
-0.30397
-0.99999
0.241921
0
0
0.970295
0.016867
-0.30397
-0.99999
3
0
0
0
1
0.016867
-0.30397
-0.99999
0
0
0
1
0.016867
-0.30397
-0.99999
0
0
0
1
0.016867
-0.30397
-0.99999
2
-0.60876
0
0
0.793353
0.016867
-0.30397
-0.99999
-0.60876
0
0
0.793353
0.016867
-0.30397
-0.99999
2
-0.9848
0
0
0.173648
0.016867
-0.30397
-0.99999
-0.9848
0
0
0.173648
0.016867
-0.30397
-0.99999
2
0
0
0
1
0.016867
-0.30397
-0.99999
0
0
0
1
0.016867
-0.30397
-0.99999
ear
False
True
False
True
True
0.091
0.061
0.021
-0.02
0
0
2
0
-3
-13
11
0
None
7
2
0
0
-0.59482
0.803856
-1
0.964678
-0.56402
0
0
-0.59482
0.803856
-1
0.964678
-0.56402
3
0
0
-0.59482
0.803856
-1
0.964678
-0.56402
0
0
-0.59482
0.803856
-1
0.964678
-0.56402
0
0
-0.59482
0.803856
-1
0.964678
-0.56402
3
0
0
-0.69465
0.719339
-0.85414
0.999997
-0.3401
0
0
-0.69465
0.719339
-0.85414
0.999997
-0.3401
0
0
-0.69465
0.719339
-0.85414
0.999997
-0.3401
3
0
0
-0.59482
0.803856
-1
0.964678
-0.56402
0
0
-0.59482
0.803856
-1
0.964678
-0.56402
0
0
-0.59482
0.803856
-1
0.964678
-0.56402
2
0
0
-0.59482
0.803856
-1
0.964678
-0.56402
0
0
-0.59482
0.803856
-1
0.964678
-0.56402
2
0
0
-0.59482
0.803856
-1
0.964678
-0.56402
0
0
-0.59482
0.803856
-1
0.964678
-0.56402
2
0
0
-0.69465
0.719339
-0.85414
0.999997
-0.3401
0
0
-0.69465
0.719339
-0.85414
0.999997
-0.3401
sideburns
False
True
False
True
False
0.070999
0.061
0.061
-0.04
0
0.02
2
0
0
0
2
0
None
7
2
0.045717
0.42261
-0.0106
0.905095
-0.99999
-0.29874
-0.13587
0.045717
0.42261
-0.0106
0.905095
-0.99999
-0.29874
-0.13587
3
0.045717
0.42261
-0.0106
0.905095
-0.99999
-0.29874
-0.13587
0.045717
0.42261
-0.0106
0.905095
-0.99999
-0.29874
-0.13587
0.045717
0.42261
-0.0106
0.905095
-0.99999
-0.29874
-0.13587
3
0.045717
0.42261
-0.0106
0.905095
-0.99999
-0.29874
-0.13587
0.045717
0.42261
-0.0106
0.905095
-0.99999
-0.29874
-0.13587
0.045717
0.42261
-0.0106
0.905095
-0.99999
-0.29874
-0.13587
3
0.045717
0.42261
-0.0106
0.905095
-0.99999
-0.29874
-0.13587
0.045717
0.42261
-0.0106
0.905095
-0.99999
-0.29874
-0.13587
0.045717
0.42261
-0.0106
0.905095
-0.99999
-0.29874
-0.13587
2
0.045717
0.42261
-0.0106
0.905095
-0.99999
-0.29874
-0.13587
0.045717
0.42261
-0.0106
0.905095
-0.99999
-0.29874
-0.13587
2
0.045717
0.42261
-0.0106
0.905095
-0.99999
-0.29874
-0.13587
0.045717
0.42261
-0.0106
0.905095
-0.99999
-0.29874
-0.13587
2
0.045717
0.42261
-0.0106
0.905095
-0.99999
-0.29874
-0.13587
0.045717
0.42261
-0.0106
0.905095
-0.99999
-0.29874
-0.13587
mouth
True
False
False
True
False
0.07
0.07
0.05
0
0
0.01
3
0
0
0
0
0
CowMouth
7
2
0
0
0
1
0.028037
-0.47475
0.999978
0
0
0
1
0.028037
-0.47475
0.999978
3
0
0
0
1
0.028037
-0.47475
0.999978
0
0
0
1
0.028037
-0.47475
0.999978
0
0
0
1
0.028037
-0.47475
0.999978
3
0
0
0
1
0.028037
-0.25077
0.999987
0
0
0
1
0.028037
-0.25077
0.999987
0
0
0
1
0.028037
-0.25077
0.999987
3
0
0
0
1
0.028037
-0.47475
0.999978
0
0
0
1
0.028037
-0.47475
0.999978
0
0
0
1
0.028037
-0.47475
0.999978
2
0
0
0
1
0.028037
-0.47475
0.999978
0
0
0
1
0.028037
-0.47475
0.999978
2
0
0
0
1
0.028037
-0.47475
0.999978
0
0
0
1
0.028037
-0.47475
0.999978
2
0
0
0
1
0.028037
-0.25077
0.999987
0
0
0
1
0.028037
-0.25077
0.999987
snouttip
False
False
False
True
False
0.041
0.021
0.021
0
0
0
3
0
0
-19
-19
0
None
7
2
0
0
0
1
0
0.794088
0.999999
0
0
0
1
0
0.794088
0.999999
3
0
0
0
1
0
0.794088
0.999999
0
0
0
1
0
0.794088
0.999999
0
0
0
1
0
0.794088
0.999999
3
0
0
0
1
0
0.794088
0.999999
0
0
0
1
0
0.794088
0.999999
0
0
0
1
0
0.794088
0.999999
3
0
0
0
1
0
0.794088
0.999999
0
0
0
1
0
0.794088
0.999999
0
0
0
1
0
0.794088
0.999999
2
0
0
0
1
0
0.794088
0.999999
0
0
0
1
0
0.794088
0.999999
2
0
0
0
1
0
0.794088
0.999999
0
0
0
1
0
0.794088
0.999999
2
0
0
0
1
0
0.794088
0.999999
0
0
0
1
0
0.794088
0.999999
