30
0.346842
0.827451
0.756862
0.2
perk_pollinator
false
0.504827
kernel
cob
milho
colhido
espiga de milho
кукуруза
собранный
кукурузный поб
jagung
seperti-jagung
tongkol
maíz
parecido al maíz
mazorca de maíz
ข้าวโพด
เหมือนข้าวโพด
ซังข้าวโพด
colhida
собранная
parecida al maíz
M
M
F
собраннoe
false
?
?
?
?
?
11
torso
False
False
False
False
False
0.151
0.131
0.261002
0
0
0
-1
6
1
3
5
8
9
10
0
0
0
0
None
7
2
-0.69465
0
0
0.719339
0
0
0
-0.69465
0
0
0.719339
0
0
0
3
-0.69465
0
0
0.719339
0
0
0
-0.69465
0
0
0.719339
0
0
0
-0.69465
0
0
0.719339
0
0
0
3
-0.69465
0
0
0.719339
0
0
0
-0.69465
0
0
0.719339
0
0
0
-0.69465
0
0
0.719339
0
0
0
3
-0.69465
0
0
0.719339
0
0
0
-0.69465
0
0
0.719339
0
0
0
-0.69465
0
0
0.719339
0
0
0
2
-0.69465
0
0
0.719339
0
-0.06
0.3
-0.69465
0
0
0.719339
0
-0.06
0.3
2
-0.99813
0
0
0.061048
0
-0.4
-0.55999
-0.99813
0
0
0.061048
0
-0.42
-0.55999
2
-0.69465
0
0
0.719339
0
0
0
-0.69465
0
0
0.719339
0
0
0
neck
False
False
False
True
False
0.070999
0.071000
0.131
0
0
0.099999
0
1
2
0
0
0
0
None
7
2
0.008726
0
0
0.999961
-0.02271
-0.02104
1.000002
0.008726
0
0
0.999961
-0.02271
-0.02104
1.000002
3
0.008726
0
0
0.999961
-0.02271
-0.02104
1.000002
0.008726
0
0
0.999961
-0.02271
-0.02104
1.000002
0.008726
0
0
0.999961
-0.02271
-0.02104
1.000002
3
0.008726
0
0
0.999961
-0.02271
-0.02104
1.000002
0.008726
0
0
0.999961
-0.02271
-0.02104
1.000002
0.008726
0
0
0.999961
-0.02271
-0.02104
1.000002
3
0.008726
0
0
0.999961
-0.02271
-0.02104
1.000002
0.008726
0
0
0.999961
-0.02271
-0.02104
1.000002
0.008726
0
0
0.999961
-0.02271
-0.02104
1.000002
2
0.008726
0
0
0.999961
-0.02271
-0.02104
1.000002
0.008726
0
0
0.999961
-0.02271
-0.02104
1.000002
2
0.008726
0
0
0.999961
-0.02271
-0.02104
1.000002
0.008726
0
0
0.999961
-0.02271
-0.02104
1.000002
2
0.008726
0
0
0.999961
-0.02271
-0.02104
1.000002
0.008726
0
0
0.999961
-0.02271
-0.02104
1.000002
head
False
False
False
False
False
0.141
0.211
0.121
0
-0.02
0
1
3
4
6
7
0
0
0
0
None
7
2
0.008726
0
0
0.999961
0
0.166233
0.999999
0.008726
0
0
0.999961
0
0.166233
0.999999
3
0.008726
0
0
0.999961
0
0.166233
0.999999
0.008726
0
0
0.999961
0
0.166233
0.999999
0.008726
0
0
0.999961
0
0.166233
0.999999
3
0.008726
0
0
0.999961
0
0.166233
0.999999
0.008726
0
0
0.999961
0
0.166233
0.999999
0.008726
0
0
0.999961
0
0.166233
0.999999
3
0.008726
0
0
0.999961
0
0.166233
0.999999
0.008726
0
0
0.999961
0
0.166233
0.999999
0.008726
0
0
0.999961
0
0.166233
0.999999
2
0.008726
0
0
0.999961
0
0.166233
0.999999
0.008726
0
0
0.999961
0
0.166233
0.999999
2
-0.66913
0
0
0.743145
0
0.166233
0.999999
-0.66913
0
0
0.743145
0
0.166233
0.999999
2
0.008726
0
0
0.999961
0
0.166233
0.999999
0.008726
0
0
0.999961
0
0.166233
0.999999
tail
False
False
False
False
False
0.101
0.081000
0.041000
0
0
0.04
0
0
11
1
-2
0
None
7
2
-0.72786
0.021269
-0.03986
-0.68423
0.035806
-0.02017
-1
-0.72786
0.021269
-0.03986
-0.68423
0.035806
-0.02017
-1
3
-0.72786
0.021269
-0.03986
-0.68423
0.035806
-0.02017
-1
-0.72786
0.021269
-0.03986
-0.68423
0.035806
-0.02017
-1
-0.72786
0.021269
-0.03986
-0.68423
0.035806
-0.02017
-1
3
-0.72786
0.021269
-0.03986
-0.68423
0.035806
-0.02017
-1
-0.72786
0.021269
-0.03986
-0.68423
0.035806
-0.02017
-1
-0.72786
0.021269
-0.03986
-0.68423
0.035806
-0.02017
-1
3
-0.72786
0.021269
-0.03986
-0.68423
0.035806
-0.02017
-1
-0.72786
0.021269
-0.03986
-0.68423
0.035806
-0.02017
-1
-0.72786
0.021269
-0.03986
-0.68423
0.035806
-0.02017
-1
2
-0.52596
0.03086
-0.03299
-0.8493
0.035806
-0.02017
-1
-0.52596
0.03086
-0.03299
-0.8493
0.035806
-0.02017
-1
2
-0.07437
-0.01124
-0.04375
-0.9962
0.035806
-0.02017
-1
-0.07437
-0.01124
-0.04375
-0.9962
0.035806
-0.02017
-1
2
-0.72786
0.021269
-0.03986
-0.68423
0.035806
-0.02017
-1
-0.72786
0.021269
-0.03986
-0.68423
0.035806
-0.02017
-1
corntop
False
False
False
True
True
0.101
0.041
0.081
0
0
0
2
0
0
0
-5
0
None
7
2
0
0
0
1
0
1.000004
0.006945
0
0
0
1
0
1.000004
0.006945
3
0
0
0
1
0
1.000004
0.006945
0
0
0
1
0
1.000004
0.006945
0
0
0
1
0
1.000004
0.006945
3
0
0
0
1
0
1.000004
0.006945
0
0
0
1
0
1.000004
0.006945
0
0
0
1
0
1.000004
0.006945
3
0
0
0
1
0
1.000004
0.006945
0
0
0
1
0
1.000004
0.006945
0
0
0
1
0
1.000004
0.006945
2
0
0
0
1
0
1.000004
0.006945
0
0
0
1
0
1.000004
0.006945
2
0
0
0
1
0
1.000004
0.006945
0
0
0
1
0
1.000004
0.006945
2
0
0
0
1
0
1.000004
0.006945
0
0
0
1
0
1.000004
0.006945
kern3
False
False
False
True
False
0.041
0.011
0.031
0
0
-0.02
0
0
0
-1
8
0
None
7
2
0
0
0
1
-0.49232
-0.99999
0.298059
0
0
0
1
-0.49232
-0.99999
0.298059
3
0
0
0
1
-0.49232
-0.99999
0.298059
0
0
0
1
-0.49232
-0.99999
0.298059
0
0
0
1
-0.49232
-0.99999
0.298059
3
0
0
0
1
-0.49232
-0.99999
0.298059
0
0
0
1
-0.49232
-0.99999
0.298059
0
0
0
1
-0.49232
-0.99999
0.298059
3
0
0
0
1
-0.49232
-0.99999
0.298059
0
0
0
1
-0.49232
-0.99999
0.298059
0
0
0
1
-0.49232
-0.99999
0.298059
2
0
0
0
1
-0.49232
-0.99999
0.298059
0
0
0
1
-0.49232
-0.99999
0.298059
2
0
0
0
1
-0.49232
-0.99999
0.298059
0
0
0
1
-0.49232
-0.99999
0.298059
2
0
0
0
1
-0.49232
-0.99999
0.298059
0
0
0
1
-0.49232
-0.99999
0.298059
kern2234
False
False
False
True
False
0.031
0.031
0.011
0
0
0
2
0
0
-1
8
0
None
7
2
0
0
0
1
0.493547
0.662692
1
0
0
0
1
0.493547
0.662692
1
3
0
0
0
1
0.493547
0.662692
1
0
0
0
1
0.493547
0.662692
1
0
0
0
1
0.493547
0.662692
1
3
0
0
0
1
0.493547
0.662692
1
0
0
0
1
0.493547
0.662692
1
0
0
0
1
0.493547
0.662692
1
3
0
0
0
1
0.493547
0.662692
1
0
0
0
1
0.493547
0.662692
1
0
0
0
1
0.493547
0.662692
1
2
0
0
0
1
0.493547
0.662692
1
0
0
0
1
0.493547
0.662692
1
2
0
0
0
1
0.493547
0.662692
1
0
0
0
1
0.493547
0.662692
1
2
0
0
0
1
0.493547
0.662692
1
0
0
0
1
0.493547
0.662692
1
kerm24
False
False
False
True
False
0.021
0.031
0.031
0
0
0
2
0
0
-1
8
0
None
7
2
0
0
0
1
-1
-0.23171
0.34294
0
0
0
1
-1
-0.23171
0.34294
3
0
0
0
1
-1
-0.23171
0.34294
0
0
0
1
-1
-0.23171
0.34294
0
0
0
1
-1
-0.23171
0.34294
3
0
0
0
1
-1
-0.23171
0.34294
0
0
0
1
-1
-0.23171
0.34294
0
0
0
1
-1
-0.23171
0.34294
3
0
0
0
1
-1
-0.23171
0.34294
0
0
0
1
-1
-0.23171
0.34294
0
0
0
1
-1
-0.23171
0.34294
2
0
0
0
1
-1
-0.23171
0.34294
0
0
0
1
-1
-0.23171
0.34294
2
0
0
0
1
-1
-0.23171
0.34294
0
0
0
1
-1
-0.23171
0.34294
2
0
0
0
1
-1
-0.23171
0.34294
0
0
0
1
-1
-0.23171
0.34294
husk
False
True
False
True
False
0.031
0.301002
0.151002
-0.04
0
0
0
0
11
1
-2
0
None
7
2
-0.73353
-0.06955
-0.06425
0.673019
-1
0.049607
0.222101
-0.73353
-0.06955
-0.06425
0.673019
-1
0.049607
0.222101
3
-0.73353
-0.06955
-0.06425
0.673019
-1
0.049607
0.222101
-0.73353
-0.06955
-0.06425
0.673019
-1
0.049607
0.222101
-0.73353
-0.06955
-0.06425
0.673019
-1
0.049607
0.222101
3
-0.73353
-0.06955
-0.06425
0.673019
-1
0.049607
0.222101
-0.73353
-0.06955
-0.06425
0.673019
-1
0.049607
0.222101
-0.73353
-0.06955
-0.06425
0.673019
-1
0.049607
0.222101
3
-0.73353
-0.06955
-0.06425
0.673019
-1
0.049607
0.222101
-0.73353
-0.06955
-0.06425
0.673019
-1
0.049607
0.222101
-0.73353
-0.06955
-0.06425
0.673019
-1
0.049607
0.222101
2
-0.73353
-0.06955
-0.06425
0.673019
-1
0.049607
0.222101
-0.73353
-0.06955
-0.06425
0.673019
-1
0.049607
0.222101
2
-0.73353
-0.06955
-0.06425
0.673019
-1
0.049607
0.222101
-0.73353
-0.06955
-0.06425
0.673019
-1
0.049607
0.222101
2
-0.73353
-0.06955
-0.06425
0.673019
-1
0.049607
0.222101
-0.73353
-0.06955
-0.06425
0.673019
-1
0.049607
0.222101
huskfront
False
False
False
True
False
0.161
0.031
0.051
0
0
0
0
0
11
1
-2
0
None
7
2
0
0
0
1
0.013073
-1
-0.73028
0
0
0
1
0.013073
-1
-0.73028
3
0
0
0
1
0.013073
-1
-0.73028
0
0
0
1
0.013073
-1
-0.73028
0
0
0
1
0.013073
-1
-0.73028
3
0
0
0
1
0.013073
-1
-0.73028
0
0
0
1
0.013073
-1
-0.73028
0
0
0
1
0.013073
-1
-0.73028
3
0
0
0
1
0.013073
-1
-0.73028
0
0
0
1
0.013073
-1
-0.73028
0
0
0
1
0.013073
-1
-0.73028
2
0
0
0
1
0.013073
-1
-0.73028
0
0
0
1
0.013073
-1
-0.73028
2
0
0
0
1
0.013073
-1
-0.73028
0
0
0
1
0.013073
-1
-0.73028
2
0
0
0
1
0.013073
-1
-0.73028
0
0
0
1
0.013073
-1
-0.73028
huskback
False
False
False
True
False
0.131
0.031
0.061
0
0
0
0
0
11
1
-2
0
None
7
2
0
0
0
1
0.064151
1.000001
-0.7294
0
0
0
1
0.064151
1.000001
-0.7294
3
0
0
0
1
0.064151
1.000001
-0.7294
0
0
0
1
0.064151
1.000001
-0.7294
0
0
0
1
0.064151
1.000001
-0.7294
3
0
0
0
1
0.064151
1.000001
-0.7294
0
0
0
1
0.064151
1.000001
-0.7294
0
0
0
1
0.064151
1.000001
-0.7294
3
0
0
0
1
0.064151
1.000001
-0.7294
0
0
0
1
0.064151
1.000001
-0.7294
0
0
0
1
0.064151
1.000001
-0.7294
2
0
0
0
1
0.064151
1.000001
-0.7294
0
0
0
1
0.064151
1.000001
-0.7294
2
0
0
0
1
0.064151
1.000001
-0.7294
0
0
0
1
0.064151
1.000001
-0.7294
2
0
0
0
1
0.064151
1.000001
-0.7294
0
0
0
1
0.064151
1.000001
-0.7294
