30
0.778752
0.854902
0.8
0.788235
perk_healing_touch
false
0.434495
dairy
lard
vaca
leiteiro
banha
корова
молочный
сало
sapi
perah
lemak-babi
vaca
lechero
manteca de cerdo
วัว
นม
น้ำมันหมู
leiteiro
молочная
lechera
F
N
F
молочное
false
Fur
Uncooked Meat
Bones
?
?
19
torso
False
False
False
False
False
0.303163
0.303043
0.498887
0
0
0
-1
5
1
5
6
7
16
0
0
0
0
cowspots
7
2
-0.00872
0
0
0.999961
0
0
0
-0.00872
0
0
0.999961
0
0.02
0
3
0.034899
0
0
0.99939
0
-0.02
0
-0.05233
0
0
0.998629
0
-0.02
0
0.121869
0
0
0.992546
0
-0.02
0
3
-0.05226
0.052264
-0.00273
0.997261
0
0
0
-0.13917
0
0
0.990268
0
0
0
-0.0522
-0.06966
0.00365
0.996197
0
0
0
3
0.078459
0
0
0.996917
0
-0.16
-0.28
0.034899
0
0
0.99939
0
-0.08
0.2
-0.22495
0
0
0.97437
0
-0.08
0.2
2
-0.61566
0
0
0.78801
0
-0.09999
0.2
-0.64944
0
0
0.760405
0
-0.09999
0.2
2
-0.99996
0
0
-0.00872
0
0
-0.63999
-0.99996
0
0
-0.00872
0
-0.02
-0.63999
2
-0.30901
0
0
0.951056
0
0
0
-0.43051
0
0
0.902585
0
0
0
neck
False
False
False
True
False
0.110753
0.161898
0.171778
0
0
0.06
0
2
2
15
0
0
0
0
None
7
2
-0.3338
0
0
0.942641
0
0.156266
0.999998
-0.3746
0
0
0.927183
0
0.208626
1.000001
3
-0.3338
0
0
0.942641
0
0.156266
0.999998
-0.3338
0
0
0.942641
0
0.156266
0.999998
-0.3338
0
0
0.942641
0
0.156266
0.999998
3
-0.45399
0
0
0.891006
0
0.8219
1.000001
-0.45399
0
0
0.891006
0
0.8219
1.000001
-0.45399
0
0
0.891006
0
0.8219
1.000001
3
-0.16504
0
0
0.986285
0
0.492597
1.000002
-0.03489
0
0
0.99939
0
0.3878
1.000005
-0.3746
0
0
0.927183
0
0.3878
1.000005
2
-0.3338
0
0
0.942641
0
-0.41593
0.999999
-0.3338
0
0
0.942641
0
-0.41593
0.999999
2
0.182235
0
0
0.983254
0
0.156266
0.999998
0.182235
0
0
0.983254
0
0.156266
0.999998
2
0.052335
0
0
0.998629
0
0.135929
0.999999
0.182235
0
0
0.983255
0
-0.37173
1.000001
head
False
False
False
False
False
0.194428
0.165693
0.111898
0
-0.08
0.099999
1
4
3
4
12
13
0
0
0
0
cowfacespots
7
2
0.061048
0
0
0.998134
0
0.721394
1.000008
0.061048
0
0
0.998134
0
0.721394
1.000008
3
0.061048
0
0
0.998134
0
0.721394
1.000008
0.061048
0
0
0.998134
0
0.721394
1.000008
0.061048
0
0
0.998134
0
0.721394
1.000008
3
0.061048
0
0
0.998134
0
-0.24383
0.999997
0.061048
0
0
0.998134
0
-0.24383
0.999997
0.061048
0
0
0.998134
0
-0.24383
0.999997
3
0.688354
0
0
0.725374
0
-0.24383
0.999997
0.551937
0
0
0.833885
0
-0.24383
0.999997
-0.19936
0
0
0.979924
0
-0.24383
0.999997
2
0.147809
0
0
0.989015
0
0.721394
1.000008
0.147809
0
0
0.989015
0
0.721394
1.000008
2
-0.83388
0
0
0.551937
0
0.721394
1.000008
-0.83388
0
0
0.551937
0
0.721394
1.000008
2
0.061048
0
0
0.998134
0
-0.24383
0.999997
0.061048
0
0
0.998134
0
-0.24383
0.999997
snout
False
False
False
True
False
0.143283
0.102018
0.101898
0
0
0.04
2
1
14
0
7
0
0
pigSnout
7
2
0.130462
-0.00239
0
0.99145
0.026194
-0.24587
1.000003
0.130462
-0.00239
0
0.99145
0.026194
-0.24587
1.000003
3
0.130462
-0.00239
0
0.99145
0.026194
-0.24587
1.000003
0.130462
-0.00239
0
0.99145
0.026194
-0.24587
1.000003
0.130462
-0.00239
0
0.99145
0.026194
-0.24587
1.000003
3
0.087092
-0.00237
0
0.996197
0.026195
-0.48949
1.000004
0.087092
-0.00237
0
0.996197
0.026195
-0.48949
1.000004
0.087092
-0.00237
0
0.996197
0.026195
-0.48949
1.000004
3
0.087092
-0.00237
0
0.996197
0.026195
-0.48949
1.000004
0.087092
-0.00237
0
0.996197
0.026195
-0.48949
1.000004
0.087092
-0.00237
0
0.996197
0.026195
-0.48949
1.000004
2
0.130462
-0.00239
0
0.99145
0.026194
-0.24587
1.000003
0.130462
-0.00239
0
0.99145
0.026194
-0.24587
1.000003
2
0.130462
-0.00239
0
0.99145
0.026194
-0.24587
1.000003
0.130462
-0.00239
0
0.99145
0.026194
-0.24587
1.000003
2
0.087092
-0.00237
0
0.996197
0.026195
-0.48949
1.000004
0.087092
-0.00237
0
0.996197
0.026195
-0.48949
1.000004
eyes
True
True
False
True
False
0.052409
0.052409
0.043674
0
0
0.01
2
0
0
0
0
0
DerpyEye
7
2
-0.03371
-0.25866
0.009032
0.965337
-0.97625
0.141823
1.000006
-0.03371
-0.25866
0.009032
0.965337
-0.97625
0.141823
1.000006
3
-0.03371
-0.25866
0.009032
0.965337
-0.97625
0.141823
1.000006
-0.03371
-0.25866
0.009032
0.965337
-0.97625
0.141823
1.000006
-0.03371
-0.25866
0.009032
0.965337
-0.97625
0.141823
1.000006
3
-0.03371
-0.25866
0.009032
0.965337
-0.97625
0.141823
1.000006
-0.03371
-0.25866
0.009032
0.965337
-0.97625
0.141823
1.000006
-0.03371
-0.25866
0.009032
0.965337
-0.97625
0.141823
1.000006
3
-0.03371
-0.25866
0.009032
0.965337
-0.97625
0.141823
1.000006
-0.03371
-0.25866
0.009032
0.965337
-0.97625
0.141823
1.000006
-0.03371
-0.25866
0.009032
0.965337
-0.97625
0.141823
1.000006
2
-0.03371
-0.25866
0.009032
0.965337
-0.97625
0.141823
1.000006
-0.03371
-0.25866
0.009032
0.965337
-0.97625
0.141823
1.000006
2
-0.03371
-0.25866
0.009032
0.965337
-0.97625
0.141823
1.000006
-0.03371
-0.25866
0.009032
0.965337
-0.97625
0.141823
1.000006
2
-0.03371
-0.25866
0.009032
0.965337
-0.97625
0.141823
1.000006
-0.03371
-0.25866
0.009032
0.965337
-0.97625
0.141823
1.000006
shoulder
False
True
True
False
False
0.062018
0.058222
0.156838
0
0
-0.06
0
1
8
0
0
0
0
None
7
2
-0.66198
-0.03266
0.028903
0.748243
-0.56808
-1
0.640276
-0.66198
-0.03266
0.028903
0.748243
-0.56808
-1
0.640276
3
-0.75399
-0.03616
0.024391
0.655434
-0.56808
-1
0.640276
-0.87798
-0.04058
0.015986
0.476704
-0.67663
-1
0.845581
-0.44577
-0.02407
0.036373
0.894082
-0.56808
-1
0.640276
3
-0.62462
0.09471
-0.07669
0.771353
-0.79458
-1
0.625583
-0.62932
0
0
0.777146
-0.99999
-0.64137
0.553072
-0.62462
-0.09471
0.076694
0.771353
-0.59636
-1
0.479905
3
-0.241
0.038206
-0.07833
0.966603
-1
-0.77193
0.412545
-0.47744
0.151876
-0.08418
0.861332
-0.79458
-1
0.625583
-0.47744
0.151876
-0.08418
0.861332
-0.79458
-1
0.625583
2
-0.66009
-0.06527
0.057751
0.746105
-0.80299
-1
0.539449
-0.66009
-0.06527
0.057751
0.746105
-0.80299
-1
0.539449
2
-0.74824
0.028903
0.032669
-0.66198
-0.56808
-1
0.640276
-0.74824
0.028903
0.032669
-0.66198
-0.56808
-1
0.640276
2
-0.77418
0.054848
0.067732
-0.62692
-1
-0.17127
0.787311
-0.54983
0.031942
0.081091
-0.83071
-1
0.411077
0.620383
hip
False
True
True
False
False
0.054548
0.094428
0.211778
0.04
0
-0.02
0
1
10
0
0
0
0
None
7
2
-0.72468
-0.03266
0.028903
0.687699
-0.9831
-1
-0.82708
-0.72468
-0.03266
0.028903
0.687699
-0.9831
-1
-0.82708
3
-0.66198
-0.03002
0.03164
0.748242
-0.9831
-1
-0.82708
-0.48434
-0.02246
0.037389
0.873787
-0.9831
-1
-0.82708
-0.83309
-0.03719
0.022791
0.551411
-0.80654
-0.99999
-0.67854
3
-0.5523
0.12969
-0.08747
0.81883
-1
-0.51937
-0.71837
-0.55919
0
0
0.829037
-1
-0.51937
-0.71837
-0.5693
-0.09982
0.069901
0.813046
-1
-0.51937
-0.71837
3
-0.55919
0
0
0.829037
-1
-0.51937
-0.71837
-0.36615
-0.03266
0.028903
0.929532
-0.99999
-0.92978
-0.71833
-0.36615
-0.03266
0.028903
0.929532
-0.99999
-0.92978
-0.71833
2
-0.99718
-0.0436
0.001141
0.06099
-0.99999
-0.30931
-0.93432
-0.99718
-0.0436
0.001141
0.06099
-0.99999
-0.30931
-0.93432
2
-0.68769
0.028903
0.032669
-0.72468
-0.9831
-1
-0.82708
-0.68769
0.028903
0.032669
-0.72468
-0.9831
-1
-0.82708
2
-0.55919
0
0
0.829037
-1
-0.51937
-0.71837
-0.55919
0
0
0.829037
-1
-0.51937
-0.71837
tail
False
False
False
False
False
0.024548
0.020753
0.193043
0
0
0.04
0
0
0
0
-14
0
None
7
2
-0.73135
0
0
-0.68199
0.035806
0.358914
-1
-0.73135
0
0
-0.68199
0.035806
0.358914
-1
3
-0.73135
0
0
-0.68199
0.035806
0.358914
-1
-0.73135
0
0
-0.68199
0.035806
0.358914
-1
-0.73135
0
0
-0.68199
0.035806
0.358914
-1
3
-0.78801
0
0
-0.61566
0.035806
0.519456
-0.99999
-0.78801
0
0
-0.61566
0.035806
0.519456
-0.99999
-0.78801
0
0
-0.61566
0.035806
0.519456
-0.99999
3
-0.78801
0
0
-0.61566
0.035806
0.519456
-0.99999
-0.78801
0
0
-0.61566
0.035806
0.519456
-0.99999
-0.78801
0
0
-0.61566
0.035806
0.519456
-0.99999
2
-0.73135
0
0
-0.68199
0.035806
0.358914
-1
-0.73135
0
0
-0.68199
0.035806
0.358914
-1
2
0.681998
0
0
-0.73135
0.035806
0.358914
-1
0.681998
0
0
-0.73135
0.035806
0.358914
-1
2
-0.78801
0
0
-0.61566
0.035806
0.519456
-0.99999
-0.78801
0
0
-0.61566
0.035806
0.519456
-0.99999
arm
False
False
True
False
False
0.045813
0.044548
0.086838
0
0
-0.08
5
1
9
0
0
-5
0
None
7
2
-0.66658
-0.05944
0.063741
0.740317
-0.02016
-0.15904
-1
-0.66658
-0.05944
0.063741
0.740317
-0.02016
-0.15904
-1
3
-0.75751
-0.06725
0.055437
0.646976
-0.02016
-0.15904
-1
-0.917
-0.0808
0.032649
0.389244
-0.02016
-0.15904
-1
-0.49054
-0.04423
0.075095
0.867043
-0.02016
-0.15904
-1
3
-0.72857
0.05944
-0.06374
0.679403
-0.19783
-0.55619
-0.99999
-0.58778
0
0
0.809016
-0.19783
-0.55619
-0.99999
-0.72234
-0.10668
0.114408
0.673601
-0.19783
-0.55619
-0.99999
3
-0.88294
0
0
0.469471
-0.19783
-0.55619
-0.99999
-0.90258
0
0
0.430511
-0.19783
-0.55619
-0.99999
-0.90258
0
0
0.430511
-0.19783
-0.55619
-0.99999
2
-0.66658
-0.05944
0.063741
0.740317
-0.02016
-0.15904
-1
-0.66658
-0.05944
0.063741
0.740317
-0.02016
-0.15904
-1
2
-0.74031
0.063741
0.05944
-0.66658
-0.02016
-0.15904
-1
-0.74031
0.063741
0.05944
-0.66658
-0.02016
-0.15904
-1
2
-0.61331
0.068679
0.053658
-0.78501
-0.19783
-0.55619
-0.99999
-0.38924
0.052451
0.069605
-0.917
-0.19783
-0.55619
-0.99999
hand
False
False
True
False
False
0.064548
0.034548
0.054548
0
-0.02
0
8
0
5
15
-9
0
None
7
2
-0.0174
-0.06923
-0.0085
0.997412
0.044294
-0.16366
-0.99998
-0.0174
-0.06923
-0.0085
0.997412
0.044294
-0.16366
-0.99998
3
-0.0174
-0.06923
-0.0085
0.997412
0.044294
-0.16366
-0.99998
-0.0174
-0.06923
-0.0085
0.997412
0.044294
-0.16366
-0.99998
-0.0174
-0.06923
-0.0085
0.997412
0.044294
-0.16366
-0.99998
3
-0.0174
-0.06923
-0.0085
0.997412
0.204793
-0.27773
-1
0.104273
-0.06975
0
0.992099
0.204793
-0.27773
-1
-0.0174
-0.06923
-0.0085
0.997412
0.204793
-0.27773
-1
3
-0.0174
-0.06923
-0.0085
0.997412
0.204793
-0.27773
-1
-0.0174
-0.06923
-0.0085
0.997412
0.204793
-0.27773
-1
-0.0174
-0.06923
-0.0085
0.997412
0.204793
-0.27773
-1
2
-0.0174
-0.06923
-0.0085
0.997412
0.044294
-0.16366
-0.99998
-0.0174
-0.06923
-0.0085
0.997412
0.044294
-0.16366
-0.99998
2
-0.99741
-0.0085
0.069236
-0.0174
0.044294
-0.16366
-0.99998
-0.99741
-0.0085
0.069236
-0.0174
0.044294
-0.16366
-0.99998
2
-0.99209
0.014503
-0.06823
-0.10427
0.204793
-0.27773
-1
-0.99209
0.014503
-0.06823
-0.10427
0.204793
-0.27773
-1
leg
False
False
True
False
False
0.055813
0.034548
0.100512
0
0
-0.1
6
1
11
0
0
-5
0
None
7
2
-0.72261
-0.06527
0.057751
0.685735
-0.08563
-0.06555
-1
-0.72261
-0.06527
0.057751
0.685735
-0.08563
-0.06555
-1
3
-0.77963
-0.07006
0.051842
0.620145
-0.08565
0.433034
-0.99999
-0.52051
-0.0481
0.072677
0.849395
-0.08563
-0.06555
-1
-0.8539
-0.07622
0.042253
0.513078
-0.08563
-0.06555
-1
3
-0.6841
0.124912
-0.12062
0.708411
-0.08563
0.345932
-1
-0.54463
0
0
0.83867
-0.08563
0.345932
-1
-0.6841
-0.12491
0.120626
0.708411
-0.08563
0.345932
-1
3
-0.69465
0
0
0.719339
-0.08563
0.345932
-1
-0.52249
0
0
0.85264
-0.08563
0.345932
-1
-0.52249
0
0
0.85264
-0.08563
0.345932
-1
2
-0.99433
-0.08712
0.002281
0.060816
-0.08563
-0.06555
-1
-0.99433
-0.08712
0.002281
0.060816
-0.08563
-0.06555
-1
2
-0.68573
0.057751
0.065275
-0.72261
-0.08563
-0.06555
-1
-0.68573
0.057751
0.065275
-0.72261
-0.08563
-0.06555
-1
2
-0.69465
0
0
0.719339
-0.08563
0.345932
-1
-0.69465
0
0
0.719339
-0.08563
0.345932
-1
foot
False
False
True
False
False
0.065813
0.045813
0.054548
0
0
0
10
0
5
15
-9
0
None
7
2
0
0
0
1
-0.07332
0
-0.99999
0
0
0
1
-0.07332
0
-0.99999
3
0
0
0
1
-0.07332
0
-0.99999
0
0
0
1
-0.07332
0
-0.99999
0
0
0
1
-0.07332
0
-0.99999
3
0
0
0
1
-0.07332
0
-0.99999
0
0
0
1
-0.07332
0
-0.99999
0
0
0
1
-0.07332
0
-0.99999
3
0
0
0
1
-0.07332
0
-0.99999
0
0
0
1
-0.07332
0
-0.99999
0
0
0
1
-0.07332
0
-0.99999
2
-0.60876
0
0
0.793353
-0.07332
0
-0.99999
-0.60876
0
0
0.793353
-0.07332
0
-0.99999
2
-1
0
0
0
-0.07332
0
-0.99999
-1
0
0
0
-0.07332
0
-0.99999
2
0
0
0
1
-0.07332
0
-0.99999
0
0
0
1
-0.07332
0
-0.99999
ear
False
True
False
True
False
0.078223
0.065813
0.038343
-0.04
0
-0.02
2
0
0
0
-9
0
None
7
2
0.044766
-0.05498
-0.09149
0.993277
-0.99999
0.367311
-0.52812
0.044766
-0.05498
-0.09149
0.993277
-0.99999
0.367311
-0.52812
3
0.044766
-0.05498
-0.09149
0.993277
-0.99999
0.367311
-0.52812
0.044766
-0.05498
-0.09149
0.993277
-0.99999
0.367311
-0.52812
0.044766
-0.05498
-0.09149
0.993277
-0.99999
0.367311
-0.52812
3
-0.06269
-0.06054
-0.69201
0.716602
-0.67398
0.999998
-0.47285
-0.06269
-0.06054
-0.69201
0.716602
-0.67398
0.999998
-0.47285
-0.06269
-0.06054
-0.69201
0.716602
-0.67398
0.999998
-0.47285
3
-0.06269
-0.06054
-0.69201
0.716602
-0.67398
0.999998
-0.47285
-0.06269
-0.06054
-0.69201
0.716602
-0.67398
0.999998
-0.47285
-0.06269
-0.06054
-0.69201
0.716602
-0.67398
0.999998
-0.47285
2
0.044766
-0.05498
-0.09149
0.993277
-0.99999
0.367311
-0.52812
0.044766
-0.05498
-0.09149
0.993277
-0.99999
0.367311
-0.52812
2
0.044766
-0.05498
-0.09149
0.993277
-0.99999
0.367311
-0.52812
0.044766
-0.05498
-0.09149
0.993277
-0.99999
0.367311
-0.52812
2
-0.06269
-0.06054
-0.69201
0.716602
-0.67398
0.999998
-0.47285
-0.06269
-0.06054
-0.69201
0.716602
-0.67398
0.999998
-0.47285
headcrest
False
False
False
True
True
0.141
0.031
0.101
0
0.02
0
2
0
0
3
-3
0
None
7
2
0
0
0
1
0
1.000004
-0.04386
0
0
0
1
0
1.000004
-0.04386
3
0
0
0
1
0
1.000004
-0.04386
0
0
0
1
0
1.000004
-0.04386
0
0
0
1
0
1.000004
-0.04386
3
0
0
0
1
0
1.000004
-0.04386
0
0
0
1
0
1.000004
-0.04386
0
0
0
1
0
1.000004
-0.04386
3
0
0
0
1
0
1.000004
-0.04386
0
0
0
1
0
1.000004
-0.04386
0
0
0
1
0
1.000004
-0.04386
2
0
0
0
1
0
1.000004
-0.04386
0
0
0
1
0
1.000004
-0.04386
2
0
0
0
1
0
1.000004
-0.04386
0
0
0
1
0
1.000004
-0.04386
2
0
0
0
1
0
1.000004
-0.04386
0
0
0
1
0
1.000004
-0.04386
mouth
True
False
False
True
False
0.16
0.099999
0.05
0
0
0.01
3
0
0
0
0
0
CowMouth
7
2
0
0
0
1
0
-0.57435
1.000001
0
0
0
1
0
-0.57435
1.000001
3
0
0
0
1
0
-0.57435
1.000001
0
0
0
1
0
-0.57435
1.000001
0
0
0
1
0
-0.57435
1.000001
3
0
0
0
1
0
-0.57435
1.000001
0
0
0
1
0
-0.57435
1.000001
0
0
0
1
0
-0.57435
1.000001
3
0
0
0
1
0
-0.57435
1.000001
0
0
0
1
0
-0.57435
1.000001
0
0
0
1
0
-0.57435
1.000001
2
0
0
0
1
0
-0.57435
1.000001
0
0
0
1
0
-0.57435
1.000001
2
0
0
0
1
0
-0.57435
1.000001
0
0
0
1
0
-0.57435
1.000001
2
0
0
0
1
0
-0.57435
1.000001
0
0
0
1
0
-0.57435
1.000001
cowbell
False
False
False
False
False
0.061
0.081
0.031
0
-0.08
0
1
0
14
24
-2
0
None
7
2
-0.12364
0.048893
0.128391
0.98277
0.616561
-1
-0.81853
-0.09199
0.031716
-0.13367
0.986235
-0.24283
-0.94039
-0.99999
3
-0.12364
0.048893
0.128391
0.98277
0.616561
-1
-0.81853
-0.12364
0.048893
0.128391
0.98277
0.616561
-1
-0.81853
-0.12364
0.048893
0.128391
0.98277
0.616561
-1
-0.81853
3
-0.12364
0.048893
0.128391
0.98277
0.616561
-1
-0.81853
-0.12364
0.048893
0.128391
0.98277
0.616561
-1
-0.81853
-0.12364
0.048893
0.128391
0.98277
0.616561
-1
-0.81853
3
-0.12364
0.048893
0.128391
0.98277
0.616561
-1
-0.81853
-0.12364
0.048893
0.128391
0.98277
0.616561
-1
-0.81853
-0.12364
0.048893
0.128391
0.98277
0.616561
-1
-0.81853
2
-0.12364
0.048893
0.128391
0.98277
0.616561
-1
-0.81853
-0.12364
0.048893
0.128391
0.98277
0.616561
-1
-0.81853
2
-0.98277
0.128391
-0.04889
-0.12364
0.616561
-1
-0.81853
-0.98277
0.128391
-0.04889
-0.12364
0.616561
-1
-0.81853
2
-0.12364
0.048893
0.128391
0.98277
0.616561
-1
-0.81853
-0.12364
0.048893
0.128391
0.98277
0.616561
-1
-0.81853
udder
False
False
False
True
False
0.141
0.111
0.151
0
0
0
0
2
17
18
0
7
0
0
None
7
2
0
0
0
1
0
-1
-0.2259
0
0
0
1
0
-1
-0.2259
3
0
0
0
1
0
-1
-0.2259
0
0
0
1
0
-1
-0.2259
0
0
0
1
0
-1
-0.2259
3
0
0
0
1
0
-1
-0.2259
0
0
0
1
0
-1
-0.2259
0
0
0
1
0
-1
-0.2259
3
0
0
0
1
0
-1
-0.2259
0
0
0
1
0
-1
-0.2259
0
0
0
1
0
-1
-0.2259
2
0
0
0
1
0
-1
-0.2259
0
0
0
1
0
-1
-0.2259
2
0
0
0
1
0
-1
-0.2259
0
0
0
1
0
-1
-0.2259
2
0
0
0
1
0
-1
-0.2259
0
0
0
1
0
-1
-0.2259
uddernip1
False
True
False
True
False
0.041
0.111
0.041
0
0
0
16
0
0
12
-2
0
None
7
2
0
0
0
1
0.592569
-0.99999
0.534342
0
0
0
1
0.592569
-0.99999
0.534342
3
0
0
0
1
0.592569
-0.99999
0.534342
0
0
0
1
0.592569
-0.99999
0.534342
0
0
0
1
0.592569
-0.99999
0.534342
3
0
0
0
1
0.592569
-0.99999
0.534342
0
0
0
1
0.592569
-0.99999
0.534342
0
0
0
1
0.592569
-0.99999
0.534342
3
0
0
0
1
0.592569
-0.99999
0.534342
0
0
0
1
0.592569
-0.99999
0.534342
0
0
0
1
0.592569
-0.99999
0.534342
2
0
0
0
1
0.592569
-0.99999
0.534342
0
0
0
1
0.592569
-0.99999
0.534342
2
0
0
0
1
0.592569
-0.99999
0.534342
0
0
0
1
0.592569
-0.99999
0.534342
2
0
0
0
1
0.592569
-0.99999
0.534342
0
0
0
1
0.592569
-0.99999
0.534342
uddernip2
False
True
False
True
False
0.080999
0.071
0.041
0
-0.04
0
16
0
0
12
-2
0
None
7
2
0
0
0
1
-0.22759
-0.99999
-0.50067
0
0
0
1
-0.22759
-0.99999
-0.50067
3
0
0
0
1
-0.22759
-0.99999
-0.50067
0
0
0
1
-0.22759
-0.99999
-0.50067
0
0
0
1
-0.22759
-0.99999
-0.50067
3
0
0
0
1
-0.22759
-0.99999
-0.50067
0
0
0
1
-0.22759
-0.99999
-0.50067
0
0
0
1
-0.22759
-0.99999
-0.50067
3
0
0
0
1
-0.22759
-0.99999
-0.50067
0
0
0
1
-0.22759
-0.99999
-0.50067
0
0
0
1
-0.22759
-0.99999
-0.50067
2
0
0
0
1
-0.22759
-0.99999
-0.50067
0
0
0
1
-0.22759
-0.99999
-0.50067
2
0
0
0
1
-0.22759
-0.99999
-0.50067
0
0
0
1
-0.22759
-0.99999
-0.50067
2
0
0
0
1
-0.22759
-0.99999
-0.50067
0
0
0
1
-0.22759
-0.99999
-0.50067
