30
0.179856
0.831372
0.454902
0.180392
perk_defensive_shell
false
0.316741
beach
snapper
caranguejo
praia
agarrador
краб
пляж
рвач
kepiting
pantai
mencolek
cangrejo
playa
garra
ปู
ชายหาด
แทง
praia
пляж
playa
M
M
F
пляж
false
Bug Meat
?
?
?
?
17
torso
False
False
False
False
False
0.341
0.141
0.231
0
0
0
-1
4
1
4
5
12
0
0
0
0
None
7
2
0.034899
0
0
0.99939
0
0
0
0.087155
0
0
0.996194
0
0.04
0
3
0.121869
0
0
0.992546
0
0
0
-0.03489
0
0
0.99939
0
0
0
0.034899
0
0
0.99939
0
0
0
3
0.034766
0.087102
0.003041
0.995587
0
0
0
-0.05233
0
0
0.998629
0
0
0
0.034814
-0.06971
-0.00243
0.996956
0
0
0
3
0.165047
0
0
0.986285
0
-0.04
-0.18
0.034899
0
0
0.99939
0
0
0.22
0.078459
0
0
0.996917
0
-0.02
0.22
2
-0.39073
0
0
0.920504
0
0.24
0.34
-0.43051
0
0
0.902585
0
0.24
0.34
2
-0.99939
0
0
0.034899
0
-0.48
-0.43999
-0.99939
0
0
0.034899
0
-0.5
-0.41999
2
-0.13917
0
0
0.990268
0
0
0
-0.30901
0
0
0.951056
0
0
0
neck
False
False
False
True
False
0.080999
0.051
0.061
0
0
0
0
1
2
0
0
0
0
None
7
2
0
0
0
1
0
0.030993
0.999995
0
0
0
1
0
0.030993
0.999995
3
0
0
0
1
0
0.030993
0.999995
0
0
0
1
0
0.030993
0.999995
0
0
0
1
0
0.030993
0.999995
3
0
0
0
1
0
0.030993
0.999995
0
0
0
1
0
0.030993
0.999995
0
0
0
1
0
0.030993
0.999995
3
0
0
0
1
0
0.030993
0.999995
0
0
0
1
0
0.030993
0.999995
0
0
0
1
0
0.030993
0.999995
2
0.382683
0
0
0.923879
0
-0.33977
1
0.382683
0
0
0.923879
0
-0.33977
1
2
0
0
0
1
0
0.030993
0.999995
0
0
0
1
0
0.030993
0.999995
2
0
0
0
1
0
0.030993
0.999995
0
0
0
1
0
0.030993
0.999995
head
False
False
False
False
False
0.241
0.081
0.051
0
0
-0.04
1
2
3
15
0
0
0
0
None
7
2
0
0
0
1
0
0.29258
1.000019
0
0
0
1
0
0.29258
1.000019
3
0
0
0
1
0
0.29258
1.000019
0
0
0
1
0
0.29258
1.000019
0
0
0
1
0
0.29258
1.000019
3
0
0
0
1
0
0.29258
1.000019
0
0
0
1
0
0.29258
1.000019
0
0
0
1
0
0.29258
1.000019
3
0
0
0
1
0
0.29258
1.000019
0
0
0
1
0
0.29258
1.000019
0
0
0
1
0
0.29258
1.000019
2
0
0
0
1
0
0.29258
1.000019
0
0
0
1
0
0.29258
1.000019
2
-1
0
0
0
0
0.29258
1.000019
-1
0
0
0
0
0.29258
1.000019
2
0
0
0
1
0
0.29258
1.000019
0
0
0
1
0
0.29258
1.000019
eyes
True
True
False
True
False
0.14
0.09
0.05
0
0
0.01
2
0
0
0
0
0
NinjaEye
7
2
0
0
0
1
-0.79998
0.208186
1.000003
0
0
0
1
-0.79998
0.208186
1.000003
3
0
0
0
1
-0.79998
0.208186
1.000003
0
0
0
1
-0.79998
0.208186
1.000003
0
0
0
1
-0.79998
0.208186
1.000003
3
0
0
0
1
-0.79998
0.208186
1.000003
0
0
0
1
-0.79998
0.208186
1.000003
0
0
0
1
-0.79998
0.208186
1.000003
3
0
0
0
1
-0.79998
0.208186
1.000003
0
0
0
1
-0.79998
0.208186
1.000003
0
0
0
1
-0.79998
0.208186
1.000003
2
0
0
0
1
-0.79998
0.208186
1.000003
0
0
0
1
-0.79998
0.208186
1.000003
2
0
0
0
1
-0.79998
0.208186
1.000003
0
0
0
1
-0.79998
0.208186
1.000003
2
0
0
0
1
-0.79998
0.208186
1.000003
0
0
0
1
-0.79998
0.208186
1.000003
shoulder
False
True
True
False
False
0.081000
0.091
0.091000
0
0
-0.02
0
1
6
0
0
0
0
None
7
2
-0.57221
0.398674
-0.37107
0.613128
-1
0.209882
0.596687
-0.57221
0.398674
-0.37107
0.613128
-0.99999
0.171853
0.561002
3
-0.57221
0.398674
-0.37107
0.613128
-0.99999
0.051997
0.341035
-0.57221
0.398674
-0.37107
0.613128
-0.99999
0.209013
0.578755
-0.57221
0.398674
-0.37107
0.613128
-0.99999
-0.13205
0.733051
3
-0.54493
0.440473
-0.41009
0.583824
-0.99999
0.136143
0.578777
-0.56565
0.409314
-0.381
0.606077
-0.99999
0.3852
0.596687
-0.57221
0.398674
-0.37107
0.613128
-0.99999
0.100213
0.596689
3
-0.5166
0.364815
-0.40441
0.660667
-1
0.209882
0.596687
-0.8123
0.489226
-0.13513
0.287316
-0.82442
0.216703
1
-0.85524
0.506879
-0.02604
0.104689
-0.85438
0.22143
1.000002
2
-0.57221
0.398674
-0.37107
0.613128
-1
0.209882
0.596687
-0.57221
0.398674
-0.37107
0.613128
-1
0.209882
0.596687
2
-0.61312
-0.37107
-0.39867
-0.57221
-1
0.209882
0.596687
-0.61312
-0.37107
-0.39867
-0.57221
-1
0.209882
0.596687
2
-0.14222
0.715452
-0.66701
0.151641
-1
0.507066
0.596687
-0.05497
0.634623
-0.76238
0.114031
-0.85564
0.999996
0.343397
hip
False
True
True
False
False
0.061000
0.061000
0.141
0
0
0
0
1
8
0
0
0
0
None
7
2
-0.25539
0.438381
-0.72264
0.469443
-0.94974
0.672315
-0.99999
-0.36047
0.381834
-0.67124
0.523147
-0.99999
0.439815
-0.98445
3
-0.28752
0.487723
-0.6903
0.450484
-1
0.292073
-0.43726
-0.37354
0.649307
-0.55343
0.36411
-0.99999
-0.02653
-0.49388
-0.25539
0.438381
-0.72264
0.469443
-0.99999
0.180999
-0.94768
3
-0.38859
0.340753
-0.66063
0.544465
-0.99999
0.198534
-0.90457
-0.21722
0.462349
-0.73502
0.445857
-0.94973
0.830552
-0.99999
-0.22338
0.289601
-0.7577
0.540478
-0.94973
0.30668
-1
3
-0.25539
0.438381
-0.72264
0.469443
-0.94974
0.672315
-0.99999
-0.10241
0.200788
-0.82102
0.524515
-0.88927
0.564973
-1
-0.10241
0.200788
-0.82102
0.524515
-0.88927
0.564973
-1
2
-0.25539
0.438381
-0.72264
0.469443
-0.94974
0.672315
-0.99999
-0.25539
0.438381
-0.72264
0.469443
-0.94974
0.672315
-0.99999
2
-0.46944
-0.72264
-0.43838
-0.25539
-0.94974
0.672315
-0.99999
-0.46944
-0.72264
-0.43838
-0.25539
-0.94974
0.672315
-0.99999
2
-0.25539
0.438381
-0.72264
0.469443
-0.94974
0.672315
-0.99999
-0.25539
0.438381
-0.72264
0.469443
-0.94974
0.672315
-0.99999
arm
False
False
True
False
False
0.031
0.041000
0.061000
0
0
-0.08
4
1
7
0
0
0
0
None
7
2
-0.99513
0.004865
-0.06958
0.069586
-0.44363
0
-1
-0.95892
0.028372
-0.06372
-0.27496
-0.44363
0
-1
3
-0.99619
0.01331
-0.06847
-0.0522
-0.44363
0
-1
-0.9824
0.021555
-0.06634
-0.17322
-0.44363
0
-1
-0.97576
0.023858
-0.06554
-0.2074
-0.44363
0
-1
3
-0.99513
0.004865
-0.06958
0.069586
-0.44363
0
-1
-0.99513
0.004865
-0.06958
0.069586
-0.44363
0
-1
-0.99513
0.004865
-0.06958
0.069586
-0.44363
0
-1
3
-0.76709
0.088511
-0.62226
0.128529
-0.44363
0
-1
-0.95537
0.091127
0.270927
-0.07455
-0.44363
0
-1
-0.98981
0.133724
0.043512
0.022375
-0.44373
0.220659
-0.99998
2
-0.99513
0.004865
-0.06958
0.069586
-0.44363
0
-1
-0.99513
0.004865
-0.06958
0.069586
-0.44363
0
-1
2
-0.06958
-0.06958
-0.00486
-0.99513
-0.44363
0
-1
-0.06958
-0.06958
-0.00486
-0.99513
-0.44363
0
-1
2
-0.62448
0.193505
0.073632
-0.75309
-0.44363
0
-1
-0.48422
0.177779
0.106116
-0.85009
-0.39889
0
-0.99998
hand
False
False
True
False
False
0.041
0.111
0.091
0
-0.02
0.06
6
2
10
11
0
0
0
0
None
7
2
0
-0.13917
0
0.990268
0.420371
-0.2989
-0.99999
-0.35488
-0.12992
-0.04987
0.924494
0.420371
-0.2989
-0.99999
3
-0.35488
-0.12992
-0.04987
0.924494
0.420371
-0.2989
-0.99999
-0.33869
-0.13078
-0.0476
0.930547
0.420371
-0.2989
-0.99999
-0.306
-0.13236
-0.043
0.9418
0.420371
-0.2989
-0.99999
3
0
-0.13917
0
0.990268
0.420371
-0.2989
-0.99999
0
-0.13917
0
0.990268
0.420371
-0.2989
-0.99999
0
-0.13917
0
0.990268
0.420371
-0.2989
-0.99999
3
0
-0.61566
0
0.78801
0.420371
-0.2989
-0.99999
0
0.078459
0
0.996917
0.420371
-0.2989
-0.99999
0
0.078459
0
0.996917
0.420371
-0.2989
-0.99999
2
0
-0.13917
0
0.990268
0.420371
-0.2989
-0.99999
0
-0.13917
0
0.990268
0.420371
-0.2989
-0.99999
2
-0.99026
0
0.139173
0
0.420371
-0.2989
-0.99999
-0.99026
0
0.139173
0
0.420371
-0.2989
-0.99999
2
-0.64245
0.187932
-0.41721
0.6147
0.420371
-0.2989
-0.99999
-0.8537
0.359348
-0.28329
0.248591
0.420371
-0.2989
-0.99999
leg
False
False
True
False
False
0.031
0.041
0.161
0
0
-0.16
5
1
9
0
0
0
0
None
7
2
-0.62932
0
0
0.777146
-0.33145
0
-1
-0.62932
0
0
0.777146
-0.33145
0
-1
3
-0.72234
0.106688
-0.1144
0.673601
-0.33138
0.146835
-0.99999
-0.82096
0.129039
-0.05213
0.553751
-0.33145
0
-1
-0.62932
0
0
0.777146
-0.33145
0
-1
3
-0.60494
0.21421
-0.17346
0.74704
-0.33145
0
-1
-0.62932
0
0
0.777146
-0.33145
0
-1
-0.61062
-0.188
0.152246
0.754061
-0.33145
0
-1
3
-0.62932
0
0
0.777146
-0.33145
0
-1
-0.4848
0
0
0.874619
-0.33144
-0.06533
-0.99999
-0.4848
0
0
0.874619
-0.33144
-0.06533
-0.99999
2
-0.62932
0
0
0.777146
-0.33145
0
-1
-0.62932
0
0
0.777146
-0.33145
0
-1
2
-0.77714
0
0
-0.62932
-0.33145
0
-1
-0.77714
0
0
-0.62932
-0.33145
0
-1
2
-0.62932
0
0
0.777146
-0.33145
0
-1
-0.62932
0
0
0.777146
-0.33145
0
-1
foot
False
False
True
False
False
0.031
0.041
0.041
0
0
0
8
0
0
0
-7
0
None
7
2
0
0
0
1
-0.07332
0
-0.99999
0
0
0
1
-0.07332
0
-0.99999
3
0
0
0
1
-0.07332
0
-0.99999
0
0
0
1
-0.07332
0
-0.99999
0
0
0
1
-0.07332
0
-0.99999
3
0
0
0
1
-0.07332
0
-0.99999
0
0
0
1
-0.07332
0
-0.99999
0
0
0
1
-0.07332
0
-0.99999
3
0
0
0
1
-0.07332
0
-0.99999
0
0
0
1
-0.07332
0
-0.99999
0
0
0
1
-0.07332
0
-0.99999
2
0
0
0
1
-0.07332
0
-0.99999
0
0
0
1
-0.07332
0
-0.99999
2
-1
0
0
0
-0.07332
0
-0.99999
-1
0
0
0
-0.07332
0
-0.99999
2
0
0
0
1
-0.07332
0
-0.99999
0
0
0
1
-0.07332
0
-0.99999
finger
False
False
True
True
False
0.031
0.041
0.111
0
0
0.02
7
0
0
0
0
0
None
7
2
0.173648
0
0
0.984807
0.058167
-0.71179
0.999987
-0.08715
0
0
0.996194
0.058105
-0.45748
0.999989
3
0.173648
0
0
0.984807
0.058167
-0.71179
0.999987
-0.06975
0
0
0.997564
0.058226
-0.51557
0.999997
0.173648
0
0
0.984807
0.058167
-0.71179
0.999987
3
-0.1908
0
0
0.981627
0.058191
-0.42791
1.000004
0.173648
0
0
0.984807
0.058167
-0.71179
0.999987
0.173648
0
0
0.984807
0.058167
-0.71179
0.999987
3
0.173648
0
0
0.984807
0.058167
-0.71179
0.999987
0.537299
0
0
0.843391
0.058167
-0.71179
0.999987
-0.3007
0
0
0.953716
0.058151
-0.50756
0.999997
2
0.173648
0
0
0.984807
0.058167
-0.71179
0.999987
0.173648
0
0
0.984807
0.058167
-0.71179
0.999987
2
0.173648
0
0
0.984807
0.058167
-0.71179
0.999987
0.173648
0
0
0.984807
0.058167
-0.71179
0.999987
2
0.173648
0
0
0.984807
0.058167
-0.71179
0.999987
0.173648
0
0
0.984807
0.058167
-0.71179
0.999987
finger2
False
False
True
True
False
0.031
0.041
0.111
0
0
0.04
7
0
0
0
0
0
None
7
2
-0.12186
0
0
0.992546
0
0.681212
1.000002
0.104528
0
0
0.994522
0
0.526804
0.999996
3
-0.12186
0
0
0.992546
0
0.681212
1.000002
0.104528
0
0
0.994522
0
0.464297
0.999998
-0.12186
0
0
0.992546
0
0.681212
1.000002
3
-0.12186
0
0
0.992546
0
0.681212
1.000002
-0.12186
0
0
0.992546
0
0.681212
1.000002
-0.12186
0
0
0.992546
0
0.681212
1.000002
3
-0.12186
0
0
0.992546
0
0.681212
1.000002
-0.41469
0
0
0.909961
0
0.960862
1
0.052336
0
0
0.998629
0
0.671709
1.000014
2
-0.12186
0
0
0.992546
0
0.681212
1.000002
-0.12186
0
0
0.992546
0
0.681212
1.000002
2
-0.12186
0
0
0.992546
0
0.681212
1.000002
-0.12186
0
0
0.992546
0
0.681212
1.000002
2
-0.12186
0
0
0.992546
0
0.681212
1.000002
-0.12186
0
0
0.992546
0
0.681212
1.000002
extrahip
False
True
True
False
False
0.051000
0.051
0.101
0
0
-0.09999
0
1
13
0
0
0
0
None
7
2
0.195333
0.633704
-0.1698
0.728993
-1
0.653645
-0.19432
0.144005
0.644005
-0.12518
0.740843
-1
0.653645
-0.19432
3
0.195333
0.633704
-0.1698
0.728993
-0.99999
0.229573
-0.13172
0.195333
0.633704
-0.1698
0.728993
-0.99999
0.523453
0.06448
0.195333
0.633704
-0.1698
0.728993
-0.99999
0.38133
-0.28425
3
0.052645
0.654461
-0.04576
0.752871
-0.99999
0.316855
-0.19431
0.195333
0.633704
-0.1698
0.728993
-1
0.907231
-0.19432
0.096394
0.624857
-0.10111
0.768138
-0.99999
0.179178
-0.19432
3
0.195333
0.633704
-0.1698
0.728993
-1
0.653645
-0.19432
0.195333
0.633704
-0.1698
0.728993
-1
0.653645
-0.19432
0.195333
0.633704
-0.1698
0.728993
-1
0.653645
-0.19432
2
0.195333
0.633704
-0.1698
0.728993
-1
0.653645
-0.19432
0.195333
0.633704
-0.1698
0.728993
-1
0.653645
-0.19432
2
-0.72899
-0.1698
-0.6337
0.195333
-1
0.653645
-0.19432
-0.72899
-0.1698
-0.6337
0.195333
-1
0.653645
-0.19432
2
0.195333
0.633704
-0.1698
0.728993
-1
0.653645
-0.19432
0.195333
0.633704
-0.1698
0.728993
-1
0.653645
-0.19432
extraleg
False
False
True
False
False
0.051
0.041
0.191
0
0
-0.16
12
1
14
0
0
0
0
None
7
2
-0.52173
0.612399
0.351911
0.478459
0.06854
-0.20954
-1
-0.52173
0.612399
0.351911
0.478459
0.06854
-0.20954
-1
3
-0.52173
0.612399
0.351911
0.478459
0.06854
-0.20954
-1
-0.60196
0.701688
0.223557
0.308696
0.06854
-0.20954
-1
-0.39158
0.431851
0.508734
0.633528
0.06854
-0.20954
-1
3
-0.41085
0.672183
0.216896
0.576477
0.06854
-0.20954
-1
-0.52173
0.612399
0.351911
0.478459
0.06854
-0.20954
-1
-0.61598
0.51754
0.480651
0.348832
0.06854
-0.20954
-1
3
-0.52173
0.612399
0.351911
0.478459
0.06854
-0.20954
-1
-0.3699
0.411824
0.50913
0.659057
0.06854
-0.20954
-1
-0.3699
0.411824
0.50913
0.659057
0.06854
-0.20954
-1
2
-0.52173
0.612399
0.351911
0.478459
0.06854
-0.20954
-1
-0.52173
0.612399
0.351911
0.478459
0.06854
-0.20954
-1
2
-0.47845
0.351911
-0.61239
-0.52173
0.06854
-0.20954
-1
-0.47845
0.351911
-0.61239
-0.52173
0.06854
-0.20954
-1
2
-0.52173
0.612399
0.351911
0.478459
0.06854
-0.20954
-1
-0.52173
0.612399
0.351911
0.478459
0.06854
-0.20954
-1
extrafoot
False
False
True
False
False
0.041
0.031
0.041
0
0
0
13
0
0
0
-7
0
None
7
2
0
0
0
1
0.229582
-0.20479
-0.99999
0
0
0
1
0.229582
-0.20479
-0.99999
3
0
0
0
1
0.229582
-0.20479
-0.99999
0
0
0
1
0.229582
-0.20479
-0.99999
0
0
0
1
0.229582
-0.20479
-0.99999
3
0
0
0
1
0.229582
-0.20479
-0.99999
0
0
0
1
0.229582
-0.20479
-0.99999
0
0
0
1
0.229582
-0.20479
-0.99999
3
0
0
0
1
0.229582
-0.20479
-0.99999
0
0
0
1
0.229582
-0.20479
-0.99999
0
0
0
1
0.229582
-0.20479
-0.99999
2
0
0
0
1
0.229582
-0.20479
-0.99999
0
0
0
1
0.229582
-0.20479
-0.99999
2
-1
0
0
0
0.229582
-0.20479
-0.99999
-1
0
0
0
0.229582
-0.20479
-0.99999
2
0
0
0
1
0.229582
-0.20479
-0.99999
0
0
0
1
0.229582
-0.20479
-0.99999
snout
False
False
False
False
False
0.111
0.051
0.011
0
0
0
2
1
16
0
0
0
0
None
7
2
0
0
0
1
-0.00738
-0.44927
1.000019
0
0
0
1
-0.00738
-0.44927
1.000019
3
0
0
0
1
-0.00738
-0.44927
1.000019
0
0
0
1
-0.00738
-0.44927
1.000019
0
0
0
1
-0.00738
-0.44927
1.000019
3
0
0
0
1
-0.00738
-0.44927
1.000019
0
0
0
1
-0.00738
-0.44927
1.000019
0
0
0
1
-0.00738
-0.44927
1.000019
3
0
0
0
1
-0.00738
-0.44927
1.000019
0
0
0
1
-0.00738
-0.44927
1.000019
0
0
0
1
-0.00738
-0.44927
1.000019
2
0
0
0
1
-0.00738
-0.44927
1.000019
0
0
0
1
-0.00738
-0.44927
1.000019
2
-1
0
0
0
-0.00738
-0.44927
1.000019
-1
0
0
0
-0.00738
-0.44927
1.000019
2
0
0
0
1
-0.00738
-0.44927
1.000019
0
0
0
1
-0.00738
-0.44927
1.000019
mouth
True
False
False
False
False
0.1
0.03
0.05
0
0
0.01
15
0
0
0
0
0
ViciousMouth
7
2
0
0
0
1
0
-0.30801
1.000014
0
0
0
1
0
-0.30801
1.000014
3
0
0
0
1
0
-0.30801
1.000014
0
0
0
1
0
-0.30801
1.000014
0
0
0
1
0
-0.30801
1.000014
3
0
0
0
1
0
-0.30801
1.000014
0
0
0
1
0
-0.30801
1.000014
0
0
0
1
0
-0.30801
1.000014
3
0
0
0
1
0
-0.30801
1.000014
0
0
0
1
0
-0.30801
1.000014
0
0
0
1
0
-0.30801
1.000014
2
0
0
0
1
0
-0.30801
1.000014
0
0
0
1
0
-0.30801
1.000014
2
-1
0
0
0
0
-0.30801
1.000014
-1
0
0
0
0
-0.30801
1.000014
2
0
0
0
1
0
-0.30801
1.000014
0
0
0
1
0
-0.30801
1.000014
