30
0.429109
0.054901
0.035294
0.090196
perk_eagle_eye
false
0.371707
stormy
raven
corvo
tormentoso
corvo
ворона
бурный
ворон
burung gagak
badai
gagak
cuervo
tormentoso
grajo
อีกา
พายุ
นกกา
tormentosa
бурная
tormentosa
M
M
M
бурное
false
Feathers
Uncooked Meat
Bones
Gold Bar
Pumpkin
12
torso
False
False
False
False
False
0.151
0.141
0.261
0
0
0
-1
4
1
5
6
7
0
0
0
0
None
7
2
-0.1908
0
0
0.981627
0
0
0
-0.1478
0
0
0.989015
0
-0.02
0
3
-0.01745
0
0
0.999847
0
0
0
-0.3173
0
0
0.948323
0
0
0
-0.1908
0
0
0.981627
0
0
0
3
-0.0174
0.069745
-0.00121
0.997412
0
0
0
-0.13917
0
0
0.990268
0
0
0
-0.01732
-0.12185
0.002126
0.992395
0
0
0
3
0.026176
0
0
0.999657
0
-0.08
-0.4
-0.10452
0
0
0.994521
0
0
0.599999
-0.1908
0
0
0.981627
0
0
0.699999
2
-0.51503
0
0
0.857167
0
0
0.22
-0.55193
0
0
0.833885
0
0
0.22
2
-0.99984
0
0
-0.01745
0
-0.22
-0.55999
-0.99984
0
0
-0.01745
0
-0.24
-0.55999
2
-0.27563
0
0
0.961261
0
0
0
-0.43837
0
0
0.898794
0
0
0
neck
False
False
False
True
False
0.111
0.101
0.091000
0
0
-0.02
0
1
2
0
0
0
0
None
7
2
-0.42261
0
0
0.906307
0
0.259117
1
-0.46174
0
0
0.88701
0
0.392411
1.000001
3
-0.42261
0
0
0.906307
0
0.259117
1
-0.42261
0
0
0.906307
0
0.259117
1
-0.42261
0
0
0.906307
0
0.259117
1
3
-0.7071
0
0
0.707106
0
0.882483
0.999998
-0.7071
0
0
0.707106
0
0.882483
0.999998
-0.7071
0
0
0.707106
0
0.882483
0.999998
3
-0.08715
0
0
0.996194
0
0.259117
1
0.087155
0
0
0.996194
0
0.259117
1
-0.42261
0
0
0.906307
0
0.259117
1
2
-0.42261
0
0
0.906307
0
0.259117
1
-0.42261
0
0
0.906307
0
0.259117
1
2
-0.25881
0
0
0.965925
0
0.031278
1.000002
-0.25881
0
0
0.965925
0
0.031278
1.000002
2
-0.7071
0
0
0.707106
0
0.882483
0.999998
-0.53729
0
0
0.843391
0
-0.34823
0.999999
head
False
False
False
False
False
0.101
0.071
0.080999
0
-0.02
0
1
2
3
4
0
0
0
0
None
7
2
0
0
0
1
0
-0.22155
0.999988
0
0
0
1
0
-0.22155
0.999988
3
0
0
0
1
0
-0.22155
0.999988
0
0
0
1
0
-0.22155
0.999988
0
0
0
1
0
-0.22155
0.999988
3
-0.08715
0
0
0.996194
0
-0.52036
1.000003
-0.08715
0
0
0.996194
0
-0.52036
1.000003
-0.08715
0
0
0.996194
0
-0.52036
1.000003
3
0.707107
0
0
0.707106
0
-0.22155
0.999988
0.573576
0
0
0.819151
0
-0.22155
0.999988
0
0
0
1
0
-0.22155
0.999988
2
0
0
0
1
0
-0.99999
0.671772
0
0
0
1
0
-0.99999
0.671772
2
-0.9848
0
0
0.173648
0
-0.58101
1.000015
-0.9848
0
0
0.173648
0
-0.58101
1.000015
2
-0.08715
0
0
0.996194
0
-0.52036
1.000003
-0.08715
0
0
0.996194
0
-0.52036
1.000003
snout
False
False
False
True
False
0.051000
0.050999
0.080999
0
0
0.06
2
1
11
0
-4
9
0
None
7
2
0.087092
-0.00237
0
0.996197
0.026199
-0.40146
1.000007
0.087092
-0.00237
0
0.996197
0.026199
-0.40146
1.000007
3
0.087092
-0.00237
0
0.996197
0.026199
-0.40146
1.000007
0.087092
-0.00237
0
0.996197
0.026199
-0.40146
1.000007
0.087092
-0.00237
0
0.996197
0.026199
-0.40146
1.000007
3
0.087092
-0.00237
0
0.996197
0.026198
-0.64649
0.999998
0.087092
-0.00237
0
0.996197
0.026198
-0.64649
0.999998
0.087092
-0.00237
0
0.996197
0.026198
-0.64649
0.999998
3
0.087092
-0.00237
0
0.996197
0.026199
-0.40146
1.000007
0.087092
-0.00237
0
0.996197
0.026199
-0.40146
1.000007
0.087092
-0.00237
0
0.996197
0.026199
-0.40146
1.000007
2
0.087092
-0.00237
0
0.996197
0.026199
-0.40146
1.000007
0.087092
-0.00237
0
0.996197
0.026199
-0.40146
1.000007
2
0.087092
-0.00237
0
0.996197
0.026199
-0.40146
1.000007
0.087092
-0.00237
0
0.996197
0.026199
-0.40146
1.000007
2
0.087092
-0.00237
0
0.996197
0.026198
-0.64649
0.999998
0.087092
-0.00237
0
0.996197
0.026198
-0.64649
0.999998
eyes
True
True
False
True
False
0.06
0.06
0.05
0
0
0.01
2
0
0
0
0
0
SeriousEye
7
2
-0.01713
-0.19077
0.00333
0.981477
-0.99999
0.065221
0.97827
-0.01713
-0.19077
0.00333
0.981477
-0.99999
0.065221
0.97827
3
-0.01713
-0.19077
0.00333
0.981477
-0.99999
0.065221
0.97827
-0.01713
-0.19077
0.00333
0.981477
-0.99999
0.065221
0.97827
-0.01713
-0.19077
0.00333
0.981477
-0.99999
0.065221
0.97827
3
-0.01713
-0.19077
0.00333
0.981477
-0.99999
0.065221
0.97827
-0.01713
-0.19077
0.00333
0.981477
-0.99999
0.065221
0.97827
-0.01713
-0.19077
0.00333
0.981477
-0.99999
0.065221
0.97827
3
-0.01713
-0.19077
0.00333
0.981477
-0.99999
0.065221
0.97827
-0.01713
-0.19077
0.00333
0.981477
-0.99999
0.065221
0.97827
-0.01713
-0.19077
0.00333
0.981477
-0.99999
0.065221
0.97827
2
-0.01713
-0.19077
0.00333
0.981477
-0.99999
0.065221
0.97827
-0.01713
-0.19077
0.00333
0.981477
-0.99999
0.065221
0.97827
2
-0.01713
-0.19077
0.00333
0.981477
-0.99999
0.065221
0.97827
-0.01713
-0.19077
0.00333
0.981477
-0.99999
0.065221
0.97827
2
-0.01713
-0.19077
0.00333
0.981477
-0.99999
0.065221
0.97827
-0.01713
-0.19077
0.00333
0.981477
-0.99999
0.065221
0.97827
shoulder
False
True
False
False
False
0.041
0.041
0.111
0
0
0
0
1
10
0
0
2
0
None
7
2
-0.86162
0
0
0.507538
-1
-0.01449
0.590755
-0.86162
0
0
0.507538
-1
-0.01449
0.590755
3
-0.74109
0.651973
-0.00309
0.160303
-1
0.484082
0.461809
-0.43556
0.898824
-0.01813
0.045446
-1
0.394614
0.59075
-0.98203
0.150436
0.113926
-0.00128
-1
0.291324
0.194683
3
-0.78801
0
0
0.615661
-1
-0.12285
0.607957
-0.73063
0.230631
-0.29519
0.570831
-1
0.165835
0.607966
-0.78801
0
0
0.615661
-1
-0.12285
0.607957
3
-0.93939
-0.08596
0.204725
-0.26123
-1
-0.01449
0.590755
-0.46275
0.036523
0.170153
-0.86923
-1
-0.01449
0.590755
-0.14247
0.707825
0.331239
-0.60742
-0.99999
0.282486
0.590748
2
-0.99996
0
0
0.008726
-1
-0.01449
0.590755
-0.99996
0
0
0.008726
-1
-0.01449
0.590755
2
-0.63424
0.508867
0.398217
-0.42451
-1
-0.01673
0.756636
-0.63424
0.508867
0.398217
-0.42451
-1
-0.01673
0.756636
2
0.351568
0.115692
0.280422
-0.88565
-0.99999
0.319106
0.620856
0.601617
0.026012
0.302233
-0.73894
-0.99999
0.973687
0.521256
hip
False
True
True
False
False
0.051
0.041
0.081
0
0
0
0
1
8
0
0
0
0
None
7
2
-0.59482
0
0
0.803856
-0.62076
-0.99999
-0.54141
-0.59482
0
0
0.803856
-0.62076
-0.99999
-0.54141
3
-0.4848
0
0
0.874619
-0.98135
-0.99999
-0.8559
-0.87881
0
0
0.477158
-0.62076
-0.99999
-0.54141
-0.59482
0
0
0.803856
-0.60349
-0.99999
-0.7641
3
-0.55502
0.101034
-0.06814
0.822858
-0.71076
-1
-0.20779
-0.55919
0
0
0.829037
-0.66801
-1
-0.24567
-0.55375
-0.11537
0.077824
0.820969
-0.45969
-1
-0.16905
3
-0.59482
0
0
0.803856
-0.6748
-1
-0.78107
-0.59482
0
0
0.803856
-0.62076
-0.99999
-0.54141
-0.59482
0
0
0.803856
-0.62076
-0.99999
-0.54141
2
-0.96126
0
0
0.275637
-0.59916
-1
-0.52259
-0.96126
0
0
0.275637
-0.59916
-1
-0.52259
2
-0.89493
0
0
-0.44619
-0.62076
-0.99999
-0.54141
-0.89493
0
0
-0.44619
-0.62076
-0.99999
-0.54141
2
-0.55919
0
0
0.829037
-0.45969
-1
-0.16905
-0.55919
0
0
0.829037
-0.45969
-1
-0.16905
tail
False
False
False
False
False
0.121
0.091000
0.151
0
0
0.14
0
0
0
0
0
0
None
7
2
-0.99984
0
0
-0.01745
0.035806
0.281535
-1
-0.99984
0
0
-0.01745
0.035806
0.281535
-1
3
-0.94551
0
0
0.325568
0.035806
0.281535
-1
-0.96126
0
0
-0.27563
0.035806
0.281535
-1
-0.97992
0
0
0.199368
0.035806
0.281535
-1
3
-0.99756
0
0
0.069756
0.035806
0.624753
-1
-0.99756
0
0
0.069756
0.035806
0.624753
-1
-0.99756
0
0
0.069756
0.035806
0.624753
-1
3
-0.99984
0
0
-0.01745
0.035806
0.281535
-1
-0.99984
0
0
-0.01745
0.035806
0.281535
-1
-0.99984
0
0
-0.01745
0.035806
0.281535
-1
2
-0.99984
0
0
-0.01745
0.035806
0.281535
-1
-0.99984
0
0
-0.01745
0.035806
0.281535
-1
2
-0.15643
0
0
-0.98768
0.035806
0.281535
-1
-0.15643
0
0
-0.98768
0.035806
0.281535
-1
2
-0.99756
0
0
0.069756
0.035806
0.624753
-1
-0.99756
0
0
0.069756
0.035806
0.624753
-1
leg
False
False
True
False
False
0.021
0.021
0.081
0
0
-0.08
6
1
9
0
-6
9
0
None
7
2
-0.7826
0
0
0.622514
-0.33145
0.240073
-1
-0.7826
0
0
0.622514
-0.33145
0.240073
-1
3
-0.52249
0
0
0.85264
-0.33145
0.240073
-1
-0.87881
0
0
0.477158
-0.33145
0.240073
-1
-0.72537
0
0
0.688354
-0.33145
0.240073
-1
3
-0.61775
0.148286
-0.12008
0.762867
-0.33145
0.240073
-1
-0.42261
0
0
0.906307
-0.33145
0.240073
-1
-0.61556
-0.16157
0.130843
0.760163
-0.33145
0.240073
-1
3
-0.69465
0
0
0.719339
-0.33145
0.240073
-1
-0.62932
0
0
0.777146
-0.33145
0.240073
-1
-0.94832
0
0
0.317304
-0.33145
0.240073
-1
2
-0.96126
0
0
0.275637
-0.33145
0.240073
-1
-0.96126
0
0
0.275637
-0.33145
0.240073
-1
2
-0.74895
0
0
-0.66261
-0.33145
0.240073
-1
-0.74895
0
0
-0.66261
-0.33145
0.240073
-1
2
-0.62932
0
0
0.777146
-0.33145
0.240073
-1
-0.62932
0
0
0.777146
-0.33145
0.240073
-1
foot
False
False
True
False
False
0.051
0.021
0.090999
0
0
0.02
8
0
0
-6
9
0
None
7
2
0
-0.10452
0
0.994522
-0.07331
-0.9606
-1
0
-0.10452
0
0.994522
-0.07331
-0.9606
-1
3
0
-0.10452
0
0.994522
-0.07331
-0.9606
-1
0
-0.10452
0
0.994522
-0.07331
-0.9606
-1
0
-0.10452
0
0.994522
-0.07331
-0.9606
-1
3
0
-0.10452
0
0.994522
-0.07331
-0.9606
-1
0.274127
-0.10047
0.028811
0.955995
-0.07331
-0.9606
-1
0
-0.10452
0
0.994522
-0.07331
-0.9606
-1
3
0
-0.10452
0
0.994522
-0.07331
-0.9606
-1
0
-0.10452
0
0.994522
-0.07331
-0.9606
-1
-0.34014
-0.09822
-0.03575
0.934544
-0.07331
-0.9606
-1
2
-0.49726
-0.09052
-0.05226
0.861281
-0.07331
-0.9606
-1
-0.49726
-0.09052
-0.05226
0.861281
-0.07331
-0.9606
-1
2
-0.97941
-0.01815
0.10294
0.172697
-0.07331
-0.9606
-1
-0.97941
-0.01815
0.10294
0.172697
-0.07331
-0.9606
-1
2
0
-0.10452
0
0.994522
-0.07331
-0.9606
-1
0
-0.10452
0
0.994522
-0.07331
-0.9606
-1
wing
False
False
False
True
False
0.031
0.201000
0.121
0
0.16
0
5
0
0
0
2
0
None
7
2
0.222147
0.05882
0.048481
0.972028
-0.64091
0.999994
0.024475
0.222147
0.05882
0.048481
0.972028
-0.64091
0.999994
0.024475
3
0.222147
0.05882
0.048481
0.972028
-0.64091
0.999994
0.024475
0.222147
0.05882
0.048481
0.972028
-0.64091
0.999994
0.024475
0.222147
0.05882
0.048481
0.972028
-0.64091
0.999994
0.024475
3
-0.03425
0.006659
0.190692
0.981029
-1.00003
0.106261
0.038239
-0.06823
0
0.207911
0.975764
-1.00001
0.262701
0.038213
-0.03485
0.001826
0.052304
0.998021
-1.00003
0.106261
0.038239
3
0.222147
0.05882
0.048481
0.972028
-0.64091
0.999994
0.024475
0.222147
0.05882
0.048481
0.972028
-0.64091
0.999994
0.024475
0.222147
0.05882
0.048481
0.972028
-0.64091
0.999994
0.024475
2
0.222147
0.05882
0.048481
0.972028
-0.64091
0.999994
0.024475
0.222147
0.05882
0.048481
0.972028
-0.64091
0.999994
0.024475
2
0.222147
0.05882
0.048481
0.972028
-0.64091
0.999994
0.024475
0.222147
0.05882
0.048481
0.972028
-0.64091
0.999994
0.024475
2
-0.03485
0.001826
0.052304
0.998021
-1.00003
0.106261
0.038239
-0.03485
0.001826
0.052304
0.998021
-1.00003
0.106261
0.038239
mouth
True
False
False
True
False
0.099999
0.09
0.05
0
0
0.01
3
0
0
0
0
0
PlainMouth
7
2
0
0
0
1
-0.16677
-0.46082
0.99999
0
0
0
1
-0.16677
-0.46082
0.99999
3
0
0
0
1
-0.16677
-0.46082
0.99999
0
0
0
1
-0.16677
-0.46082
0.99999
0
0
0
1
-0.16677
-0.46082
0.99999
3
0
0
0
1
-0.16677
-0.46082
0.99999
0
0
0
1
-0.16677
-0.46082
0.99999
0
0
0
1
-0.16677
-0.46082
0.99999
3
0
0
0
1
-0.16677
-0.46082
0.99999
0
0
0
1
-0.16677
-0.46082
0.99999
0
0
0
1
-0.16677
-0.46082
0.99999
2
0
0
0
1
-0.16677
-0.46082
0.99999
0
0
0
1
-0.16677
-0.46082
0.99999
2
0
0
0
1
-0.16677
-0.46082
0.99999
0
0
0
1
-0.16677
-0.46082
0.99999
2
0
0
0
1
-0.16677
-0.46082
0.99999
0
0
0
1
-0.16677
-0.46082
0.99999
