30
0.085094
0.282353
0.211764
1
perk_rejuvenate
false
0.552316
icing
cake
bolinho
gelado
bolo
кекс
ледяной
торт
cupcake
es
kue
cupcake
helado
pastel
คัพ เค้ก
น้ำตาลไอซิ่ง
เค้ก
gelada
ледяная
helada
M
M
M
ледяное
false
?
?
?
?
?
12
torso
False
False
False
False
False
0.171
0.181
0.081
0
0
0
-1
3
1
10
11
0
-23
14
0
None
7
2
-0.69465
0
0
0.719339
0
0
0
-0.69465
0
0
0.719339
0
0
0
3
0.087155
0
0
0.996194
0
0
0
-0.10452
0
0
0.994522
0
0
0
-0.10452
0
0
0.994522
0
0
0
3
0.017386
0.087142
0.001521
0.996043
0
0
0
-0.12186
0
0
0.992546
0
0
0
0.017322
-0.12185
-0.00212
0.992395
0
0
0
3
0.190809
0
0
0.981627
0
-0.18
-0.16
0.190809
0
0
0.981627
0
0.06
0.26
-0.1132
0
0
0.993571
0
0.06
0.26
2
-0.69465
0
0
0.719339
0
-0.04
0.36
-0.69465
0
0
0.719339
0
-0.04
0.36
2
-0.99984
0
0
0.017452
0
-0.63999
-0.32
-0.99984
0
0
0.017452
0
-0.65999
-0.32
2
-0.24192
0
0
0.970295
0
0
0
-0.40673
0
0
0.913545
0
0
0
neck
False
False
False
True
False
0.191
0.191
0.031
0
0.02
0.02
0
1
2
0
-23
14
0
None
7
2
0.008726
0
0
0.999961
0.048534
-0.07572
0.999989
0.008726
0
0
0.999961
0.048534
-0.07572
0.999989
3
-0.17364
0
0
0.984807
-0.02271
0.402123
0.999999
0.052335
0
0
0.998629
-0.02271
0.25601
0.999999
-0.1908
0
0
0.981627
-0.02271
0.489426
0.999997
3
-0.52991
0
0
0.848048
-0.02029
0.999999
0.893208
-0.52991
0
0
0.848048
-0.02029
0.999999
0.893208
-0.52991
0
0
0.848048
-0.02029
0.999999
0.893208
3
-0.16504
0
0
0.986285
-0.02271
0.69532
0.999999
0.052336
0
0
0.998629
-0.02271
0.23031
0.999997
-0.3338
0
0
0.942641
-0.02208
0.999998
0.97223
2
0.008726
0
0
0.999961
0.048534
-0.07572
0.999989
0.008726
0
0
0.999961
0.048534
-0.07572
0.999989
2
0.008726
0
0
0.999961
0.048534
-0.07572
0.999989
0.008726
0
0
0.999961
0.048534
-0.07572
0.999989
2
-0.03489
0
0
0.99939
-0.02271
0.230347
0.999997
-0.03489
0
0
0.99939
-0.02271
0.230347
0.999997
head
False
False
False
False
False
0.181
0.031
0.171
0
0.02
0
1
3
3
4
6
0
-14
-3
0
None
7
2
0.008726
0
0
0.999961
0
0.029204
0.999973
0.008726
0
0
0.999961
0
0.029204
0.999973
3
-0.03489
0
0
0.99939
0
0.187332
1.000006
0.241921
0
0
0.970295
0
0.274312
0.999993
-0.05233
0
0
0.998629
0
0.129397
0.999998
3
-0.12186
0
0
0.992546
0
-0.05643
0.999997
-0.12186
0
0
0.992546
0
-0.05643
0.999997
-0.12186
0
0
0.992546
0
-0.05643
0.999997
3
0.615661
0
0
0.78801
0
-0.05643
0.999997
0.390731
0
0
0.920504
0
-0.05643
0.999997
-0.20791
0
0
0.978147
0
-0.05643
0.999997
2
0.008726
0
0
0.999961
0
0.029204
0.999973
0.008726
0
0
0.999961
0
0.029204
0.999973
2
-0.63607
0
0
0.771624
0
0.029204
0.999973
-0.63607
0
0
0.771624
0
0.029204
0.999973
2
-0.12186
0
0
0.992546
0
-0.05643
0.999997
-0.12186
0
0
0.992546
0
-0.05643
0.999997
snout
False
False
False
True
False
0.051
0.031
0
0
0
0
2
1
5
0
-14
-3
0
None
7
2
-0.00879
-0.00231
0
0.999958
0.026192
-0.74211
1.000007
-0.00879
-0.00231
0
0.999958
0.026192
-0.74211
1.000007
3
0.034835
-0.00234
0
0.99939
0.026194
-0.59795
1.000007
0.034835
-0.00234
0
0.99939
0.026194
-0.59795
1.000007
0.034835
-0.00234
0
0.99939
0.026194
-0.59795
1.000007
3
0.034835
-0.00234
0
0.99939
0.026194
-0.59795
1.000007
0.034835
-0.00234
0
0.99939
0.026194
-0.59795
1.000007
0.034835
-0.00234
0
0.99939
0.026194
-0.59795
1.000007
3
0.034835
-0.00234
0
0.99939
0.026194
-0.59795
1.000007
0.034835
-0.00234
0
0.99939
0.026194
-0.59795
1.000007
0.034835
-0.00234
0
0.99939
0.026194
-0.59795
1.000007
2
-0.00879
-0.00231
0
0.999958
0.026192
-0.74211
1.000007
-0.00879
-0.00231
0
0.999958
0.026192
-0.74211
1.000007
2
-0.00879
-0.00231
0
0.999958
0.026192
-0.74211
1.000007
-0.00879
-0.00231
0
0.999958
0.026192
-0.74211
1.000007
2
0.034835
-0.00234
0
0.99939
0.026194
-0.59795
1.000007
0.034835
-0.00234
0
0.99939
0.026194
-0.59795
1.000007
eyes
True
True
False
True
False
0.03
0.03
0.05
0
0
0.01
2
0
0
0
0
0
RegularEye
7
2
0
0
0
1
-0.68702
0.146271
1.000002
0
0
0
1
-0.68702
0.146271
1.000002
3
0
0
0
1
-0.52637
0.117918
1.000007
0
0
0
1
-0.52637
0.117918
1.000007
0
0
0
1
-0.52637
0.117918
1.000007
3
0
0
0
1
-0.52637
0.117918
1.000007
0
0
0
1
-0.52637
0.117918
1.000007
0
0
0
1
-0.52637
0.117918
1.000007
3
0
0
0
1
-0.52637
0.117918
1.000007
0
0
0
1
-0.52637
0.117918
1.000007
0
0
0
1
-0.52637
0.117918
1.000007
2
0
0
0
1
-0.68702
0.146271
1.000002
0
0
0
1
-0.68702
0.146271
1.000002
2
0
0
0
1
-0.68702
0.146271
1.000002
0
0
0
1
-0.68702
0.146271
1.000002
2
0
0
0
1
-0.52637
0.117918
1.000007
0
0
0
1
-0.52637
0.117918
1.000007
mouth
True
False
False
True
False
0
0.04
0.05
0
0
0.009999
3
0
0
0
0
0
CuteMouth
7
2
0
0
0
1
0.028039
0.075759
1.000038
0
0
0
1
0.028039
0.075759
1.000038
3
0
0
0
1
0.028037
-0.25077
0.999987
0
0
0
1
0.028037
-0.25077
0.999987
0
0
0
1
0.028037
-0.25077
0.999987
3
0
0
0
1
0.028037
-0.25077
0.999987
0
0
0
1
0.028037
-0.25077
0.999987
0
0
0
1
0.028037
-0.25077
0.999987
3
0
0
0
1
0.028037
-0.25077
0.999987
0
0
0
1
0.028037
-0.25077
0.999987
0
0
0
1
0.028037
-0.25077
0.999987
2
0
0
0
1
0.028039
0.075759
1.000038
0
0
0
1
0.028039
0.075759
1.000038
2
0
0
0
1
0.028039
0.075759
1.000038
0
0
0
1
0.028039
0.075759
1.000038
2
0
0
0
1
0.028037
-0.25077
0.999987
0
0
0
1
0.028037
-0.25077
0.999987
helmet
False
False
False
True
True
0.191
0.071
0.181
0
0.06
0
2
1
7
18
-3
0
0
None
7
2
0
0
0
1
0.002708
1.000005
-0.01196
0
0
0
1
0.002708
1.000005
-0.01196
3
0
0
0
1
0.002708
1.000005
-0.01196
0
0
0
1
0.002708
1.000005
-0.01196
0
0
0
1
0.002708
1.000005
-0.01196
3
0
0
0
1
0.002708
1.000005
-0.01196
0
0
0
1
0.002708
1.000005
-0.01196
0
0
0
1
0.002708
1.000005
-0.01196
3
0
0
0
1
0.002708
1.000005
-0.01196
0
0
0
1
0.002708
1.000005
-0.01196
0
0
0
1
0.002708
1.000005
-0.01196
2
0
0
0
1
0.002708
1.000005
-0.01196
0
0
0
1
0.002708
1.000005
-0.01196
2
0
0
0
1
0.002708
1.000005
-0.01196
0
0
0
1
0.002708
1.000005
-0.01196
2
0
0
0
1
0.002708
1.000005
-0.01196
0
0
0
1
0.002708
1.000005
-0.01196
cupcake-swirl
False
False
False
True
True
0.121
0.051
0.111
0
0
0
6
1
8
18
-3
0
0
None
7
2
0
0
0
1
0.172477
1.000011
-0.0564
0
0
0
1
0.172477
1.000011
-0.0564
3
0
0
0
1
0.172477
1.000011
-0.0564
0
0
0
1
0.172477
1.000011
-0.0564
0
0
0
1
0.172477
1.000011
-0.0564
3
0
0
0
1
0.172477
1.000011
-0.0564
0
0
0
1
0.172477
1.000011
-0.0564
0
0
0
1
0.172477
1.000011
-0.0564
3
0
0
0
1
0.172477
1.000011
-0.0564
0
0
0
1
0.172477
1.000011
-0.0564
0
0
0
1
0.172477
1.000011
-0.0564
2
0
0
0
1
0.172477
1.000011
-0.0564
0
0
0
1
0.172477
1.000011
-0.0564
2
0
0
0
1
0.172477
1.000011
-0.0564
0
0
0
1
0.172477
1.000011
-0.0564
2
0
0
0
1
0.172477
1.000011
-0.0564
0
0
0
1
0.172477
1.000011
-0.0564
cupcake-swirl2
False
False
False
True
True
0.080999
0.031
0.081
0
0.02
0
7
1
9
18
-3
0
0
None
7
2
0
0
0
1
-0.1924
0.999991
-0.0438
0
0
0
1
-0.1924
0.999991
-0.0438
3
0
0
0
1
-0.1924
0.999991
-0.0438
0
0
0
1
-0.1924
0.999991
-0.0438
0
0
0
1
-0.1924
0.999991
-0.0438
3
0
0
0
1
-0.1924
0.999991
-0.0438
0
0
0
1
-0.1924
0.999991
-0.0438
0
0
0
1
-0.1924
0.999991
-0.0438
3
0
0
0
1
-0.1924
0.999991
-0.0438
0
0
0
1
-0.1924
0.999991
-0.0438
0
0
0
1
-0.1924
0.999991
-0.0438
2
0
0
0
1
-0.1924
0.999991
-0.0438
0
0
0
1
-0.1924
0.999991
-0.0438
2
0
0
0
1
-0.1924
0.999991
-0.0438
0
0
0
1
-0.1924
0.999991
-0.0438
2
0
0
0
1
-0.1924
0.999991
-0.0438
0
0
0
1
-0.1924
0.999991
-0.0438
cupcake-swirl3
False
False
False
True
True
0.031
0.041
0.021
0
0.02
0
8
0
18
-3
0
0
None
7
2
0.042585
0.00944
-0.21623
0.975366
-0.3987
1.000027
0.171692
0.042585
0.00944
-0.21623
0.975366
-0.3987
1.000027
0.171692
3
0.042585
0.00944
-0.21623
0.975366
-0.3987
1.000027
0.171692
0.042585
0.00944
-0.21623
0.975366
-0.3987
1.000027
0.171692
0.042585
0.00944
-0.21623
0.975366
-0.3987
1.000027
0.171692
3
0.042585
0.00944
-0.21623
0.975366
-0.3987
1.000027
0.171692
0.042585
0.00944
-0.21623
0.975366
-0.3987
1.000027
0.171692
0.042585
0.00944
-0.21623
0.975366
-0.3987
1.000027
0.171692
3
0.042585
0.00944
-0.21623
0.975366
-0.3987
1.000027
0.171692
0.042585
0.00944
-0.21623
0.975366
-0.3987
1.000027
0.171692
0.042585
0.00944
-0.21623
0.975366
-0.3987
1.000027
0.171692
2
0.042585
0.00944
-0.21623
0.975366
-0.3987
1.000027
0.171692
0.042585
0.00944
-0.21623
0.975366
-0.3987
1.000027
0.171692
2
0.042585
0.00944
-0.21623
0.975366
-0.3987
1.000027
0.171692
0.042585
0.00944
-0.21623
0.975366
-0.3987
1.000027
0.171692
2
0.042585
0.00944
-0.21623
0.975366
-0.3987
1.000027
0.171692
0.042585
0.00944
-0.21623
0.975366
-0.3987
1.000027
0.171692
ridge1-1
False
True
False
True
False
0.011
0.011
0.080999
0
0
0
0
0
0
-23
14
0
None
7
2
0
0
0
1
-0.99999
-0.35829
0.180982
0
0
0
1
-0.99999
-0.35829
0.180982
3
0
0
0
1
-0.99999
-0.35829
0.180982
0
0
0
1
-0.99999
-0.35829
0.180982
0
0
0
1
-0.99999
-0.35829
0.180982
3
0
0
0
1
-0.99999
-0.35829
0.180982
0
0
0
1
-0.99999
-0.35829
0.180982
0
0
0
1
-0.99999
-0.35829
0.180982
3
0
0
0
1
-0.99999
-0.35829
0.180982
0
0
0
1
-0.99999
-0.35829
0.180982
0
0
0
1
-0.99999
-0.35829
0.180982
2
0
0
0
1
-0.99999
-0.35829
0.180982
0
0
0
1
-0.99999
-0.35829
0.180982
2
0
0
0
1
-0.99999
-0.35829
0.180982
0
0
0
1
-0.99999
-0.35829
0.180982
2
0
0
0
1
-0.99999
-0.35829
0.180982
0
0
0
1
-0.99999
-0.35829
0.180982
ridge2-1
False
True
False
True
False
0.011
0.011
0.080999
0
0
0
0
0
0
-23
14
0
None
7
2
0
0
0
1
-1
0.35777
0.140136
0
0
0
1
-1
0.35777
0.140136
3
0
0
0
1
-1
0.35777
0.140136
0
0
0
1
-1
0.35777
0.140136
0
0
0
1
-1
0.35777
0.140136
3
0
0
0
1
-1
0.35777
0.140136
0
0
0
1
-1
0.35777
0.140136
0
0
0
1
-1
0.35777
0.140136
3
0
0
0
1
-1
0.35777
0.140136
0
0
0
1
-1
0.35777
0.140136
0
0
0
1
-1
0.35777
0.140136
2
0
0
0
1
-1
0.35777
0.140136
0
0
0
1
-1
0.35777
0.140136
2
0
0
0
1
-1
0.35777
0.140136
0
0
0
1
-1
0.35777
0.140136
2
0
0
0
1
-1
0.35777
0.140136
0
0
0
1
-1
0.35777
0.140136
