30
0.840999
0.752941
0.078431
0.078431
perk_fire_storm
false
0.980949
hell
demon
diabo
infernal
demônio
дьявол
адский
демон
setan
neraka
setan
diablo
infierno
demonio
วิญญาณชั่วร้าย
นรก
ปีศาจ
infernal
адская
infierno
M
M
M
адское
false
Sharp Tooth
Bones
?
?
?
19
torso
False
False
False
False
False
0.211
0.111
0.261000
0
0
0
-1
5
1
5
6
17
18
0
0
0
0
None
7
2
-0.65605
0
0
0.754709
0
0
0
-0.62251
0
0
0.782608
0
0
0
3
-0.69465
0
0
0.719339
0
0
0
-0.74314
0
0
0.66913
0
0
0
-0.65605
0
0
0.754709
0
0
0
3
-0.65446
0.052645
-0.04576
0.752871
0
0
0
-0.65605
0
0
0.754709
0
0
0
-0.65116
-0.09197
0.079953
0.749084
0
0
0
3
-0.23344
0
0
0.97237
0
0.02
-0.42
-0.23344
0
0
0.97237
0
-0.24
0.14
-0.43837
0
0
0.898794
0
-0.38
0.16
2
-0.65605
0
0
0.754709
0
0
-0.12
-0.68835
0
0
0.725374
0
0.02
-0.12
2
-0.99756
0
0
0.069756
0
0.18
-0.55999
-0.99756
0
0
0.069756
0
0.16
-0.55999
2
-0.77714
0
0
0.62932
0
0
0
-0.82903
0
0
0.559193
0
0
0
neck
False
False
False
True
False
0.101
0.081000
0.141
0
0
0.04
0
1
2
0
0
0
0
None
7
2
0
0
0
1
0.071325
-0.00743
1
0.087155
0
0
0.996194
0.071331
-0.02388
1.000004
3
0
0
0
1
0.071325
-0.00743
1
0
0
0
1
0.071331
-0.23018
0.999999
0.241921
0
0
0.970295
0.071329
-0.4827
1.000003
3
0
0
0
1
0.071325
-0.00743
1
0
0
0
1
0.071325
-0.00743
1
0
0
0
1
0.071325
-0.00743
1
3
0.382683
0
0
0.923879
0.071325
-0.00743
1
0.216439
0
0
0.976296
0.071325
-0.00743
1
0.216439
0
0
0.976296
0.071325
-0.00743
1
2
0
0
0
1
0.071325
-0.00743
1
0
0
0
1
0.071325
-0.00743
1
2
0
0
0
1
0.071325
-0.00743
1
0
0
0
1
0.071325
-0.00743
1
2
0.34202
0
0
0.939692
0.053353
-0.99999
0.747957
0.461748
0
0
0.88701
0.03907
-1
0.547733
head
False
False
False
False
False
0.151
0.151
0.141
0
0
0
1
5
3
4
11
12
14
0
0
0
0
None
7
2
0.069491
0.086943
0.006079
0.993768
0
-0.42545
0.999996
0.068696
-0.17322
-0.01211
0.982408
0
-0.42545
0.999996
3
0.069756
0
0
0.997564
0
-0.42545
0.999996
0.069756
0
0
0.997564
0
-0.42545
0.999996
0.069756
0
0
0.997564
0
-0.42545
0.999996
3
0.069756
0
0
0.997564
0
-0.42545
0.999996
0.069756
0
0
0.997564
0
-0.42545
0.999996
0.069756
0
0
0.997564
0
-0.42545
0.999996
3
0.830712
0.057751
-0.06527
0.549836
0
-0.42545
0.999996
0.444499
0.082651
-0.02765
0.891528
0
-0.42545
0.999996
-0.27458
0.07962
0.035449
0.957603
0
-0.42545
0.999996
2
0.069491
0.086943
0.006079
0.993768
0
-0.42545
0.999996
0.069491
0.086943
0.006079
0.993768
0
-0.42545
0.999996
2
-0.65356
0.065777
-0.05717
0.751837
0
-0.42545
0.999996
-0.65356
0.065777
-0.05717
0.751837
0
-0.42545
0.999996
2
0.069756
0
0
0.997564
0
-0.42545
0.999996
0.069756
0
0
0.997564
0
-0.42545
0.999996
nose
False
False
False
True
False
0.030999
0.051
0.031
0
0
0.02
2
0
0
0
-6
0
None
7
2
-0.20797
-0.00212
-0.0012
0.978131
0.026195
-0.09805
0.999999
-0.20797
-0.00212
-0.0012
0.978131
0.026195
-0.09805
0.999999
3
-0.20797
-0.00212
-0.0012
0.978131
0.026195
-0.09805
0.999999
-0.20797
-0.00212
-0.0012
0.978131
0.026195
-0.09805
0.999999
-0.20797
-0.00212
-0.0012
0.978131
0.026195
-0.09805
0.999999
3
-0.20797
-0.00212
-0.0012
0.978131
0.026195
-0.09805
0.999999
-0.20797
-0.00212
-0.0012
0.978131
0.026195
-0.09805
0.999999
-0.20797
-0.00212
-0.0012
0.978131
0.026195
-0.09805
0.999999
3
-0.20797
-0.00212
-0.0012
0.978131
0.026195
-0.09805
0.999999
-0.20797
-0.00212
-0.0012
0.978131
0.026195
-0.09805
0.999999
-0.20797
-0.00212
-0.0012
0.978131
0.026195
-0.09805
0.999999
2
-0.20797
-0.00212
-0.0012
0.978131
0.026195
-0.09805
0.999999
-0.20797
-0.00212
-0.0012
0.978131
0.026195
-0.09805
0.999999
2
-0.20797
-0.00212
-0.0012
0.978131
0.026195
-0.09805
0.999999
-0.20797
-0.00212
-0.0012
0.978131
0.026195
-0.09805
0.999999
2
-0.20797
-0.00212
-0.0012
0.978131
0.026195
-0.09805
0.999999
-0.20797
-0.00212
-0.0012
0.978131
0.026195
-0.09805
0.999999
eyes
True
True
False
True
False
0.06
0.06
0.05
0
0
0.01
2
0
0
0
0
0
SeriousEye
7
2
0
0
-0.13052
0.991444
-0.61703
0.162718
1.000001
0
0
-0.13052
0.991444
-0.61703
0.162718
1.000001
3
0
0
-0.13052
0.991444
-0.61703
0.162718
1.000001
0
0
-0.13052
0.991444
-0.61703
0.162718
1.000001
0
0
-0.13052
0.991444
-0.61703
0.162718
1.000001
3
0
0
-0.13052
0.991444
-0.61703
0.162718
1.000001
0
0
-0.13052
0.991444
-0.61703
0.162718
1.000001
0
0
-0.13052
0.991444
-0.61703
0.162718
1.000001
3
0
0
-0.13052
0.991444
-0.61703
0.162718
1.000001
0
0
-0.13052
0.991444
-0.61703
0.162718
1.000001
0
0
-0.13052
0.991444
-0.61703
0.162718
1.000001
2
0
0
-0.13052
0.991444
-0.61703
0.162718
1.000001
0
0
-0.13052
0.991444
-0.61703
0.162718
1.000001
2
0
0
-0.13052
0.991444
-0.61703
0.162718
1.000001
0
0
-0.13052
0.991444
-0.61703
0.162718
1.000001
2
0
0
-0.13052
0.991444
-0.61703
0.162718
1.000001
0
0
-0.13052
0.991444
-0.61703
0.162718
1.000001
shoulder
False
True
True
False
False
0.101
0.111
0.151
-0.06
0
0
0
1
7
0
0
0
0
None
7
2
-0.59459
0.318954
-0.27726
0.683999
-1
0.032358
0.418315
-0.58739
0.243571
-0.24063
0.733303
-1
0.032358
0.418315
3
-0.59459
0.318954
-0.27726
0.683999
-1
0.032358
0.418315
-0.43245
0.251383
-0.33972
0.796478
-1
0.393956
0.411194
-0.77275
0.387566
-0.16851
0.473544
-1
0.032358
0.418315
3
-0.59459
0.318954
-0.27726
0.683999
-1
0.032358
0.418315
-0.59459
0.318954
-0.27726
0.683999
-1
0.032358
0.418315
-0.59459
0.318954
-0.27726
0.683999
-1
0.032358
0.418315
3
-0.7585
-0.00792
0.073875
0.647414
-1
0.032358
0.418315
-0.70433
0.362254
-0.21766
0.570358
-1
-0.58905
0.706623
-0.62169
0.614096
-0.48309
0.054758
-1
-0.58905
0.706623
2
-0.80048
0.298441
-0.08564
0.512664
-1
0.032358
0.418315
-0.80048
0.298441
-0.08564
0.512664
-1
0.032358
0.418315
2
-0.9041
0.02948
-0.42158
0.063221
-1
0.032358
0.418315
-0.9041
0.02948
-0.42158
0.063221
-1
0.032358
0.418315
2
-0.59459
0.318954
-0.27726
0.683999
-1
0.032358
0.418315
-0.59459
0.318954
-0.27726
0.683999
-1
0.032358
0.418315
hip
False
True
True
False
False
0.091
0.081
0.161001
0
0
-0.12
0
1
9
0
0
-19
0
None
7
2
-0.76033
-0.09335
-0.07833
0.637996
-0.51203
0.018938
-1
-0.78743
-0.08985
-0.08233
0.604224
-0.51203
0.018938
-1
3
-0.76033
-0.09335
-0.07833
0.637996
-0.51203
0.018938
-1
-0.91699
-0.06548
-0.10278
0.379831
-0.51203
0.018938
-1
-0.5693
-0.11045
-0.0515
0.813046
-0.51203
0.018938
-1
3
-0.76033
-0.09335
-0.07833
0.637996
-0.51203
0.018938
-1
-0.76033
-0.09335
-0.07833
0.637996
-0.51203
0.018938
-1
-0.76033
-0.09335
-0.07833
0.637996
-0.51203
0.018938
-1
3
-0.88039
-0.07418
-0.09668
0.458306
-0.51203
0.018938
-1
-0.53329
-0.11259
-0.04663
0.837105
-0.51203
0.018938
-1
-0.53329
-0.11259
-0.04663
0.837105
-0.51203
0.018938
-1
2
-0.99567
-0.04256
0.01235
0.081648
-0.51203
0.018938
-1
-0.99567
-0.04256
0.01235
0.081648
-0.51203
0.018938
-1
2
-0.98876
-0.1214
0.010621
-0.0865
-0.51203
0.018938
-1
-0.98876
-0.1214
0.010621
-0.0865
-0.51203
0.018938
-1
2
-0.76033
-0.09335
-0.07833
0.637996
-0.51203
0.018938
-1
-0.76033
-0.09335
-0.07833
0.637996
-0.51203
0.018938
-1
arm
False
False
True
False
False
0.070999
0.091
0.141
0
0
-0.12
5
1
8
0
0
0
0
None
7
2
-0.69034
0.153045
-0.15304
0.690345
-0.03206
-0.1696
-0.99999
-0.70105
0.092295
-0.09229
0.701057
-0.03206
-0.1696
-0.99999
3
-0.69034
0.153045
-0.15304
0.690345
-0.03206
-0.1696
-0.99999
-0.48814
0.108219
-0.18744
0.845497
-0.03206
-0.1696
-0.99999
-0.90198
0.199964
-0.08282
0.373612
-0.03206
-0.1696
-0.99999
3
-0.69034
0.153045
-0.15304
0.690345
-0.03206
-0.1696
-0.99999
-0.69034
0.153045
-0.15304
0.690345
-0.03206
-0.1696
-0.99999
-0.69034
0.153045
-0.15304
0.690345
-0.03206
-0.1696
-0.99999
3
-0.57469
-0.40269
0.301725
0.64539
-0.03206
-0.1696
-0.99999
-0.69034
0.153045
-0.15304
0.690345
-0.03206
-0.1696
-0.99999
-0.77454
0.171712
0.13176
-0.59433
-0.03206
-0.1696
-0.99999
2
-0.8795
-0.07289
0.245943
0.40083
-0.03206
-0.1696
-0.99999
-0.8795
-0.07289
0.245943
0.40083
-0.03206
-0.1696
-0.99999
2
-0.97629
0
-0.21643
0
-0.03206
-0.1696
-0.99999
-0.97629
0
-0.21643
0
-0.03206
-0.1696
-0.99999
2
-0.69034
0.153045
-0.15304
0.690345
-0.03206
-0.1696
-0.99999
-0.69034
0.153045
-0.15304
0.690345
-0.03206
-0.1696
-0.99999
hand
False
False
True
False
False
0.070999
0.070999
0.091
0
-0.02
0
7
0
0
0
0
0
None
7
2
0
0
0
1
0.191295
0.428437
-1
0
0
0
1
0.191295
0.428437
-1
3
0
0
0
1
0.191295
0.428437
-1
-0.08715
0
0
0.996194
0.191295
0.428437
-1
-0.38268
0
0
0.923879
0.191263
0.141176
-1
3
0
0
0
1
0.191295
0.428437
-1
0
0
0
1
0.191295
0.428437
-1
0
0
0
1
0.191295
0.428437
-1
3
0
0
0
1
0.191295
0.428437
-1
0
0
0
1
0.191295
0.428437
-1
-0.75949
-0.09998
0.0839
0.637288
0.191155
-0.16943
-1
2
0
0
0
1
0.191295
0.428437
-1
0
0
0
1
0.191295
0.428437
-1
2
-0.7071
0
0
0.707106
0.191295
0.428437
-1
-0.7071
0
0
0.707106
0.191295
0.428437
-1
2
0
0
0
1
0.191295
0.428437
-1
0
0
0
1
0.191295
0.428437
-1
leg
False
False
True
False
False
0.081000
0.071000
0.171
0
0
-0.1
6
1
10
0
0
-19
0
None
7
2
-0.62157
-0.09844
-0.12157
0.767578
-0.06816
0
-1
-0.5523
-0.10866
-0.11252
0.81883
-0.06816
0
-1
3
-0.40172
-0.12655
-0.09194
0.902298
-0.06816
0
-1
-0.62157
-0.09844
-0.12157
0.767578
-0.06816
0
-1
-0.4407
-0.12242
-0.09738
0.883916
-0.06816
0
-1
3
-0.62157
-0.09844
-0.12157
0.767578
-0.06816
0
-1
-0.62157
-0.09844
-0.12157
0.767578
-0.06816
0
-1
-0.62157
-0.09844
-0.12157
0.767578
-0.06816
0
-1
3
-0.47507
-0.15046
-0.13079
0.857061
-0.06816
0
-1
-0.62157
-0.09844
-0.12157
0.767578
-0.06816
0
-1
-0.51606
-0.11347
-0.10768
0.842142
-0.06816
0
-1
2
-0.62157
-0.09844
-0.12157
0.767578
-0.06816
0
-1
-0.62157
-0.09844
-0.12157
0.767578
-0.06816
0
-1
2
-0.98227
-0.15557
-0.01635
0.103241
-0.06816
0
-1
-0.98227
-0.15557
-0.01635
0.103241
-0.06816
0
-1
2
-0.62157
-0.09844
-0.12157
0.767578
-0.06816
0
-1
-0.62157
-0.09844
-0.12157
0.767578
-0.06816
0
-1
foot
False
False
True
False
False
0.090998
0.031
0.131
0
0
0
9
0
0
0
0
0
None
7
2
0
-0.10452
0
0.994522
0.222271
-0.78581
-0.99999
0
-0.10452
0
0.994522
0.222271
-0.78581
-0.99999
3
0
-0.10452
0
0.994522
0.222271
-0.78581
-0.99999
0
-0.10452
0
0.994522
0.222271
-0.78581
-0.99999
0
-0.10452
0
0.994522
0.222271
-0.78581
-0.99999
3
0
-0.10452
0
0.994522
0.222271
-0.78581
-0.99999
0
-0.10452
0
0.994522
0.222271
-0.78581
-0.99999
0
-0.10452
0
0.994522
0.222271
-0.78581
-0.99999
3
0
-0.10452
0
0.994522
0.222271
-0.78581
-0.99999
0
-0.10452
0
0.994522
0.222271
-0.78581
-0.99999
0
-0.10452
0
0.994522
0.222271
-0.78581
-0.99999
2
0
-0.10452
0
0.994522
0.222271
-0.78581
-0.99999
0
-0.10452
0
0.994522
0.222271
-0.78581
-0.99999
2
-0.70323
-0.07391
0.073912
0.703233
0.222271
-0.78581
-0.99999
-0.70323
-0.07391
0.073912
0.703233
0.222271
-0.78581
-0.99999
2
0
-0.10452
0
0.994522
0.222271
-0.78581
-0.99999
0
-0.10452
0
0.994522
0.222271
-0.78581
-0.99999
ear
False
True
False
True
False
0.041
0.051
0.021
0
0
0
2
0
0
0
-6
0
None
7
2
-0.10336
-0.04736
-0.01051
0.993459
-0.99999
-0.04731
-0.16568
-0.10336
-0.04736
-0.01051
0.993459
-0.99999
-0.04731
-0.16568
3
-0.10336
-0.04736
-0.01051
0.993459
-0.99999
-0.04731
-0.16568
-0.10336
-0.04736
-0.01051
0.993459
-0.99999
-0.04731
-0.16568
-0.10336
-0.04736
-0.01051
0.993459
-0.99999
-0.04731
-0.16568
3
-0.10336
-0.04736
-0.01051
0.993459
-0.99999
-0.04731
-0.16568
-0.10336
-0.04736
-0.01051
0.993459
-0.99999
-0.04731
-0.16568
-0.10336
-0.04736
-0.01051
0.993459
-0.99999
-0.04731
-0.16568
3
-0.10336
-0.04736
-0.01051
0.993459
-0.99999
-0.04731
-0.16568
-0.10336
-0.04736
-0.01051
0.993459
-0.99999
-0.04731
-0.16568
-0.10336
-0.04736
-0.01051
0.993459
-0.99999
-0.04731
-0.16568
2
-0.10336
-0.04736
-0.01051
0.993459
-0.99999
-0.04731
-0.16568
-0.10336
-0.04736
-0.01051
0.993459
-0.99999
-0.04731
-0.16568
2
-0.10336
-0.04736
-0.01051
0.993459
-0.99999
-0.04731
-0.16568
-0.10336
-0.04736
-0.01051
0.993459
-0.99999
-0.04731
-0.16568
2
-0.10336
-0.04736
-0.01051
0.993459
-0.99999
-0.04731
-0.16568
-0.10336
-0.04736
-0.01051
0.993459
-0.99999
-0.04731
-0.16568
snout
False
False
False
True
False
0.090999
0.051
0.061
0
0
-0.04
2
1
13
0
0
-6
0
None
7
2
0
0
0
1
0.037591
-0.67489
0.999999
0
0
0
1
0.037591
-0.67489
0.999999
3
0
0
0
1
0.037591
-0.67489
0.999999
0
0
0
1
0.037591
-0.67489
0.999999
0
0
0
1
0.037591
-0.67489
0.999999
3
0
0
0
1
0.037591
-0.67489
0.999999
0
0
0
1
0.037591
-0.67489
0.999999
0
0
0
1
0.037591
-0.67489
0.999999
3
0
0
0
1
0.037591
-0.67489
0.999999
0
0
0
1
0.037591
-0.67489
0.999999
0
0
0
1
0.037591
-0.67489
0.999999
2
0
0
0
1
0.037591
-0.67489
0.999999
0
0
0
1
0.037591
-0.67489
0.999999
2
0
0
0
1
0.037591
-0.67489
0.999999
0
0
0
1
0.037591
-0.67489
0.999999
2
0
0
0
1
0.037591
-0.67489
0.999999
0
0
0
1
0.037591
-0.67489
0.999999
mouth
True
False
False
True
False
0.090000
0.06
0.05
0
0
0.03
12
0
0
0
0
0
ViciousMouth
7
2
0
0
0
1
0.056159
0.055052
1.000033
0
0
0
1
0.056159
0.055052
1.000033
3
0
0
0
1
0.056159
0.055052
1.000033
0
0
0
1
0.056159
0.055052
1.000033
0
0
0
1
0.056159
0.055052
1.000033
3
0
0
0
1
0.056159
0.055052
1.000033
0
0
0
1
0.056159
0.055052
1.000033
0
0
0
1
0.056159
0.055052
1.000033
3
0
0
0
1
0.056159
0.055052
1.000033
0
0
0
1
0.056159
0.055052
1.000033
0
0
0
1
0.056159
0.055052
1.000033
2
0
0
0
1
0.056159
0.055052
1.000033
0
0
0
1
0.056159
0.055052
1.000033
2
0
0
0
1
0.056159
0.055052
1.000033
0
0
0
1
0.056159
0.055052
1.000033
2
0
0
0
1
0.056159
0.055052
1.000033
0
0
0
1
0.056159
0.055052
1.000033
hornbump
False
True
False
True
True
0.070999
0.041
0.101
0
-0.04
0
2
1
15
0
0
0
0
None
7
2
0.122654
0.044642
0.339094
0.931653
-1
0.989386
-0.1787
0.122654
0.044642
0.339094
0.931653
-1
0.989386
-0.1787
3
0.122654
0.044642
0.339094
0.931653
-1
0.989386
-0.1787
0.122654
0.044642
0.339094
0.931653
-1
0.989386
-0.1787
0.122654
0.044642
0.339094
0.931653
-1
0.989386
-0.1787
3
0.122654
0.044642
0.339094
0.931653
-1
0.989386
-0.1787
0.122654
0.044642
0.339094
0.931653
-1
0.989386
-0.1787
0.122654
0.044642
0.339094
0.931653
-1
0.989386
-0.1787
3
0.122654
0.044642
0.339094
0.931653
-1
0.989386
-0.1787
0.122654
0.044642
0.339094
0.931653
-1
0.989386
-0.1787
0.122654
0.044642
0.339094
0.931653
-1
0.989386
-0.1787
2
0.122654
0.044642
0.339094
0.931653
-1
0.989386
-0.1787
0.122654
0.044642
0.339094
0.931653
-1
0.989386
-0.1787
2
0.122654
0.044642
0.339094
0.931653
-1
0.989386
-0.1787
0.122654
0.044642
0.339094
0.931653
-1
0.989386
-0.1787
2
0.122654
0.044642
0.339094
0.931653
-1
0.989386
-0.1787
0.122654
0.044642
0.339094
0.931653
-1
0.989386
-0.1787
horn
False
False
False
True
True
0.051
0.101
0.070999
0
0.04
0
14
1
16
0
0
-19
0
None
7
2
0
0
0
1
0
1.000033
0.10198
0
0
0
1
0
1.000033
0.10198
3
0
0
0
1
0
1.000033
0.10198
0
0
0
1
0
1.000033
0.10198
0
0
0
1
0
1.000033
0.10198
3
0
0
0
1
0
1.000033
0.10198
0
0
0
1
0
1.000033
0.10198
0
0
0
1
0
1.000033
0.10198
3
0
0
0
1
0
1.000033
0.10198
0
0
0
1
0
1.000033
0.10198
0
0
0
1
0
1.000033
0.10198
2
0
0
0
1
0
1.000033
0.10198
0
0
0
1
0
1.000033
0.10198
2
0
0
0
1
0
1.000033
0.10198
0
0
0
1
0
1.000033
0.10198
2
0
0
0
1
0
1.000033
0.10198
0
0
0
1
0
1.000033
0.10198
hornext
False
False
False
True
True
0.041000
0.141
0.031000
0
0.099999
0
15
0
0
0
-19
0
None
7
2
0.593858
0.245984
-0.29315
0.707732
0
1.000014
0.297123
0.593858
0.245984
-0.29315
0.707732
0
1.000014
0.297123
3
0.593858
0.245984
-0.29315
0.707732
0
1.000014
0.297123
0.593858
0.245984
-0.29315
0.707732
0
1.000014
0.297123
0.593858
0.245984
-0.29315
0.707732
0
1.000014
0.297123
3
0.593858
0.245984
-0.29315
0.707732
0
1.000014
0.297123
0.593858
0.245984
-0.29315
0.707732
0
1.000014
0.297123
0.593858
0.245984
-0.29315
0.707732
0
1.000014
0.297123
3
0.593858
0.245984
-0.29315
0.707732
0
1.000014
0.297123
0.593858
0.245984
-0.29315
0.707732
0
1.000014
0.297123
0.593858
0.245984
-0.29315
0.707732
0
1.000014
0.297123
2
0.593858
0.245984
-0.29315
0.707732
0
1.000014
0.297123
0.593858
0.245984
-0.29315
0.707732
0
1.000014
0.297123
2
0.593858
0.245984
-0.29315
0.707732
0
1.000014
0.297123
0.593858
0.245984
-0.29315
0.707732
0
1.000014
0.297123
2
0.593858
0.245984
-0.29315
0.707732
0
1.000014
0.297123
0.593858
0.245984
-0.29315
0.707732
0
1.000014
0.297123
pecs
False
True
False
True
False
0.090999
0.031000
0.091000
0
0
0
0
0
0
0
-6
0
None
7
2
0
0.130689
-0.00374
0.991416
-0.38774
-1
0.419038
0
-0.04345
-0.0038
0.999048
-0.45848
-1
0.495492
3
0
-0.04345
-0.0038
0.999048
-0.45848
-1
0.495492
0
-0.04345
-0.0038
0.999048
-0.45848
-1
0.495492
0
-0.04345
-0.0038
0.999048
-0.45848
-1
0.495492
3
0
-0.04345
-0.0038
0.999048
-0.45848
-1
0.495492
0
-0.04345
-0.0038
0.999048
-0.45848
-1
0.495492
0
-0.04345
-0.0038
0.999048
-0.45848
-1
0.495492
3
0
-0.04345
-0.0038
0.999048
-0.45848
-1
0.495492
0
-0.04345
-0.0038
0.999048
-0.45848
-1
0.495492
0
-0.04345
-0.0038
0.999048
-0.45848
-1
0.495492
2
0
0.130689
-0.00374
0.991416
-0.38774
-1
0.419038
0
0.130689
-0.00374
0.991416
-0.38774
-1
0.419038
2
0
0.130689
-0.00374
0.991416
-0.38774
-1
0.419038
0
0.130689
-0.00374
0.991416
-0.38774
-1
0.419038
2
0
-0.04345
-0.0038
0.999048
-0.45848
-1
0.495492
0
-0.04345
-0.0038
0.999048
-0.45848
-1
0.495492
abs
False
False
False
True
False
0.080999
0.011
0.151
0
0
0
0
0
0
0
-6
0
None
7
2
0
0
0
1
0
-1
-0.2195
0
0
0
1
0
-1
-0.2195
3
0
0
0
1
0
-1
-0.2195
0
0
0
1
0
-1
-0.2195
0
0
0
1
0
-1
-0.2195
3
0
0
0
1
0
-1
-0.2195
0
0
0
1
0
-1
-0.2195
0
0
0
1
0
-1
-0.2195
3
0
0
0
1
0
-1
-0.2195
0
0
0
1
0
-1
-0.2195
0
0
0
1
0
-1
-0.2195
2
0
0
0
1
0
-1
-0.2195
0
0
0
1
0
-1
-0.2195
2
0
0
0
1
0
-1
-0.2195
0
0
0
1
0
-1
-0.2195
2
0
0
0
1
0
-1
-0.2195
0
0
0
1
0
-1
-0.2195
