30
0.469041
0.376470
0.474509
0.584313
perk_tail_slap
false
0.338392
pacific
whale
golfinho
pacífico
baleia
дельфин
Тихоокеанский
КИТ
lumba
pasifik
ikan-paus
delfín
pacifico
ballena
ปลา โลมา
แปซิฟิก
ปลาวาฬ
pacífico
Тихоокеанская
pacífica
F
M
F
Тихоокеанское
false
Uncooked Meat
Bones
Scales
?
?
11
torso
False
False
False
False
False
0.171
0.201
0.331
0
0
0
-1
4
1
5
6
7
0
0
0
0
None
7
2
0.017452
0
0
0.999847
0
0
0
0.017452
0
0
0.999847
0
0
0
3
0.069756
0
0
0.997564
0
0
0
-0.05233
0
0
0.998629
0
0
0
-0.05233
0
0
0.998629
0
0
0
3
0.017409
0.069745
0.001217
0.997412
0
0
0
-0.08715
0
0
0.996194
0
0
0
0.017356
-0.10451
-0.00182
0.99437
0
0
0
3
0.233445
0
0
0.97237
0
0
-0.14
-0.15643
0
0
0.987688
0
0
0.32
0.061048
0
0
0.998134
0
0
0.42
2
-0.3665
0
0
0.930417
0
0.02
0.24
-0.40673
0
0
0.913545
0
0.02
0.24
2
-0.99984
0
0
0.017452
0
-0.16
-0.48
-0.99984
0
0
0.017452
0
-0.18
-0.48
2
-0.24192
0
0
0.970295
0
0
0
-0.40673
0
0
0.913545
0
0
0
neck
False
False
False
True
False
0.080999
0.101
0.061
0
0
0
0
1
2
0
0
0
0
None
7
2
0.052335
0
0
0.998629
-0.05528
-0.08989
0.999998
0.052335
0
0
0.998629
-0.05528
-0.08989
0.999998
3
0.052335
0
0
0.998629
-0.05528
-0.08989
0.999998
0.052335
0
0
0.998629
-0.05528
-0.08989
0.999998
0.052335
0
0
0.998629
-0.05528
-0.08989
0.999998
3
0.052335
0
0
0.998629
-0.05528
-0.08989
0.999998
0.052335
0
0
0.998629
-0.05528
-0.08989
0.999998
0.052335
0
0
0.998629
-0.05528
-0.08989
0.999998
3
0.052335
0
0
0.998629
-0.05528
-0.08989
0.999998
0.052335
0
0
0.998629
-0.05528
-0.08989
0.999998
0.052335
0
0
0.998629
-0.05528
-0.08989
0.999998
2
0.052335
0
0
0.998629
-0.05528
-0.08989
0.999998
0.052335
0
0
0.998629
-0.05528
-0.08989
0.999998
2
0.052335
0
0
0.998629
-0.05528
-0.08989
0.999998
0.052335
0
0
0.998629
-0.05528
-0.08989
0.999998
2
0.052335
0
0
0.998629
-0.05528
-0.08989
0.999998
0.052335
0
0
0.998629
-0.05528
-0.49499
0.999999
head
False
False
False
False
False
0.131
0.141
0.181
0
0
0
1
2
3
4
0
2
-4
0
None
7
2
0.241921
0
0
0.970295
0.059264
-0.03957
1.000018
0.139173
0
0
0.990268
0.059252
0.243065
1.000004
3
0.104528
0
0
0.994522
0.059264
-0.03957
1.000018
0.121869
0
0
0.992546
0.059264
-0.03957
1.000018
0.469471
0
0
0.882947
0.059256
-0.14812
1.000032
3
0.236635
-0.20173
-0.05029
0.949092
0.059264
-0.03957
1.000018
0.034899
0
0
0.99939
0.059258
0.21409
1.000021
0.237477
0.185141
0.04616
0.952468
0.41218
-0.04499
0.999984
3
0.446197
0
0
0.894934
0.059264
-0.03957
1.000018
0.522498
0
0
0.85264
0.059245
0.051519
1.000005
0.522498
0
0
0.85264
0.059245
0.051519
1.000005
2
0.113203
0
0
0.993571
0.059238
0.197551
0.999992
0.113203
0
0
0.993571
0.059238
0.197551
0.999992
2
-0.97029
0
0
0.241922
0.059264
-0.03957
1.000018
-0.97029
0
0
0.241922
0.059264
-0.03957
1.000018
2
0.241921
0
0
0.970295
0.059264
-0.03957
1.000018
0.241921
0
0
0.970295
0.059264
-0.03957
1.000018
snout
False
False
False
True
False
0.090998
0.060999
0.271
0
0
0.02
2
1
10
0
2
-4
0
None
7
2
0.139109
-0.0024
0
0.990274
0.026187
-0.37878
0.999996
0.034835
-0.00234
0
0.99939
0.026187
-0.37878
0.999996
3
0.139109
-0.0024
0
0.990274
0.026187
-0.37878
0.999996
0.139109
-0.0024
0
0.990274
0.026187
-0.37878
0.999996
0.139109
-0.0024
0
0.990274
0.026187
-0.37878
0.999996
3
0.139109
-0.0024
0
0.990274
0.026187
-0.37878
0.999996
0.139109
-0.0024
0
0.990274
0.026187
-0.37878
0.999996
0.139109
-0.0024
0
0.990274
0.026187
-0.37878
0.999996
3
0.139109
-0.0024
0
0.990274
0.026187
-0.37878
0.999996
0.139109
-0.0024
0
0.990274
0.026187
-0.37878
0.999996
0.139109
-0.0024
0
0.990274
0.026187
-0.37878
0.999996
2
0.139109
-0.0024
0
0.990274
0.026187
-0.37878
0.999996
0.139109
-0.0024
0
0.990274
0.026187
-0.37878
0.999996
2
0.139109
-0.0024
0
0.990274
0.026187
-0.37878
0.999996
0.139109
-0.0024
0
0.990274
0.026187
-0.37878
0.999996
2
0.139109
-0.0024
0
0.990274
0.026187
-0.37878
0.999996
0.139109
-0.0024
0
0.990274
0.026187
-0.37878
0.999996
eyes
True
True
False
True
False
0.06
0.06
0.05
0
0
0.01
2
0
0
0
0
0
RegularEye
7
2
0
0
0
1
-0.79999
0.331468
1.000009
0
0
0
1
-0.79999
0.331468
1.000009
3
0
0
0
1
-0.79999
0.331468
1.000009
0
0
0
1
-0.79999
0.331468
1.000009
0
0
0
1
-0.79999
0.331468
1.000009
3
0
0
0
1
-0.79999
0.331468
1.000009
0
0
0
1
-0.79999
0.331468
1.000009
0
0
0
1
-0.79999
0.331468
1.000009
3
0
0
0
1
-0.79999
0.331468
1.000009
0
0
0
1
-0.79999
0.331468
1.000009
0
0
0
1
-0.79999
0.331468
1.000009
2
0
0
0
1
-0.79999
0.331468
1.000009
0
0
0
1
-0.79999
0.331468
1.000009
2
0
0
0
1
-0.79999
0.331468
1.000009
0
0
0
1
-0.79999
0.331468
1.000009
2
0
0
0
1
-0.79999
0.331468
1.000009
0
0
0
1
-0.79999
0.331468
1.000009
shoulder
False
True
True
False
False
0.030999
0.041000
0.131
0
0
-0.08
0
1
8
0
2
-2
0
None
7
2
-0.87811
0.469185
-0.01638
0.092293
-1
-0.51071
0.357005
-0.79416
0.594826
-0.11662
-0.04339
-0.99999
-0.19615
0.207114
3
-0.91566
0.390867
-0.02436
0.090514
-0.99999
-0.49568
0.056537
-0.71612
0.693663
0.013335
0.076231
-0.99999
-0.03501
0.275223
-0.92874
0.358673
-0.0275
0.089608
-0.99999
-0.38511
0.496212
3
-0.87811
0.469185
-0.01638
0.092293
-1
-0.51071
0.357005
-0.80258
0.586232
-0.00935
0.109976
-0.99999
-0.20097
0.241397
-0.87811
0.469185
-0.01638
0.092293
-1
-0.60786
0.162347
3
-0.75574
0.648122
0.00398
0.093652
-1
-0.30602
0.357026
-0.75932
0.648096
-0.05674
-0.01354
-1
-0.3863
0.357009
-0.66823
0.741663
-0.05802
-0.00602
-1
-0.1876
0.357016
2
-0.97377
0.174618
0.017479
0.144792
-0.99999
-0.11768
0.28927
-0.97377
0.174618
0.017479
0.144792
-0.99999
-0.11768
0.28927
2
-0.09229
-0.01638
-0.46918
-0.87811
-1
-0.51071
0.357005
-0.09229
-0.01638
-0.46918
-0.87811
-1
-0.51071
0.357005
2
0.225926
0.969624
0.084908
0.039713
-1
0.84104
0.357059
0.168384
0.804255
-0.55125
-0.14471
-1
0.84104
0.357059
tail
False
False
False
False
False
0.111
0.131
0.291001
0
0.02
0.2
0
1
9
0
2
-2
0
None
7
2
-0.97437
0
0
-0.22495
-0.03689
-0.01794
-0.99999
-0.99254
0
0
-0.12186
-0.03689
0.213211
-1
3
-0.99254
0
0
0.121869
-0.03689
0.403842
-0.99999
-0.99756
0
0
-0.06975
-0.03689
0.349366
-1
-0.95105
0
0
-0.30901
-0.03689
-0.01794
-0.99999
3
-0.95307
-0.04676
-0.20258
-0.22003
-0.03689
-0.01794
-0.99999
-0.97437
0
0
-0.22495
-0.03689
-0.01794
-0.99999
-0.9671
0.027414
0.118745
-0.22327
-0.03689
-0.01794
-0.99999
3
-0.88294
0
0
-0.46947
-0.03689
-0.01794
-0.99999
-0.99254
0
0
0.121869
-0.03689
-0.01794
-0.99999
-0.96363
0
0
-0.26723
-0.03689
-0.01794
-0.99999
2
-0.92718
0
0
0.374606
-0.03689
-0.01794
-0.99999
-0.92718
0
0
0.374606
-0.03689
-0.01794
-0.99999
2
0.22495
0
0
-0.97437
-0.03689
-0.01794
-0.99999
0.22495
0
0
-0.97437
-0.03689
-0.01794
-0.99999
2
-0.97437
0
0
-0.22495
-0.03689
-0.01794
-0.99999
-0.97437
0
0
-0.22495
-0.03689
-0.01794
-0.99999
backfin
False
True
False
False
False
0.031
0.161
0.101
0
0.06
0
0
0
0
0
0
0
None
7
2
-0.35836
0
0
0.93358
0.035648
0.999996
-0.47832
-0.35836
0
0
0.93358
0.035648
0.999996
-0.47832
3
-0.35836
0
0
0.93358
0.035648
0.999996
-0.47832
-0.35836
0
0
0.93358
0.035648
0.999996
-0.47832
-0.35836
0
0
0.93358
0.035648
0.999996
-0.47832
3
-0.35836
0
0
0.93358
0.035648
0.999996
-0.47832
-0.35836
0
0
0.93358
0.035648
0.999996
-0.47832
-0.35836
0
0
0.93358
0.035648
0.999996
-0.47832
3
-0.35836
0
0
0.93358
0.035648
0.999996
-0.47832
-0.35836
0
0
0.93358
0.035648
0.999996
-0.47832
-0.35836
0
0
0.93358
0.035648
0.999996
-0.47832
2
-0.35836
0
0
0.93358
0.035648
0.999996
-0.47832
-0.35836
0
0
0.93358
0.035648
0.999996
-0.47832
2
-0.93358
0
0
-0.35836
0.035648
0.999996
-0.47832
-0.93358
0
0
-0.35836
0.035648
0.999996
-0.47832
2
-0.35836
0
0
0.93358
0.035648
0.999996
-0.47832
-0.35836
0
0
0.93358
0.035648
0.999996
-0.47832
wing
False
False
True
True
False
0.021
0.161
0.081
0
0.14
0
5
0
0
0
0
0
None
7
2
0
0
0
1
-0.17827
1.000005
-0.1875
0
0
0
1
-0.17827
1.000005
-0.1875
3
0
0
0
1
-0.17827
1.000005
-0.1875
0
0
0
1
-0.17827
1.000005
-0.1875
0
0
0
1
-0.17827
1.000005
-0.1875
3
0
0
0
1
-0.17827
1.000005
-0.1875
0
0
0
1
-0.17827
1.000005
-0.1875
0
0
0
1
-0.17827
1.000005
-0.1875
3
0
0
0
1
-0.17827
1.000005
-0.1875
0
0
0
1
-0.15535
1.000023
-0.1634
0
0
0
1
-0.15535
1.000023
-0.1634
2
0
0
0
1
-0.17827
1.000005
-0.1875
0
0
0
1
-0.17827
1.000005
-0.1875
2
0
0
0
1
-0.17827
1.000005
-0.1875
0
0
0
1
-0.17827
1.000005
-0.1875
2
0
0
0
1
-0.17827
1.000005
-0.1875
0
0
0
1
-0.17827
1.000005
-0.1875
dolphintail
False
True
False
True
False
0.161
0.021000
0.081000
-0.12
0
0
6
0
0
0
0
0
None
7
2
0
0.292371
0
0.956304
-1
0.118144
0.782027
0
0.292371
0
0.956304
-1
0.118144
0.782027
3
0
0.292371
0
0.956304
-1
0.118144
0.782027
0
0.292371
0
0.956304
-1
0.118144
0.782027
0
0.292371
0
0.956304
-1
0.118144
0.782027
3
0
0.292371
0
0.956304
-1
0.118144
0.782027
0
0.292371
0
0.956304
-1
0.118144
0.782027
0
0.292371
0
0.956304
-1
0.118144
0.782027
3
0
0.292371
0
0.956304
-1
0.118144
0.782027
0
0.292371
0
0.956304
-1
0.118144
0.782027
0
0.292371
0
0.956304
-1
0.118144
0.782027
2
0
0.292371
0
0.956304
-1
0.118144
0.782027
0
0.292371
0
0.956304
-1
0.118144
0.782027
2
0
0.292371
0
0.956304
-1
0.118144
0.782027
0
0.292371
0
0.956304
-1
0.118144
0.782027
2
0
0.292371
0
0.956304
-1
0.118144
0.782027
0
0.292371
0
0.956304
-1
0.118144
0.782027
mouth
True
False
False
True
False
0.079999
0.099999
0.05
0
0
0.01
3
0
0
0
0
0
HippoSmile
7
2
0
0
0
1
0
0.427762
0.999999
0
0
0
1
0
0.427762
0.999999
3
0
0
0
1
0
0.427762
0.999999
0
0
0
1
0
0.427762
0.999999
0
0
0
1
0
0.427762
0.999999
3
0
0
0
1
0
0.427762
0.999999
0
0
0
1
0
0.427762
0.999999
0
0
0
1
0
0.427762
0.999999
3
0
0
0
1
0
0.427762
0.999999
0
0
0
1
0
0.427762
0.999999
0
0
0
1
0
0.427762
0.999999
2
0
0
0
1
0
0.427762
0.999999
0
0
0
1
0
0.427762
0.999999
2
0
0
0
1
0
0.427762
0.999999
0
0
0
1
0
0.427762
0.999999
2
0
0
0
1
0
0.427762
0.999999
0
0
0
1
0
0.427762
0.999999
