30
0.009550
0.835294
0.741176
0.411764
perk_sticky_web
false
0.981926
gooey
hole
rosquinha
viscoso
buraco
пончик
слизистый
дыра
donat
lengket
lubang 
dona
pegajoso
agujero
โดนัท
เหนอะหนะ
หลุม
viscosa
слизистая
pegajosa
M
F
M
слизистое
false
?
?
?
?
?
12
torso
False
False
False
False
False
0.041
0.031
0.011
0
0
0
-1
1
1
0
0
0
0
None
7
2
-0.69465
0
0
0.719339
0
0
0
-0.69465
0
0
0.719339
0
0
0
3
-0.69465
0
0
0.719339
0
0
0
-0.69465
0
0
0.719339
0
0
0
-0.69465
0
0
0.719339
0
0
0
3
-0.69465
0
0
0.719339
0
0
0
-0.69465
0
0
0.719339
0
0
0
-0.69465
0
0
0.719339
0
0
0
3
-0.69465
0
0
0.719339
0
0
0
-0.69465
0
0
0.719339
0
0
0
-0.69465
0
0
0.719339
0
0
0
2
-0.69465
0
0
0.719339
0
0
0.36
-0.69465
0
0
0.719339
0
0
0.36
2
-0.99452
0
0
0.104528
0
-0.63999
-0.48
-0.99452
0
0
0.104528
0
-0.65999
-0.48
2
-0.69465
0
0
0.719339
0
0
0
-0.69465
0
0
0.719339
0
0
0
neck
False
False
False
True
False
0.031
0.031
0.011
0
0
0.02
0
1
2
0
0
0
0
None
7
2
0.008726
0
0
0.999961
-0.0227
0.03748
1.000012
0.008726
0
0
0.999961
-0.0227
0.03748
1.000012
3
0.008726
0
0
0.999961
-0.0227
0.03748
1.000012
0.008726
0
0
0.999961
-0.0227
0.03748
1.000012
0.008726
0
0
0.999961
-0.0227
0.03748
1.000012
3
0.008726
0
0
0.999961
-0.0227
0.03748
1.000012
0.008726
0
0
0.999961
-0.0227
0.03748
1.000012
0.008726
0
0
0.999961
-0.0227
0.03748
1.000012
3
0.008726
0
0
0.999961
-0.0227
0.03748
1.000012
0.008726
0
0
0.999961
-0.0227
0.03748
1.000012
0.008726
0
0
0.999961
-0.0227
0.03748
1.000012
2
0.008726
0
0
0.999961
-0.0227
0.03748
1.000012
0.008726
0
0
0.999961
-0.0227
0.03748
1.000012
2
0.008726
0
0
0.999961
-0.0227
0.03748
1.000012
0.008726
0
0
0.999961
-0.0227
0.03748
1.000012
2
0.008726
0
0
0.999961
-0.0227
0.03748
1.000012
0.008726
0
0
0.999961
-0.0227
0.03748
1.000012
head
False
False
False
False
False
0.141
0.081
0.071
0
0.04
0
1
2
3
7
0
0
0
0
None
7
2
0.008726
0
0
0.999962
-0.99996
-0.0137
-0.01053
0.008726
0
0
0.999962
-0.99996
-0.0137
-0.01053
3
0.008726
0
0
0.999962
-0.99996
-0.0137
-0.01053
0.008726
0
0
0.999962
-0.99996
-0.0137
-0.01053
0.008726
0
0
0.999962
-0.99996
-0.0137
-0.01053
3
0.008726
0
0
0.999962
-0.99996
-0.0137
-0.01053
0.008726
0
0
0.999962
-0.99996
-0.0137
-0.01053
0.008726
0
0
0.999962
-0.99996
-0.0137
-0.01053
3
0.008726
0
0
0.999962
-0.99996
-0.0137
-0.01053
0.008726
0
0
0.999962
-0.99996
-0.0137
-0.01053
0.008726
0
0
0.999962
-0.99996
-0.0137
-0.01053
2
0.008726
0
0
0.999962
-0.99996
-0.0137
-0.01053
0.008726
0
0
0.999962
-0.99996
-0.0137
-0.01053
2
-0.63607
0
0
0.771624
-0.99996
-0.0137
-0.01053
-0.63607
0
0
0.771624
-0.99996
-0.0137
-0.01053
2
0.008726
0
0
0.999962
-0.99996
-0.0137
-0.01053
0.008726
0
0
0.999962
-0.99996
-0.0137
-0.01053
dnut1
False
True
False
True
False
0.121
0.071
0.071
-0.08
0
0.02
2
2
4
8
0
0
0
0
None
7
2
0.040299
-0.01669
-0.38231
0.923
-1
0.17444
-0.36913
0.040299
-0.01669
-0.38231
0.923
-1
0.17444
-0.36913
3
0.040299
-0.01669
-0.38231
0.923
-1
0.17444
-0.36913
0.040299
-0.01669
-0.38231
0.923
-1
0.17444
-0.36913
0.040299
-0.01669
-0.38231
0.923
-1
0.17444
-0.36913
3
0.040299
-0.01669
-0.38231
0.923
-1
0.17444
-0.36913
0.040299
-0.01669
-0.38231
0.923
-1
0.17444
-0.36913
0.040299
-0.01669
-0.38231
0.923
-1
0.17444
-0.36913
3
0.040299
-0.01669
-0.38231
0.923
-1
0.17444
-0.36913
0.040299
-0.01669
-0.38231
0.923
-1
0.17444
-0.36913
0.040299
-0.01669
-0.38231
0.923
-1
0.17444
-0.36913
2
0.040299
-0.01669
-0.38231
0.923
-1
0.17444
-0.36913
0.040299
-0.01669
-0.38231
0.923
-1
0.17444
-0.36913
2
0.040299
-0.01669
-0.38231
0.923
-1
0.17444
-0.36913
0.040299
-0.01669
-0.38231
0.923
-1
0.17444
-0.36913
2
0.040299
-0.01669
-0.38231
0.923
-1
0.17444
-0.36913
0.040299
-0.01669
-0.38231
0.923
-1
0.17444
-0.36913
dnut3
False
False
False
True
False
0.071
0.121
0.080999
0.02
0.059999
0
3
2
5
9
0
0
0
0
None
7
2
-0.04098
-0.01491
0.422216
0.905445
-0.99999
0
-0.0651
-0.04098
-0.01491
0.422216
0.905445
-0.99999
0
-0.0651
3
-0.04098
-0.01491
0.422216
0.905445
-0.99999
0
-0.0651
-0.04098
-0.01491
0.422216
0.905445
-0.99999
0
-0.0651
-0.04098
-0.01491
0.422216
0.905445
-0.99999
0
-0.0651
3
-0.04098
-0.01491
0.422216
0.905445
-0.99999
0
-0.0651
-0.04098
-0.01491
0.422216
0.905445
-0.99999
0
-0.0651
-0.04098
-0.01491
0.422216
0.905445
-0.99999
0
-0.0651
3
-0.04098
-0.01491
0.422216
0.905445
-0.99999
0
-0.0651
-0.04098
-0.01491
0.422216
0.905445
-0.99999
0
-0.0651
-0.04098
-0.01491
0.422216
0.905445
-0.99999
0
-0.0651
2
-0.04098
-0.01491
0.422216
0.905445
-0.99999
0
-0.0651
-0.04098
-0.01491
0.422216
0.905445
-0.99999
0
-0.0651
2
-0.04098
-0.01491
0.422216
0.905445
-0.99999
0
-0.0651
-0.04098
-0.01491
0.422216
0.905445
-0.99999
0
-0.0651
2
-0.04098
-0.01491
0.422216
0.905445
-0.99999
0
-0.0651
-0.04098
-0.01491
0.422216
0.905445
-0.99999
0
-0.0651
dnut7
False
False
False
True
False
0.070999
0.101
0.080999
0.02
0.06
0
4
2
6
10
0
0
0
0
None
7
2
0
0
-0.3007
0.953716
0
0.999998
0.008513
0
0
-0.3007
0.953716
0
0.999998
0.008513
3
0
0
-0.3007
0.953716
0
0.999998
0.008513
0
0
-0.3007
0.953716
0
0.999998
0.008513
0
0
-0.3007
0.953716
0
0.999998
0.008513
3
0
0
-0.3007
0.953716
0
0.999998
0.008513
0
0
-0.3007
0.953716
0
0.999998
0.008513
0
0
-0.3007
0.953716
0
0.999998
0.008513
3
0
0
-0.3007
0.953716
0
0.999998
0.008513
0
0
-0.3007
0.953716
0
0.999998
0.008513
0
0
-0.3007
0.953716
0
0.999998
0.008513
2
0
0
-0.3007
0.953716
0
0.999998
0.008513
0
0
-0.3007
0.953716
0
0.999998
0.008513
2
0
0
-0.3007
0.953716
0
0.999998
0.008513
0
0
-0.3007
0.953716
0
0.999998
0.008513
2
0
0
-0.3007
0.953716
0
0.999998
0.008513
0
0
-0.3007
0.953716
0
0.999998
0.008513
dnutfin
False
False
False
True
False
0.061
0.131
0.091
0
0.08
0
5
1
11
0
0
0
0
None
7
2
-0.00393
0.015188
-0.34195
0.939584
0
1
0.007266
-0.00393
0.015188
-0.34195
0.939584
0
1
0.007266
3
-0.00393
0.015188
-0.34195
0.939584
0
1
0.007266
-0.00393
0.015188
-0.34195
0.939584
0
1
0.007266
-0.00393
0.015188
-0.34195
0.939584
0
1
0.007266
3
-0.00393
0.015188
-0.34195
0.939584
0
1
0.007266
-0.00393
0.015188
-0.34195
0.939584
0
1
0.007266
-0.00393
0.015188
-0.34195
0.939584
0
1
0.007266
3
-0.00393
0.015188
-0.34195
0.939584
0
1
0.007266
-0.00393
0.015188
-0.34195
0.939584
0
1
0.007266
-0.00393
0.015188
-0.34195
0.939584
0
1
0.007266
2
-0.00393
0.015188
-0.34195
0.939584
0
1
0.007266
-0.00393
0.015188
-0.34195
0.939584
0
1
0.007266
2
-0.00393
0.015188
-0.34195
0.939584
0
1
0.007266
-0.00393
0.015188
-0.34195
0.939584
0
1
0.007266
2
-0.00393
0.015188
-0.34195
0.939584
0
1
0.007266
-0.00393
0.015188
-0.34195
0.939584
0
1
0.007266
icing1
False
False
False
True
False
0.141
0.051
0.021
0
0
0
2
0
-15
6
5
0
None
7
2
0
0
0
1
0
0.141969
1.000027
0
0
0
1
0
0.141969
1.000027
3
0
0
0
1
0
0.141969
1.000027
0
0
0
1
0
0.141969
1.000027
0
0
0
1
0
0.141969
1.000027
3
0
0
0
1
0
0.141969
1.000027
0
0
0
1
0
0.141969
1.000027
0
0
0
1
0
0.141969
1.000027
3
0
0
0
1
0
0.141969
1.000027
0
0
0
1
0
0.141969
1.000027
0
0
0
1
0
0.141969
1.000027
2
0
0
0
1
0
0.141969
1.000027
0
0
0
1
0
0.141969
1.000027
2
0
0
0
1
0
0.141969
1.000027
0
0
0
1
0
0.141969
1.000027
2
0
0
0
1
0
0.141969
1.000027
0
0
0
1
0
0.141969
1.000027
icing2
False
False
False
True
False
0.101
0.051
0.021
0
0
0
3
0
-15
6
5
0
None
7
2
0
0
0
1
0.071008
0.121896
0.999999
0
0
0
1
0.071008
0.121896
0.999999
3
0
0
0
1
0.071008
0.121896
0.999999
0
0
0
1
0.071008
0.121896
0.999999
0
0
0
1
0.071008
0.121896
0.999999
3
0
0
0
1
0.071008
0.121896
0.999999
0
0
0
1
0.071008
0.121896
0.999999
0
0
0
1
0.071008
0.121896
0.999999
3
0
0
0
1
0.071008
0.121896
0.999999
0
0
0
1
0.071008
0.121896
0.999999
0
0
0
1
0.071008
0.121896
0.999999
2
0
0
0
1
0.071008
0.121896
0.999999
0
0
0
1
0.071008
0.121896
0.999999
2
0
0
0
1
0.071008
0.121896
0.999999
0
0
0
1
0.071008
0.121896
0.999999
2
0
0
0
1
0.071008
0.121896
0.999999
0
0
0
1
0.071008
0.121896
0.999999
icing3
False
False
False
True
False
0.051
0.091000
0.011
0
0
0
4
0
-15
6
5
0
None
7
2
0
0
0
1
0.184773
-0.16656
1.000009
0
0
0
1
0.184773
-0.16656
1.000009
3
0
0
0
1
0.184773
-0.16656
1.000009
0
0
0
1
0.184773
-0.16656
1.000009
0
0
0
1
0.184773
-0.16656
1.000009
3
0
0
0
1
0.184773
-0.16656
1.000009
0
0
0
1
0.184773
-0.16656
1.000009
0
0
0
1
0.184773
-0.16656
1.000009
3
0
0
0
1
0.184773
-0.16656
1.000009
0
0
0
1
0.184773
-0.16656
1.000009
0
0
0
1
0.184773
-0.16656
1.000009
2
0
0
0
1
0.184773
-0.16656
1.000009
0
0
0
1
0.184773
-0.16656
1.000009
2
0
0
0
1
0.184773
-0.16656
1.000009
0
0
0
1
0.184773
-0.16656
1.000009
2
0
0
0
1
0.184773
-0.16656
1.000009
0
0
0
1
0.184773
-0.16656
1.000009
icing4
False
False
False
True
False
0.051
0.111
0.021
0
0
0
5
0
-15
6
5
0
None
7
2
0
0
0
1
0.280203
-0.03316
1.000032
0
0
0
1
0.280203
-0.03316
1.000032
3
0
0
0
1
0.280203
-0.03316
1.000032
0
0
0
1
0.280203
-0.03316
1.000032
0
0
0
1
0.280203
-0.03316
1.000032
3
0
0
0
1
0.280203
-0.03316
1.000032
0
0
0
1
0.280203
-0.03316
1.000032
0
0
0
1
0.280203
-0.03316
1.000032
3
0
0
0
1
0.280203
-0.03316
1.000032
0
0
0
1
0.280203
-0.03316
1.000032
0
0
0
1
0.280203
-0.03316
1.000032
2
0
0
0
1
0.280203
-0.03316
1.000032
0
0
0
1
0.280203
-0.03316
1.000032
2
0
0
0
1
0.280203
-0.03316
1.000032
0
0
0
1
0.280203
-0.03316
1.000032
2
0
0
0
1
0.280203
-0.03316
1.000032
0
0
0
1
0.280203
-0.03316
1.000032
icing6
False
False
False
True
False
0.041
0.101
0.011
0
0
0
6
0
-15
6
5
0
None
7
2
0
0
0
1
0.241647
0.143178
1
0
0
0
1
0.241647
0.143178
1
3
0
0
0
1
0.241647
0.143178
1
0
0
0
1
0.241647
0.143178
1
0
0
0
1
0.241647
0.143178
1
3
0
0
0
1
0.241647
0.143178
1
0
0
0
1
0.241647
0.143178
1
0
0
0
1
0.241647
0.143178
1
3
0
0
0
1
0.241647
0.143178
1
0
0
0
1
0.241647
0.143178
1
0
0
0
1
0.241647
0.143178
1
2
0
0
0
1
0.241647
0.143178
1
0
0
0
1
0.241647
0.143178
1
2
0
0
0
1
0.241647
0.143178
1
0
0
0
1
0.241647
0.143178
1
2
0
0
0
1
0.241647
0.143178
1
0
0
0
1
0.241647
0.143178
1
