30
0.644588
0.470588
0.074509
0.584313
perk_fire_storm
false
0.941122
wicked
beast
dragão
perverso
animal
Дракон
злой
зверь
naga
jahat
binatang
dragón
malvado
bestia
มังกร
ชั่วร้าย
สัตว์ร้าย
perversa
злая
malvada
M
M
F
злой
false
Scales
Sharp Tooth
Uncooked Meat
Bones
?
24
torso
False
False
False
False
False
0.180068
0.177863
0.331404
0
0
0
-1
5
1
5
6
9
19
0
0
0
0
None
7
2
-0.09584
0
0
0.995396
0
0
0
-0.13917
0
0
0.990268
0
0
0
3
-0.09584
0
0
0.995396
0
0
0
-0.09584
0
0
0.995396
0
0
0
0.078459
0
0
0.996917
0
0
0
3
-0.09584
0
0
0.995396
0
0
0
-0.09584
0
0
0.995396
0
0
0
-0.09584
0
0
0.995396
0
0
0
3
0.25038
0
0
0.968147
-0.02
-0.54
-0.58
0.374606
0
0
0.927183
0
-0.02
0.2
0.374606
0
0
0.927183
0
0.08
0.24
2
-0.39073
0
0
0.920504
0
-0.04
0.12
-0.43051
0
0
0.902585
0
-0.04
0.12
2
-0.99996
0
0
-0.00872
0
0
-0.55999
-0.99996
0
0
-0.00872
0
-0.02
-0.55999
2
-0.09584
0
0
0.995396
0
0
0
-0.09584
0
0
0.995396
0
0
0
neck
False
False
False
True
False
0.119755
0.109755
0.259201
0
0
0.32
0
1
2
0
0
0
0
None
7
2
-0.78726
-0.03437
-0.02685
0.615076
0
-0.64127
0.999999
-0.75968
-0.03551
-0.02532
0.64883
0
-0.64127
0.999999
3
-0.75968
-0.03551
-0.02532
0.64883
0
-0.64127
0.999999
-0.78726
-0.03437
-0.02685
0.615076
0
-0.64127
0.999999
-0.75968
-0.03551
-0.02532
0.64883
0
-0.64127
0.999999
3
-0.78726
-0.03437
-0.02685
0.615076
0
-0.64127
0.999999
-0.78726
-0.03437
-0.02685
0.615076
0
-0.64127
0.999999
-0.78726
-0.03437
-0.02685
0.615076
0
-0.64127
0.999999
3
-0.44812
-0.08186
-0.08735
0.885916
0
-0.64127
0.999999
-0.49195
-0.04203
-0.01165
0.869527
0
-0.64127
0.999999
-0.73065
-0.03658
-0.02375
0.681349
0
-0.64127
0.999999
2
-0.52941
-0.04148
-0.01347
0.847241
0
-1
0.900554
-0.52941
-0.04148
-0.01347
0.847241
0
-1
0.900554
2
0.095754
-0.04111
0.01456
0.994448
0
-0.29481
0.999997
0.095754
-0.04111
0.01456
0.994448
0
-0.29481
0.999997
2
-0.78726
-0.03437
-0.02685
0.615076
0
-0.64127
0.999999
-0.78726
-0.03437
-0.02685
0.615076
0
-0.64127
0.999999
head
False
False
False
False
False
0.12314
0.11314
0.128731
0
0
0
1
3
3
4
15
0
3
-3
0
None
7
2
0.043619
0
0
0.999048
0
-0.66235
1.000003
-0.08715
0
0
0.996194
0
-0.66235
1.000003
3
0.043619
0
0
0.999048
0
-0.66235
1.000003
0.043619
0
0
0.999048
0
-0.66235
1.000003
0.043619
0
0
0.999048
0
-0.66235
1.000003
3
0.043619
0
0
0.999048
0
-0.66235
1.000003
0.043619
0
0
0.999048
0
-0.66235
1.000003
0.043619
0
0
0.999048
0
-0.66235
1.000003
3
0.043619
0
0
0.999048
0
-0.66235
1.000003
0.793353
0
0
0.608761
0
-0.66235
1.000003
0.043619
0
0
0.999048
0
-0.66235
1.000003
2
0.043619
0
0
0.999048
0
-0.66235
1.000003
0.043619
0
0
0.999048
0
-0.66235
1.000003
2
-0.84339
0
0
0.537299
0
-0.66235
1.000003
-0.84339
0
0
0.537299
0
-0.66235
1.000003
2
0.043619
0
0
0.999048
0
-0.66235
1.000003
0.043619
0
0
0.999048
0
-0.66235
1.000003
snout
False
False
False
True
False
0.085345
0.084165
0.136526
0
0
0.08
2
3
11
12
23
0
0
0
0
None
7
2
0.121805
-0.00239
0
0.992551
0.026195
-0.41636
1.000007
0.078395
-0.00237
0
0.996919
0.026195
-0.41636
1.000007
3
0.121805
-0.00239
0
0.992551
0.026195
-0.41636
1.000007
0.121805
-0.00239
0
0.992551
0.026195
-0.41636
1.000007
0.121805
-0.00239
0
0.992551
0.026195
-0.41636
1.000007
3
0.121805
-0.00239
0
0.992551
0.026195
-0.41636
1.000007
0.121805
-0.00239
0
0.992551
0.026195
-0.41636
1.000007
0.121805
-0.00239
0
0.992551
0.026195
-0.41636
1.000007
3
0.121805
-0.00239
0
0.992551
0.026195
-0.41636
1.000007
0.121805
-0.00239
0
0.992551
0.026195
-0.41636
1.000007
0.121805
-0.00239
0
0.992551
0.026195
-0.41636
1.000007
2
0.121805
-0.00239
0
0.992551
0.026195
-0.41636
1.000007
0.121805
-0.00239
0
0.992551
0.026195
-0.41636
1.000007
2
0.121805
-0.00239
0
0.992551
0.026195
-0.41636
1.000007
0.121805
-0.00239
0
0.992551
0.026195
-0.41636
1.000007
2
0.121805
-0.00239
0
0.992551
0.026195
-0.41636
1.000007
0.121805
-0.00239
0
0.992551
0.026195
-0.41636
1.000007
eyes
True
True
False
True
False
0.078975
0.078975
0.038975
0
0
0.01
2
0
0
0
0
0
SeriousEye
7
2
0.042903
-0.31838
-0.1317
0.937785
-0.99999
0.146844
0.918445
0.042903
-0.31838
-0.1317
0.937785
-0.99999
0.146844
0.918445
3
0.042903
-0.31838
-0.1317
0.937785
-0.99999
0.146844
0.918445
0.042903
-0.31838
-0.1317
0.937785
-0.99999
0.146844
0.918445
0.042903
-0.31838
-0.1317
0.937785
-0.99999
0.146844
0.918445
3
0.042903
-0.31838
-0.1317
0.937785
-0.99999
0.146844
0.918445
0.042903
-0.31838
-0.1317
0.937785
-0.99999
0.146844
0.918445
0.042903
-0.31838
-0.1317
0.937785
-0.99999
0.146844
0.918445
3
0.042903
-0.31838
-0.1317
0.937785
-0.99999
0.146844
0.918445
0.042903
-0.31838
-0.1317
0.937785
-0.99999
0.146844
0.918445
0.042903
-0.31838
-0.1317
0.937785
-0.99999
0.146844
0.918445
2
0.042903
-0.31838
-0.1317
0.937785
-0.99999
0.146844
0.918445
0.042903
-0.31838
-0.1317
0.937785
-0.99999
0.146844
0.918445
2
0.042903
-0.31838
-0.1317
0.937785
-0.99999
0.146844
0.918445
0.042903
-0.31838
-0.1317
0.937785
-0.99999
0.146844
0.918445
2
0.042903
-0.31838
-0.1317
0.937785
-0.99999
0.146844
0.918445
0.042903
-0.31838
-0.1317
0.937785
-0.99999
0.146844
0.918445
hip
False
True
True
False
False
0.089755
0.106526
0.158887
0
0
0
0
1
7
0
0
0
0
None
7
2
-0.54463
0
0
0.83867
-1
-0.88088
-0.724
-0.54463
0
0
0.83867
-1
-0.88088
-0.724
3
-0.54463
0
0
0.83867
-1
-0.75748
-0.69333
-0.68199
0
0
0.731353
-0.99999
-0.59103
-0.5571
-0.891
0
0
0.45399
-1
-0.96041
-0.15492
3
-0.54463
0
0
0.83867
-1
-0.88088
-0.724
-0.54463
0
0
0.83867
-1
-0.88088
-0.724
-0.54463
0
0
0.83867
-1
-0.88088
-0.724
3
-0.54463
0
0
0.83867
-1
-0.88088
-0.724
-0.54463
0
0
0.83867
-0.72757
-1
-0.52676
-0.45363
0.074242
-0.13734
0.877403
-0.72757
-1
-0.52676
2
-0.99558
0.003041
-0.0871
0.034766
-1
-0.59507
-0.65472
-0.99558
0.003041
-0.0871
0.034766
-1
-0.59507
-0.65472
2
-0.9205
0
0
-0.39073
-1
-0.88088
-0.724
-0.9205
0
0
-0.39073
-1
-0.88088
-0.724
2
-0.54463
0
0
0.83867
-1
-0.88088
-0.724
-0.54463
0
0
0.83867
-1
-0.88088
-0.724
tail
False
False
False
False
False
0.116526
0.198731
0.118731
0
-0.04
0.04
0
1
18
0
0
-3
0
None
7
2
-0.82339
0.182543
-0.11629
-0.52456
0.035806
0.942267
-0.99999
-0.86118
-0.2099
0.156768
-0.43557
0.035806
0.942267
-0.99999
3
-0.86598
-0.19198
0.09994
-0.4508
0.035806
0.942267
-0.99999
-0.83057
0.146453
-0.0933
-0.52913
0.035806
0.942267
-0.99999
-0.86602
0
0
-0.49999
0.035806
0.942267
-0.99999
3
-0.86602
0
0
-0.49999
0.035806
0.942267
-0.99999
-0.86602
0
0
-0.49999
0.035806
0.942267
-0.99999
-0.86602
0
0
-0.49999
0.035806
0.942267
-0.99999
3
-0.86602
0
0
-0.49999
0.035806
0.942267
-0.99999
-0.86602
0
0
-0.49999
0.035806
0.942267
-0.99999
-0.86602
0
0
-0.49999
0.035806
0.942267
-0.99999
2
-0.82339
0.182543
-0.11629
-0.52456
0.035806
0.942267
-0.99999
-0.82339
0.182543
-0.11629
-0.52456
0.035806
0.942267
-0.99999
2
0.373612
-0.08282
-0.19996
-0.90198
0.035806
0.942267
-0.99999
0.373612
-0.08282
-0.19996
-0.90198
0.035806
0.942267
-0.99999
2
-0.86602
0
0
-0.49999
0.035806
0.942267
-0.99999
-0.86602
0
0
-0.49999
0.035806
0.942267
-0.99999
leg
False
False
True
False
False
0.06196
0.059755
0.127863
0
0
-0.1
5
1
8
0
1
-9
0
None
7
2
-0.74314
0
0
0.66913
0.222163
0.637887
-1
-0.74314
0
0
0.66913
0.222163
0.637887
-1
3
-0.74314
0
0
0.66913
0.222163
0.637887
-1
-0.73185
0.116193
-0.12904
0.658965
0.222163
0.637887
-1
-0.92718
0
0
0.374606
0.222163
0.637887
-1
3
-0.74314
0
0
0.66913
0.222163
0.637887
-1
-0.74314
0
0
0.66913
0.222163
0.637887
-1
-0.74314
0
0
0.66913
0.222163
0.637887
-1
3
-0.74314
0
0
0.66913
0.222163
0.637887
-1
-0.68199
0
0
0.731353
0.222163
0.637887
-1
-0.68199
0
0
0.731353
0.222163
0.637887
-1
2
-0.99558
0.003041
-0.0871
0.034766
0.222163
0.637887
-1
-0.99558
0.003041
-0.0871
0.034766
0.222163
0.637887
-1
2
-0.78801
0
0
-0.61566
0.222163
0.637887
-1
-0.78801
0
0
-0.61566
0.222163
0.637887
-1
2
-0.74314
0
0
0.66913
0.222163
0.637887
-1
-0.74314
0
0
0.66913
0.222163
0.637887
-1
foot
False
False
True
False
False
0.069755
0.06196
0.12314
0
0
0
7
1
14
0
4
-9
0
None
7
2
0.214587
-0.12743
0.028251
0.967943
-0.07332
-0.80705
-1
0.214587
-0.12743
0.028251
0.967943
-0.07332
-0.80705
-1
3
0.344121
-0.10774
0.003961
0.932714
-0.07332
-0.80705
-1
0.173482
-0.26196
0.042956
0.948385
-0.07332
-0.80705
-1
0.129409
-0.1294
0.017037
0.982962
-0.07332
-0.80705
-1
3
0.214587
-0.12743
0.028251
0.967943
-0.07332
-0.80705
-1
0.214587
-0.12743
0.028251
0.967943
-0.07332
-0.80705
-1
0.214587
-0.12743
0.028251
0.967943
-0.07332
-0.80705
-1
3
0.214587
-0.12743
0.028251
0.967943
-0.07332
-0.80705
-1
0.637288
-0.09998
0.0839
0.75949
-0.07332
-0.80705
-1
0.637288
-0.09998
0.0839
0.75949
-0.07332
-0.80705
-1
2
-0.3794
-0.12059
-0.04995
0.915975
-0.07332
-0.80705
-1
-0.3794
-0.12059
-0.04995
0.915975
-0.07332
-0.80705
-1
2
-0.91597
0.005693
0.130401
0.379409
-0.07332
-0.80705
-1
-0.91597
0.005693
0.130401
0.379409
-0.07332
-0.80705
-1
2
0.214587
-0.12743
0.028251
0.967943
-0.07332
-0.80705
-1
0.214587
-0.12743
0.028251
0.967943
-0.07332
-0.80705
-1
shoulder
False
True
False
True
False
0.091000
0.131
0.091
0
0
0
0
1
10
0
0
0
0
None
7
2
0.147963
-0.04981
-0.26661
0.951073
-1
-0.55056
0.290231
0.147963
-0.04981
-0.26661
0.951073
-1
-0.55056
0.290231
3
0.147963
-0.04981
-0.26661
0.951073
-1
-0.55056
0.290231
0.024268
-0.01151
-0.39411
0.918666
-1
-0.4484
0.362494
-0.18624
0.04438
-0.26757
0.944323
-1
-0.55056
0.290231
3
0.147963
-0.04981
-0.26661
0.951073
-1
-0.55056
0.290231
0.147963
-0.04981
-0.26661
0.951073
-1
-0.55056
0.290231
0.147963
-0.04981
-0.26661
0.951073
-1
-0.55056
0.290231
3
0.147963
-0.04981
-0.26661
0.951073
-1
-0.55056
0.290231
0.147963
-0.04981
-0.26661
0.951073
-1
-0.55056
0.290231
0.147963
-0.04981
-0.26661
0.951073
-1
-0.55056
0.290231
2
0.257532
-0.11881
-0.13507
0.949376
-0.35836
-1
0.347343
0.257532
-0.11881
-0.13507
0.949376
-0.35836
-1
0.347343
2
0.147963
-0.04981
-0.26661
0.951073
-1
-0.55056
0.290231
0.147963
-0.04981
-0.26661
0.951073
-1
-0.55056
0.290231
2
0.147963
-0.04981
-0.26661
0.951073
-1
-0.55056
0.290231
0.147963
-0.04981
-0.26661
0.951073
-1
-0.55056
0.290231
arm
False
False
False
False
False
0.041
0.111
0.051
0
-0.06
0
9
1
13
0
0
-9
0
None
7
2
-0.17364
0
0
0.984807
-0.25067
-1
0.408596
-0.04361
0
0
0.999048
-0.25067
-1
0.408596
3
-0.17364
0
0
0.984807
-0.25067
-1
0.408596
-0.17364
0
0
0.984807
-0.25067
-1
0.408596
-0.17364
0
0
0.984807
-0.25067
-1
0.408596
3
-0.17364
0
0
0.984807
-0.25067
-1
0.408596
-0.17364
0
0
0.984807
-0.25067
-1
0.408596
-0.17364
0
0
0.984807
-0.25067
-1
0.408596
3
-0.17364
0
0
0.984807
-0.25067
-1
0.408596
-0.17364
0
0
0.984807
-0.25067
-1
0.408596
-0.17364
0
0
0.984807
-0.25067
-1
0.408596
2
-0.17364
0
0
0.984807
-0.25067
-1
0.408596
-0.17364
0
0
0.984807
-0.25067
-1
0.408596
2
-1
0
0
0
-0.25067
-1
0.408596
-1
0
0
0
-0.25067
-1
0.408596
2
-0.17364
0
0
0.984807
-0.25067
-1
0.408596
-0.17364
0
0
0.984807
-0.25067
-1
0.408596
goatee
False
False
False
True
False
0.070999
0.091
0.041
0
0
0
3
0
0
1
-12
0
None
7
2
-0.13052
0
0
0.991444
0
-1
0.466235
-0.13052
0
0
0.991444
0
-1
0.466235
3
-0.13052
0
0
0.991444
0
-1
0.466235
-0.13052
0
0
0.991444
0
-1
0.466235
-0.13052
0
0
0.991444
0
-1
0.466235
3
-0.13052
0
0
0.991444
0
-1
0.466235
-0.13052
0
0
0.991444
0
-1
0.466235
-0.13052
0
0
0.991444
0
-1
0.466235
3
-0.13052
0
0
0.991444
0
-1
0.466235
-0.13052
0
0
0.991444
0
-1
0.466235
-0.13052
0
0
0.991444
0
-1
0.466235
2
-0.13052
0
0
0.991444
0
-1
0.466235
-0.13052
0
0
0.991444
0
-1
0.466235
2
-0.13052
0
0
0.991444
0
-1
0.466235
-0.13052
0
0
0.991444
0
-1
0.466235
2
-0.13052
0
0
0.991444
0
-1
0.466235
-0.13052
0
0
0.991444
0
-1
0.466235
rhinohorn
False
False
False
True
False
0.041
0.061
0.031
0
0.04
0
3
0
35
-2
12
0
None
7
2
-0.17364
0
0
0.984807
-0.03821
1.000003
0.594864
-0.17364
0
0
0.984807
-0.03821
1.000003
0.594864
3
-0.17364
0
0
0.984807
-0.03821
1.000003
0.594864
-0.17364
0
0
0.984807
-0.03821
1.000003
0.594864
-0.17364
0
0
0.984807
-0.03821
1.000003
0.594864
3
-0.17364
0
0
0.984807
-0.03821
1.000003
0.594864
-0.17364
0
0
0.984807
-0.03821
1.000003
0.594864
-0.17364
0
0
0.984807
-0.03821
1.000003
0.594864
3
-0.17364
0
0
0.984807
-0.03821
1.000003
0.594864
-0.17364
0
0
0.984807
-0.03821
1.000003
0.594864
-0.17364
0
0
0.984807
-0.03821
1.000003
0.594864
2
-0.17364
0
0
0.984807
-0.03821
1.000003
0.594864
-0.17364
0
0
0.984807
-0.03821
1.000003
0.594864
2
-0.17364
0
0
0.984807
-0.03821
1.000003
0.594864
-0.17364
0
0
0.984807
-0.03821
1.000003
0.594864
2
-0.17364
0
0
0.984807
-0.03821
1.000003
0.594864
-0.17364
0
0
0.984807
-0.03821
1.000003
0.594864
hand
False
False
False
False
False
0.051
0.031
0.061
0
0
0.04
10
0
0
0
-11
0
None
7
2
0.640856
-0.10938
0.408217
0.640856
0.028556
-0.99999
-0.0783
0.640856
-0.10938
0.408217
0.640856
0.028556
-0.99999
-0.0783
3
0.640856
-0.10938
0.408217
0.640856
0.028556
-0.99999
-0.0783
0.640856
-0.10938
0.408217
0.640856
0.028556
-0.99999
-0.0783
0.640856
-0.10938
0.408217
0.640856
0.028556
-0.99999
-0.0783
3
0.640856
-0.10938
0.408217
0.640856
0.028556
-0.99999
-0.0783
0.640856
-0.10938
0.408217
0.640856
0.028556
-0.99999
-0.0783
0.640856
-0.10938
0.408217
0.640856
0.028556
-0.99999
-0.0783
3
0.640856
-0.10938
0.408217
0.640856
0.028556
-0.99999
-0.0783
0.640856
-0.10938
0.408217
0.640856
0.028556
-0.99999
-0.0783
0.640856
-0.10938
0.408217
0.640856
0.028556
-0.99999
-0.0783
2
0.640856
-0.10938
0.408217
0.640856
0.028556
-0.99999
-0.0783
0.640856
-0.10938
0.408217
0.640856
0.028556
-0.99999
-0.0783
2
-0.51983
0.383022
0.178606
0.742403
0.028556
-0.99999
-0.0783
-0.51983
0.383022
0.178606
0.742403
0.028556
-0.99999
-0.0783
2
0.640856
-0.10938
0.408217
0.640856
0.028556
-0.99999
-0.0783
0.640856
-0.10938
0.408217
0.640856
0.028556
-0.99999
-0.0783
toe
False
False
False
False
False
0.061
0.041
0.111
0
0
0.04
8
0
0
4
-11
0
None
7
2
0
0
0
1
0.142047
0.080149
1.000001
0
0
0
1
0.142047
0.080149
1.000001
3
0
0
0
1
0.142047
0.080149
1.000001
0
-0.21643
0
0.976296
0.142047
0.080149
1.000001
0
-0.21643
0
0.976296
0.142047
0.080149
1.000001
3
0
0
0
1
0.142047
0.080149
1.000001
0
0
0
1
0.142047
0.080149
1.000001
0
0
0
1
0.142047
0.080149
1.000001
3
0
0
0
1
0.142047
0.080149
1.000001
0.216439
0
0
0.976296
0.142047
0.080149
1.000001
0.216439
0
0
0.976296
0.142047
0.080149
1.000001
2
-0.79335
0
0
0.608761
0.142047
0.080149
1.000001
-0.79335
0
0
0.608761
0.142047
0.080149
1.000001
2
-0.9848
0
0
0.173648
0.142047
0.080149
1.000001
-0.9848
0
0
0.173648
0.142047
0.080149
1.000001
2
0
0
0
1
0.142047
0.080149
1.000001
0
0
0
1
0.142047
0.080149
1.000001
hornbump
False
True
False
True
True
0.051
0.061
0.081
0
0
0
2
1
16
0
1
-12
0
None
7
2
-0.21643
0
0
0.976296
-0.52722
1.000001
-0.51668
-0.21643
0
0
0.976296
-0.52722
1.000001
-0.51668
3
-0.21643
0
0
0.976296
-0.52722
1.000001
-0.51668
-0.21643
0
0
0.976296
-0.52722
1.000001
-0.51668
-0.21643
0
0
0.976296
-0.52722
1.000001
-0.51668
3
-0.21643
0
0
0.976296
-0.52722
1.000001
-0.51668
-0.21643
0
0
0.976296
-0.52722
1.000001
-0.51668
-0.21643
0
0
0.976296
-0.52722
1.000001
-0.51668
3
-0.21643
0
0
0.976296
-0.52722
1.000001
-0.51668
-0.21643
0
0
0.976296
-0.52722
1.000001
-0.51668
-0.21643
0
0
0.976296
-0.52722
1.000001
-0.51668
2
-0.21643
0
0
0.976296
-0.52722
1.000001
-0.51668
-0.21643
0
0
0.976296
-0.52722
1.000001
-0.51668
2
-0.21643
0
0
0.976296
-0.52722
1.000001
-0.51668
-0.21643
0
0
0.976296
-0.52722
1.000001
-0.51668
2
-0.21643
0
0
0.976296
-0.52722
1.000001
-0.51668
-0.21643
0
0
0.976296
-0.52722
1.000001
-0.51668
horn
False
False
False
True
True
0.031
0.061
0.061
0
0.04
0
15
1
17
35
-2
12
0
None
7
2
0
0
0
1
0
0.999989
0.034182
0
0
0
1
0
0.999989
0.034182
3
0
0
0
1
0
0.999989
0.034182
0
0
0
1
0
0.999989
0.034182
0
0
0
1
0
0.999989
0.034182
3
0
0
0
1
0
0.999989
0.034182
0
0
0
1
0
0.999989
0.034182
0
0
0
1
0
0.999989
0.034182
3
0
0
0
1
0
0.999989
0.034182
0
0
0
1
0
0.999989
0.034182
0
0
0
1
0
0.999989
0.034182
2
0
0
0
1
0
0.999989
0.034182
0
0
0
1
0
0.999989
0.034182
2
0
0
0
1
0
0.999989
0.034182
0
0
0
1
0
0.999989
0.034182
2
0
0
0
1
0
0.999989
0.034182
0
0
0
1
0
0.999989
0.034182
hornext
False
False
False
True
True
0.041
0.131
0.041
0
0.08
0
16
0
35
-2
12
0
None
7
2
-0.46174
0
0
0.88701
0
1.000003
-0.24011
-0.46174
0
0
0.88701
0
1.000003
-0.24011
3
-0.46174
0
0
0.88701
0
1.000003
-0.24011
-0.46174
0
0
0.88701
0
1.000003
-0.24011
-0.46174
0
0
0.88701
0
1.000003
-0.24011
3
-0.46174
0
0
0.88701
0
1.000003
-0.24011
-0.46174
0
0
0.88701
0
1.000003
-0.24011
-0.46174
0
0
0.88701
0
1.000003
-0.24011
3
-0.46174
0
0
0.88701
0
1.000003
-0.24011
-0.46174
0
0
0.88701
0
1.000003
-0.24011
-0.46174
0
0
0.88701
0
1.000003
-0.24011
2
-0.46174
0
0
0.88701
0
1.000003
-0.24011
-0.46174
0
0
0.88701
0
1.000003
-0.24011
2
-0.46174
0
0
0.88701
0
1.000003
-0.24011
-0.46174
0
0
0.88701
0
1.000003
-0.24011
2
-0.46174
0
0
0.88701
0
1.000003
-0.24011
-0.46174
0
0
0.88701
0
1.000003
-0.24011
tailext
False
False
False
True
False
0.101
0.161
0.091
0
-0.16
0
6
0
0
0
-6
0
None
7
2
0
0
0.087155
0.996194
0
-1
-0.05843
0
0
-0.25881
0.965925
0
-1
-0.05843
3
0.043453
0.003801
-0.25857
0.965006
0
-1
-0.05843
0
0
0.216439
0.976296
0
-1
-0.05843
0
0
-0.08715
0.996194
0
-1
-0.05843
3
0
0
-0.08715
0.996194
0
-1
-0.05843
0
0
-0.08715
0.996194
0
-1
-0.05843
0
0
-0.08715
0.996194
0
-1
-0.05843
3
0
0
-0.08715
0.996194
0
-1
-0.05843
0
0
-0.08715
0.996194
0
-1
-0.05843
0
0
-0.08715
0.996194
0
-1
-0.05843
2
0
0
0.087155
0.996194
0
-1
-0.05843
0
0
0.087155
0.996194
0
-1
-0.05843
2
0
0
0.087155
0.996194
0
-1
-0.05843
0
0
0.087155
0.996194
0
-1
-0.05843
2
0
0
-0.08715
0.996194
0
-1
-0.05843
0
0
-0.08715
0.996194
0
-1
-0.05843
wingbase
False
True
False
True
False
0.081
0.091
0.121
0
0
0
0
1
20
0
1
-12
0
None
7
2
0
0
0
1
-0.78688
0.999995
0.107398
0
0
0
1
-0.78688
0.999995
0.107398
3
0
0
0
1
-0.78688
0.999995
0.107398
0
0
0
1
-0.78688
0.999995
0.107398
0
0
0
1
-0.78688
0.999995
0.107398
3
0
0
0
1
-0.78688
0.999995
0.107398
0
0
0
1
-0.78688
0.999995
0.107398
0
0
0
1
-0.78688
0.999995
0.107398
3
0
0
0
1
-0.78688
0.999995
0.107398
0
0
0
1
-0.78688
0.999995
0.107398
0
0
0
1
-0.78688
0.999995
0.107398
2
0.216439
0
0
0.976296
-0.78688
0.999995
0.107398
0.216439
0
0
0.976296
-0.78688
0.999995
0.107398
2
0
0
0.499999
0.866025
-0.78688
0.999995
0.107398
0
0
0.499999
0.866025
-0.78688
0.999995
0.107398
2
0
0
0
1
-0.78688
0.999995
0.107398
0
0
0
1
-0.78688
0.999995
0.107398
dragwinga
False
False
False
True
False
0.061
0.181
0.051
0
0.12
0
19
1
21
35
-2
12
0
None
7
2
-0.25268
0.056018
0.209064
0.943029
-0.53948
0.99999
0.377897
-0.16953
0.074026
0.203386
0.961463
-0.53948
0.99999
0.377897
3
-0.25268
0.056018
0.209064
0.943029
-0.53948
0.99999
0.377897
-0.2113
0.065084
0.206422
0.953154
-0.53948
0.99999
0.377897
-0.2411
0.035981
0.301376
0.921816
-0.53948
0.99999
0.377897
3
-0.25268
0.056018
0.209064
0.943029
-0.53948
0.99999
0.377897
-0.25268
0.056018
0.209064
0.943029
-0.53948
0.99999
0.377897
-0.25268
0.056018
0.209064
0.943029
-0.53948
0.99999
0.377897
3
-0.25268
0.056018
0.209064
0.943029
-0.53948
0.99999
0.377897
0
0.108219
0.187442
0.976296
-0.53948
0.99999
0.377897
-0.38126
0.158844
0.50524
0.757718
-0.53948
0.99999
0.377897
2
-0.25268
0.056018
0.209064
0.943029
-0.53948
0.99999
0.377897
-0.25268
0.056018
0.209064
0.943029
-0.53948
0.99999
0.377897
2
-0.25268
0.056018
0.209064
0.943029
-0.53948
0.99999
0.377897
-0.25268
0.056018
0.209064
0.943029
-0.53948
0.99999
0.377897
2
-0.25268
0.056018
0.209064
0.943029
-0.53948
0.99999
0.377897
-0.25268
0.056018
0.209064
0.943029
-0.53948
0.99999
0.377897
dragoonishoop
False
False
False
True
False
0.051
0.161
0.050998
0
0.14
0
20
1
22
35
-2
12
0
None
7
2
-0.13926
-0.6415
0.261461
0.707615
0
1.000005
-0.12399
-0.03894
-0.68268
0.176378
0.708039
0
1.000005
-0.12399
3
-0.13926
-0.6415
0.261461
0.707615
0
1.000005
-0.12399
-0.08282
-0.65119
0.198793
0.72771
0
1.000005
-0.12399
0.076648
-0.59273
0.335026
0.728386
0
1.000005
-0.12399
3
-0.13926
-0.6415
0.261461
0.707615
0
1.000005
-0.12399
-0.13926
-0.6415
0.261461
0.707615
0
1.000005
-0.12399
-0.13926
-0.6415
0.261461
0.707615
0
1.000005
-0.12399
3
-0.13926
-0.6415
0.261461
0.707615
0
1.000005
-0.12399
-0.20844
-0.69584
0.041075
0.686046
0
1.000005
-0.12399
-0.20844
-0.69584
0.041075
0.686046
0
1.000005
-0.12399
2
-0.13926
-0.6415
0.261461
0.707615
0
1.000005
-0.12399
-0.13926
-0.6415
0.261461
0.707615
0
1.000005
-0.12399
2
-0.13926
-0.6415
0.261461
0.707615
0
1.000005
-0.12399
-0.13926
-0.6415
0.261461
0.707615
0
1.000005
-0.12399
2
-0.13926
-0.6415
0.261461
0.707615
0
1.000005
-0.12399
-0.13926
-0.6415
0.261461
0.707615
0
1.000005
-0.12399
wingexta
False
False
False
True
False
0.151
0.241
0.021
-0.12
0.02
0
21
0
0
1
-12
0
None
7
2
-0.04361
0
0
0.999048
-1.00001
-0.34721
-0.19804
-0.04361
0
0
0.999048
-1.00001
-0.34721
-0.19804
3
-0.04361
0
0
0.999048
-1.00001
-0.34721
-0.19804
-0.04361
0
0
0.999048
-1.00001
-0.34721
-0.19804
-0.04361
0
0
0.999048
-1.00001
-0.34721
-0.19804
3
-0.04361
0
0
0.999048
-1.00001
-0.34721
-0.19804
-0.04361
0
0
0.999048
-1.00001
-0.34721
-0.19804
-0.04361
0
0
0.999048
-1.00001
-0.34721
-0.19804
3
-0.04361
0
0
0.999048
-1.00001
-0.34721
-0.19804
-0.04361
0
0
0.999048
-1.00001
-0.34721
-0.19804
-0.04361
0
0
0.999048
-1.00001
-0.34721
-0.19804
2
-0.04361
0
0
0.999048
-1.00001
-0.34721
-0.19804
-0.04361
0
0
0.999048
-1.00001
-0.34721
-0.19804
2
-0.04361
0
0
0.999048
-1.00001
-0.34721
-0.19804
-0.04361
0
0
0.999048
-1.00001
-0.34721
-0.19804
2
-0.04361
0
0
0.999048
-1.00001
-0.34721
-0.19804
-0.04361
0
0
0.999048
-1.00001
-0.34721
-0.19804
mouth
True
False
False
True
False
0.11
0.04
0.05
0
0
0.01
3
0
0
0
0
0
AngryMouth
7
2
0
0
0
1
0
-0.61298
1.000003
0
0
0
1
0
-0.61298
1.000003
3
0
0
0
1
0
-0.61298
1.000003
0
0
0
1
0
-0.61298
1.000003
0
0
0
1
0
-0.61298
1.000003
3
0
0
0
1
0
-0.61298
1.000003
0
0
0
1
0
-0.61298
1.000003
0
0
0
1
0
-0.61298
1.000003
3
0
0
0
1
0
-0.61298
1.000003
0
0
0
1
0
-0.61298
1.000003
0
0
0
1
0
-0.61298
1.000003
2
0
0
0
1
0
-0.61298
1.000003
0
0
0
1
0
-0.61298
1.000003
2
0
0
0
1
0
-0.61298
1.000003
0
0
0
1
0
-0.61298
1.000003
2
0
0
0
1
0
-0.61298
1.000003
0
0
0
1
0
-0.61298
1.000003
