30
0.301860
0.698039
0.698039
0.462745
perk_summon_pack
false
0.839551
quacking
nibbler
pato
charlatão
mordidela
утка
крякать
кусачка
bebek
kwek
menggigit
pato
graznido
mordisqueador
เป็ด
การต้มตุ๋น
แทะ
charlatão
крякать
graznido
F
F
M
крякать
false
Feathers
Uncooked Meat
Bones
?
?
12
torso
False
False
False
False
False
0.141
0.101
0.241
0
0
0
-1
4
1
5
6
7
0
0
0
0
None
7
2
-0.01745
0
0
0.999847
0
0
0
-0.08715
0
0
0.996194
0
0.04
0
3
0.069756
0
0
0.997564
0
0
0
-0.10452
0
0
0.994522
0
0
0
-0.10452
0
0
0.994522
0
0
0
3
-0.0174
0.069745
-0.00121
0.997412
0
0
0
-0.13917
0
0
0.990268
0
0
0
-0.01732
-0.12185
0.002126
0.992395
0
0
0
3
0.156434
0
0
0.987688
0
-0.16
-0.38
0.113203
0
0
0.993571
0
0
0.2
0.156434
0
0
0.987688
0
-0.06
0.3
2
-0.35836
0
0
0.93358
0
0.14
0.22
-0.39874
0
0
0.91706
0
0.14
0.22
2
-0.99756
0
0
0.069756
0
-0.4
-0.48
-0.99756
0
0
0.069756
0
-0.42
-0.48
2
-0.27563
0
0
0.961261
0
0
0
-0.43837
0
0
0.898794
0
0
0
neck
False
False
False
True
False
0.080999
0.061
0.111
0
0
0
0
1
2
7
19
-7
0
None
7
2
-0.7071
0
0
0.707106
0
0.882483
0.999998
-0.61566
0
0
0.78801
0
0.882483
0.999998
3
-0.83867
0
0
0.544639
0
1.000002
0.728913
-0.62932
0
0
0.777146
0
0.882483
0.999998
-0.54463
0
0
0.83867
0
0.882483
0.999998
3
-0.7071
0
0
0.707106
0
0.882483
0.999998
-0.7071
0
0
0.707106
0
0.882483
0.999998
-0.7071
0
0
0.707106
0
0.882483
0.999998
3
-0.04361
0
0
0.999048
0
0.339457
1.000002
0.087155
0
0
0.996194
0
0.288594
1.000002
-0.21643
0
0
0.976296
0
0.288594
1.000002
2
-0.46174
0
0
0.88701
0
0.204623
0.999998
-0.46174
0
0
0.88701
0
0.204623
0.999998
2
-0.08715
0
0
0.996194
0
-0.09626
0.999992
-0.08715
0
0
0.996194
0
-0.09626
0.999992
2
-0.7071
0
0
0.707106
0
0.882483
0.999998
-0.53729
0
0
0.843391
0
-0.34823
0.999999
head
False
False
False
False
False
0.091
0.081
0.070999
0
0
0
1
2
3
4
7
19
-11
0
None
7
2
-0.08715
0
0
0.996194
0
-0.52036
1.000003
-0.08715
0
0
0.996194
0
-0.91745
1.000011
3
-0.08715
0
0
0.996194
0
-0.52036
1.000003
-0.08715
0
0
0.996194
0
-0.52036
1.000003
-0.08715
0
0
0.996194
0
-0.52036
1.000003
3
-0.08715
0
0
0.996194
0
-0.52036
1.000003
-0.08715
0
0
0.996194
0
-0.52036
1.000003
-0.08715
0
0
0.996194
0
-0.52036
1.000003
3
0.642787
0
0
0.766044
0
-0.52036
1.000003
-0.08715
0
0
0.996194
0
-0.10687
1.000006
-0.08715
0
0
0.996194
0
-0.10687
1.000006
2
-0.08715
0
0
0.996194
0
-0.99999
0.498979
-0.08715
0
0
0.996194
0
-0.99999
0.498979
2
-1
0
0
0
0
-0.52036
1.000003
-1
0
0
0
0
-0.52036
1.000003
2
-0.08715
0
0
0.996194
0
-0.52036
1.000003
-0.08715
0
0
0.996194
0
-0.52036
1.000003
snout
False
False
False
True
False
0.111
0.040999
0.091
0
0
0.06
2
1
11
0
19
2
0
None
7
2
0.087092
-0.00237
0
0.996197
0.026199
-0.89545
0.999986
0.087092
-0.00237
0
0.996197
0.026198
-0.64649
0.999998
3
0.087092
-0.00237
0
0.996197
0.026198
-0.64649
0.999998
0.087092
-0.00237
0
0.996197
0.026198
-0.64649
0.999998
0.087092
-0.00237
0
0.996197
0.026198
-0.64649
0.999998
3
0.087092
-0.00237
0
0.996197
0.026198
-0.64649
0.999998
0.087092
-0.00237
0
0.996197
0.026198
-0.64649
0.999998
0.087092
-0.00237
0
0.996197
0.026198
-0.64649
0.999998
3
0.087092
-0.00237
0
0.996197
0.026198
-0.64649
0.999998
0.087092
-0.00237
0
0.996197
0.026198
-0.64649
0.999998
0.087092
-0.00237
0
0.996197
0.026198
-0.64649
0.999998
2
0.087092
-0.00237
0
0.996197
0.026199
-0.89545
0.999986
0.087092
-0.00237
0
0.996197
0.026199
-0.89545
0.999986
2
0.087092
-0.00237
0
0.996197
0.026199
-0.89545
0.999986
0.087092
-0.00237
0
0.996197
0.026199
-0.89545
0.999986
2
0.087092
-0.00237
0
0.996197
0.026198
-0.64649
0.999998
0.087092
-0.00237
0
0.996197
0.026198
-0.64649
0.999998
eyes
True
True
False
True
False
0.06
0.06
0.05
0
0
0.01
2
0
0
0
0
0
DerpyEye
7
2
-0.01713
-0.19077
0.00333
0.981477
-0.99999
0.065221
0.97827
-0.01713
-0.19077
0.00333
0.981477
-0.99999
0.065221
0.97827
3
-0.01713
-0.19077
0.00333
0.981477
-0.99999
0.065221
0.97827
-0.01713
-0.19077
0.00333
0.981477
-0.99999
0.065221
0.97827
-0.01713
-0.19077
0.00333
0.981477
-0.99999
0.065221
0.97827
3
-0.01713
-0.19077
0.00333
0.981477
-0.99999
0.065221
0.97827
-0.01713
-0.19077
0.00333
0.981477
-0.99999
0.065221
0.97827
-0.01713
-0.19077
0.00333
0.981477
-0.99999
0.065221
0.97827
3
-0.01713
-0.19077
0.00333
0.981477
-0.99999
0.065221
0.97827
-0.01713
-0.19077
0.00333
0.981477
-0.99999
0.065221
0.97827
-0.01713
-0.19077
0.00333
0.981477
-0.99999
0.065221
0.97827
2
-0.01713
-0.19077
0.00333
0.981477
-0.99999
0.065221
0.97827
-0.01713
-0.19077
0.00333
0.981477
-0.99999
0.065221
0.97827
2
-0.01713
-0.19077
0.00333
0.981477
-0.99999
0.065221
0.97827
-0.01713
-0.19077
0.00333
0.981477
-0.99999
0.065221
0.97827
2
-0.01713
-0.19077
0.00333
0.981477
-0.99999
0.065221
0.97827
-0.01713
-0.19077
0.00333
0.981477
-0.99999
0.065221
0.97827
shoulder
False
True
False
False
False
0.031
0.031
0.101
0
0
0
0
1
10
0
0
0
0
None
7
2
-0.78801
0
0
0.615661
-1
-0.12285
0.607957
-0.78801
0
0
0.615661
-1
-0.12285
0.607957
3
-0.78801
0
0
0.615661
-1
-0.12285
0.607957
-0.71876
0.552202
0.065815
0.417276
-1
-0.12285
0.607957
-0.77714
0
0
0.62932
-1
-0.12285
0.607957
3
-0.78801
0
0
0.615661
-1
-0.12285
0.607957
-0.73063
0.230631
-0.29519
0.570831
-1
0.165835
0.607966
-0.78801
0
0
0.615661
-1
-0.12285
0.607957
3
-0.78801
0
0
0.615661
-1
-0.12285
0.607957
-0.7149
0.508164
-0.30605
0.370154
-1
0.522301
0.925243
-0.76725
0.57574
0.142912
-0.24377
-1
0.83397
0.925197
2
-0.98231
-0.03969
0.018088
0.182062
-1
-0.12285
0.607957
-0.98231
-0.03969
0.018088
0.182062
-1
-0.12285
0.607957
2
-0.68199
0
0
-0.73135
-1
-0.12285
0.607957
-0.68199
0
0
-0.73135
-1
-0.12285
0.607957
2
0.351568
0.115692
0.280422
-0.88565
-0.99999
0.319106
0.620856
0.601617
0.026012
0.302233
-0.73894
-0.99999
0.973687
0.521256
hip
False
True
True
False
False
0.041
0.071000
0.091000
0
0
0
0
1
8
0
4
-8
0
None
7
2
-0.55919
0
0
0.829037
-0.45969
-1
-0.16905
-0.7071
0
0
0.707106
-0.45969
-1
-0.16905
3
-0.55919
0
0
0.829037
-0.58069
-0.99999
-0.38474
-0.68199
0
0
0.731353
-0.68814
-1
-0.09111
-0.77714
0
0
0.62932
-0.40295
-0.99999
0.174134
3
-0.55502
0.101034
-0.06814
0.822858
-0.71076
-1
-0.20779
-0.55919
0
0
0.829037
-0.66801
-1
-0.24567
-0.55375
-0.11537
0.077824
0.820969
-0.45969
-1
-0.16905
3
-0.55919
0
0
0.829037
-0.45969
-1
-0.16905
-0.55919
0
0
0.829037
-0.45969
-1
-0.16905
-0.55919
0
0
0.829037
-0.45969
-1
-0.16905
2
-0.98901
0
0
0.147809
-0.6448
-0.99999
-0.23723
-0.98901
0
0
0.147809
-0.6448
-0.99999
-0.23723
2
-0.87461
0
0
-0.4848
-0.45969
-1
-0.16905
-0.87461
0
0
-0.4848
-0.45969
-1
-0.16905
2
-0.55919
0
0
0.829037
-0.45969
-1
-0.16905
-0.55919
0
0
0.829037
-0.45969
-1
-0.16905
tail
False
False
False
False
False
0.091
0.041000
0.071000
0
0
0.04
0
0
0
4
-6
0
None
7
2
-0.99756
0
0
0.069756
0.035806
0.624753
-1
-0.98162
0
0
0.190809
0.035806
0.624753
-1
3
-0.99756
0
0
0.069756
0.035806
0.624753
-1
-0.99756
0
0
0.069756
0.035806
0.624753
-1
-0.99756
0
0
0.069756
0.035806
0.624753
-1
3
-0.99756
0
0
0.069756
0.035806
0.624753
-1
-0.99756
0
0
0.069756
0.035806
0.624753
-1
-0.99756
0
0
0.069756
0.035806
0.624753
-1
3
-0.99756
0
0
0.069756
0.035806
0.624753
-1
-0.82903
0
0
0.559193
0.035806
0.624753
-1
-0.99756
0
0
0.069756
0.035806
0.624753
-1
2
-0.99756
0
0
0.069756
0.035806
0.624753
-1
-0.99756
0
0
0.069756
0.035806
0.624753
-1
2
-0.15643
0
0
-0.98768
0.035806
0.624753
-1
-0.15643
0
0
-0.98768
0.035806
0.624753
-1
2
-0.99756
0
0
0.069756
0.035806
0.624753
-1
-0.99756
0
0
0.069756
0.035806
0.624753
-1
leg
False
False
True
False
False
0.021
0.021
0.061000
0
0
-0.04
6
1
9
0
19
2
0
None
7
2
-0.62932
0
0
0.777146
-0.33145
0.240073
-1
-0.62932
0
0
0.777146
-0.33145
0.240073
-1
3
-0.62932
0
0
0.777146
-0.33145
0.240073
-1
-0.97029
0
0
0.241922
-0.33145
0.240073
-1
-0.79863
0
0
0.601815
-0.33143
-0.02944
-0.99998
3
-0.61775
0.148286
-0.12008
0.762867
-0.33145
0.240073
-1
-0.42261
0
0
0.906307
-0.33145
0.240073
-1
-0.61556
-0.16157
0.130843
0.760163
-0.33145
0.240073
-1
3
-0.62932
0
0
0.777146
-0.33145
0.240073
-1
-0.62932
0
0
0.777146
-0.33145
0.240073
-1
-0.62932
0
0
0.777146
-0.33145
0.240073
-1
2
-0.98901
0
0
0.147809
-0.33145
0.240073
-1
-0.98901
0
0
0.147809
-0.33145
0.240073
-1
2
-0.82903
0
0
-0.55919
-0.33145
0.240073
-1
-0.82903
0
0
-0.55919
-0.33145
0.240073
-1
2
-0.62932
0
0
0.777146
-0.33145
0.240073
-1
-0.62932
0
0
0.777146
-0.33145
0.240073
-1
foot
False
False
True
False
False
0.061
0.021
0.090999
0
0
0.02
8
0
0
19
2
0
None
7
2
0
-0.10452
0
0.994522
-0.07331
-0.9606
-1
0
-0.10452
0
0.994522
-0.07331
-0.9606
-1
3
0
-0.10452
0
0.994522
-0.07331
-0.9606
-1
0
-0.10452
0
0.994522
-0.07331
-0.9606
-1
0
-0.10452
0
0.994522
-0.07331
-0.9606
-1
3
0
-0.10452
0
0.994522
-0.07331
-0.9606
-1
0.274127
-0.10047
0.028811
0.955995
-0.07331
-0.9606
-1
0
-0.10452
0
0.994522
-0.07331
-0.9606
-1
3
0
-0.10452
0
0.994522
-0.07331
-0.9606
-1
0
-0.10452
0
0.994522
-0.07331
-0.9606
-1
0
-0.10452
0
0.994522
-0.07331
-0.9606
-1
2
-0.60542
-0.08292
-0.06363
0.789007
-0.07331
-0.9606
-1
-0.60542
-0.08292
-0.06363
0.789007
-0.07331
-0.9606
-1
2
-0.99073
-0.00911
0.10413
0.086678
-0.07331
-0.9606
-1
-0.99073
-0.00911
0.10413
0.086678
-0.07331
-0.9606
-1
2
0
-0.10452
0
0.994522
-0.07331
-0.9606
-1
0
-0.10452
0
0.994522
-0.07331
-0.9606
-1
wing
False
False
False
True
False
0.031
0.141
0.101
0
0.099999
0
5
0
0
4
-8
0
None
7
2
-0.03485
0.001826
0.052304
0.998021
-1.00003
0.106261
0.038239
-0.03485
0.001826
0.052304
0.998021
-1.00003
0.106261
0.038239
3
-0.03485
0.001826
0.052304
0.998021
-1.00003
0.106261
0.038239
-0.03485
0.001826
0.052304
0.998021
-1.00003
0.106261
0.038239
-0.03485
0.001826
0.052304
0.998021
-1.00003
0.106261
0.038239
3
-0.03425
0.006659
0.190692
0.981029
-1.00003
0.106261
0.038239
-0.06823
0
0.207911
0.975764
-1.00001
0.262701
0.038213
-0.03485
0.001826
0.052304
0.998021
-1.00003
0.106261
0.038239
3
-0.03485
0.001826
0.052304
0.998021
-1.00003
0.106261
0.038239
-0.03485
0.001826
0.052304
0.998021
-1.00003
0.106261
0.038239
-0.03485
0.001826
0.052304
0.998021
-1.00003
0.134034
0.019909
2
-0.03485
0.001826
0.052304
0.998021
-1.00003
0.106261
0.038239
-0.03485
0.001826
0.052304
0.998021
-1.00003
0.106261
0.038239
2
-0.03485
0.001826
0.052304
0.998021
-1.00003
0.106261
0.038239
-0.03485
0.001826
0.052304
0.998021
-1.00003
0.106261
0.038239
2
-0.03485
0.001826
0.052304
0.998021
-1.00003
0.106261
0.038239
-0.03485
0.001826
0.052304
0.998021
-1.00003
0.106261
0.038239
mouth
True
False
False
False
False
0.17
0.09
0.05
0
0
0.01
3
0
0
0
0
0
PlainMouth
7
2
0
0
0
1
-0.16677
-0.46082
0.99999
0
0
0
1
-0.16677
-0.46082
0.99999
3
0
0
0
1
-0.16677
-0.46082
0.99999
0
0
0
1
-0.16677
-0.46082
0.99999
0
0
0
1
-0.16677
-0.46082
0.99999
3
0
0
0
1
-0.16677
-0.46082
0.99999
0
0
0
1
-0.16677
-0.46082
0.99999
0
0
0
1
-0.16677
-0.46082
0.99999
3
0
0
0
1
-0.16677
-0.46082
0.99999
0
0
0
1
-0.16677
-0.46082
0.99999
0
0
0
1
-0.16677
-0.46082
0.99999
2
0
0
0
1
-0.16677
-0.46082
0.99999
0
0
0
1
-0.16677
-0.46082
0.99999
2
-0.99619
0
0
0.087155
-0.16677
-0.46082
0.99999
-0.99619
0
0
0.087155
-0.16677
-0.46082
0.99999
2
0
0
0
1
-0.16677
-0.46082
0.99999
0
0
0
1
-0.16677
-0.46082
0.99999
