30
0.624610
0.776470
0.654902
0.407843
perk_forceful_push
false
0.715198
bearded
beard
anão
barbudo
barba
карлик
бородатый
борода
kurcaci
berjanggut
jenggot
enano
barbado
barba
แคระ
มีเครา
เครา
barbuda
бородатая
barbada
F
F
F
бородатое
false
Bones
Metal Bar
?
?
?
17
torso
False
False
False
False
False
0.231
0.171
0.211
0
0
0
-1
3
1
5
6
0
0
0
0
None
7
2
-0.69465
0
0
0.719339
0
0
0
-0.73135
0
0
0.681998
0
0
0.04
3
-0.64278
0
0
0.766044
0
0
0
-0.71933
0
0
0.694658
0
0
0
-0.69465
0
0
0.719339
0
0
0
3
-0.62845
0.040672
-0.03293
0.776081
0
0
0
-0.61566
0
0
0.78801
0
0
0
-0.61481
-0.04124
0.032221
0.78693
0
0
0
3
-0.44619
0
0
0.894934
0
0.16
-0.22
-0.52249
0
0
0.85264
0
-0.22
0.04
-0.62932
0
0
0.777146
0
-0.28
0.06
2
-0.69465
0
0
0.719339
0
-0.08
0.04
-0.69465
0
0
0.719339
0
-0.08
0.06
2
-0.99984
0
0
0.017452
0
0
-0.4
-0.99984
0
0
0.017452
0
-0.02
-0.4
2
-0.7547
0
0
0.656059
0
0
0
-0.83388
0
0
0.551937
0
0
0
neck
False
False
False
True
False
0.141
0.131
0.141
0
0
0.04
0
1
2
0
0
0
0
None
7
2
0
0
0
1
0.071331
-0.21477
0.999994
-0.06975
0
0
0.997564
0.071331
-0.21477
0.999994
3
0
0
0
1
0.071331
-0.21477
0.999994
0
0
0
1
0.071331
-0.21477
0.999994
0
0
0
1
0.071331
-0.21477
0.999994
3
0
0
0
1
0.071331
-0.21477
0.999994
0
0
0
1
0.071331
-0.21477
0.999994
0
0
0
1
0.071331
-0.21477
0.999994
3
0.573576
0
0
0.819152
0.071331
-0.21477
0.999994
0.34202
0
0
0.939692
0.046593
-0.99999
0.653264
0.043619
0
0
0.999048
0.071327
-0.8681
1.000005
2
0
0
0
1
0.071331
-0.21477
0.999994
0
0
0
1
0.071331
-0.21477
0.999994
2
0
0
0
1
0.071331
-0.21477
0.999994
0
0
0
1
0.071331
-0.21477
0.999994
2
0.422618
0
0
0.906307
0.043998
-1
0.616609
0.537299
0
0
0.843391
0.017131
-0.99999
0.240075
head
False
False
False
False
False
0.171
0.121
0.161
0
0
0
1
6
3
4
11
12
15
16
0
0
0
0
None
7
2
0.104528
0
0
0.994522
0
-0.20084
1.000008
-0.15643
0
0
0.987688
0
-0.20084
1.000008
3
0.104528
0
0
0.994522
0
-0.20084
1.000008
0.104528
0
0
0.994522
0
-0.20084
1.000008
0.104528
0
0
0.994522
0
-0.20084
1.000008
3
0.104528
0
0
0.994522
0
-0.20084
1.000008
0.104528
0
0
0.994522
0
-0.20084
1.000008
0.104528
0
0
0.994522
0
-0.20084
1.000008
3
0.514548
-0.04124
0.014201
0.856351
0
-0.20084
1.000008
0.398749
0
0
0.91706
0
-0.35741
1.000005
-0.19936
0
0
0.979924
0
-0.35741
1.000005
2
0.104528
0
0
0.994522
0
-0.20084
1.000008
0.104528
0
0
0.994522
0
-0.20084
1.000008
2
-0.55919
0
0
0.829037
0
-0.20084
1.000008
-0.55919
0
0
0.829037
0
-0.20084
1.000008
2
0.104528
0
0
0.994522
0
-0.20084
1.000008
0.104528
0
0
0.994522
0
-0.20084
1.000008
snout
False
False
False
True
False
0.051
0.051
0.051
0
0
0.02
2
0
0
0
0
0
None
7
2
-0.20797
-0.00212
-0.0012
0.978131
0.026189
-0.5341
1.000003
-0.20797
-0.00212
-0.0012
0.978131
0.026189
-0.5341
1.000003
3
-0.20797
-0.00212
-0.0012
0.978131
0.026189
-0.5341
1.000003
-0.20797
-0.00212
-0.0012
0.978131
0.026189
-0.5341
1.000003
-0.20797
-0.00212
-0.0012
0.978131
0.026189
-0.5341
1.000003
3
-0.20797
-0.00212
-0.0012
0.978131
0.026189
-0.5341
1.000003
-0.20797
-0.00212
-0.0012
0.978131
0.026189
-0.5341
1.000003
-0.20797
-0.00212
-0.0012
0.978131
0.026189
-0.5341
1.000003
3
-0.20797
-0.00212
-0.0012
0.978131
0.026189
-0.5341
1.000003
-0.20797
-0.00212
-0.0012
0.978131
0.026189
-0.5341
1.000003
-0.20797
-0.00212
-0.0012
0.978131
0.026189
-0.5341
1.000003
2
-0.20797
-0.00212
-0.0012
0.978131
0.026189
-0.5341
1.000003
-0.20797
-0.00212
-0.0012
0.978131
0.026189
-0.5341
1.000003
2
-0.20797
-0.00212
-0.0012
0.978131
0.026189
-0.5341
1.000003
-0.20797
-0.00212
-0.0012
0.978131
0.026189
-0.5341
1.000003
2
-0.20797
-0.00212
-0.0012
0.978131
0.026189
-0.5341
1.000003
-0.20797
-0.00212
-0.0012
0.978131
0.026189
-0.5341
1.000003
eyes
True
True
False
True
False
0.07
0.05
0.05
0
0
0.01
2
0
0
0
0
0
SeriousEye
7
2
0
0
0
1
-0.67576
-0.14739
1.000005
0
0
0
1
-0.67576
-0.14739
1.000005
3
0
0
0
1
-0.67576
-0.14739
1.000005
0
0
0
1
-0.67576
-0.14739
1.000005
0
0
0
1
-0.67576
-0.14739
1.000005
3
0
0
0
1
-0.67576
-0.14739
1.000005
0
0
0
1
-0.67576
-0.14739
1.000005
0
0
0
1
-0.67576
-0.14739
1.000005
3
0
0
0
1
-0.67576
-0.14739
1.000005
0
0
0
1
-0.67576
-0.14739
1.000005
0
0
0
1
-0.67576
-0.14739
1.000005
2
0
0
0
1
-0.67576
-0.14739
1.000005
0
0
0
1
-0.67576
-0.14739
1.000005
2
0
0
0
1
-0.67576
-0.14739
1.000005
0
0
0
1
-0.67576
-0.14739
1.000005
2
0
0
0
1
-0.67576
-0.14739
1.000005
0
0
0
1
-0.67576
-0.14739
1.000005
shoulder
False
True
True
False
False
0.091000
0.091000
0.151
-0.06
0
0
0
1
7
0
0
0
0
None
7
2
-0.6337
0.195333
-0.1698
0.728993
-1
0.096868
0.153624
-0.57387
0.484611
-0.45483
0.478471
-1
0.096868
0.153624
3
-0.77142
0.226368
-0.12547
0.581308
-1
0.096868
0.153624
-0.6337
0.195333
-0.1698
0.728993
-1
0.096868
0.153624
-0.46829
0.155761
-0.2067
0.844817
-0.99999
0.09208
0.153615
3
-0.61248
0.270463
-0.23511
0.704581
-1
0.096868
0.153624
-0.6337
0.195333
-0.1698
0.728993
-1
0.096868
0.153624
-0.65516
0.039498
-0.03433
0.753675
-1
0.096868
0.153624
3
-0.75392
-0.12648
0.132991
0.630801
-0.99999
-0.34842
0.309544
-0.90134
0.293659
-0.03562
0.316329
-0.99999
-0.57068
0.138094
-0.88675
0.18302
-0.34436
-0.24815
-0.96557
-1
0.595401
2
-0.72343
0.215825
-0.14285
0.640041
-1
0.096868
0.153624
-0.77646
0.227454
-0.12349
0.574554
-1
0.096868
0.153624
2
-0.95403
0.040488
-0.25563
0.151104
-1
0.096868
0.153624
-0.95403
0.040488
-0.25563
0.151104
-1
0.096868
0.153624
2
-0.54013
0.113458
0.232625
-0.80078
-0.99999
0.311469
0.153618
-0.35401
0.06042
0.251667
-0.89871
-1
0.637893
0.153617
hip
False
True
True
False
False
0.111
0.101
0.111
0
0
-0.08
0
1
9
0
-11
-15
0
None
7
2
-0.76033
-0.09335
-0.07833
0.637996
-0.47835
-0.0056
-1
-0.65116
-0.10446
-0.06276
0.749084
-0.47835
-0.0056
-1
3
-0.59732
-0.10858
-0.05532
0.792682
-0.47827
0.382833
-1.00001
-0.88436
-0.07334
-0.09732
0.450606
-0.54523
0.07956
-0.99999
-0.85957
-0.07833
-0.09335
0.496273
-0.47827
-0.4266
-1
3
-0.72743
0.041329
-0.2347
0.643465
-0.47835
-0.0056
-1
-0.91364
-0.06637
-0.1022
0.387818
-0.47835
-0.0056
-1
-0.76435
-0.15953
0.001569
0.624743
-0.47835
-0.0056
-1
3
-0.53329
-0.11259
-0.04663
0.837105
-0.47835
-0.0056
-1
-0.21482
-0.12175
-0.00531
0.969018
-0.52818
-0.25209
-1
-0.4583
-0.11622
-0.03664
0.880399
-0.52818
-0.25209
-1
2
-0.98876
-0.03154
-0.11771
0.086506
-0.47835
-0.0056
-1
-0.97746
-0.04168
-0.11451
0.172353
-0.47835
-0.0056
-1
2
-0.99254
-0.12186
0
0
-0.47835
-0.0056
-1
-0.99254
-0.12186
0
0
-0.47835
-0.0056
-1
2
-0.76033
-0.09335
-0.07833
0.637996
-0.47835
-0.0056
-1
-0.76033
-0.09335
-0.07833
0.637996
-0.47835
-0.0056
-1
arm
False
False
True
False
False
0.080999
0.091
0.141
0
0
-0.09999
5
1
8
0
0
0
0
None
7
2
-0.7071
0
0
0.707106
0.009567
-0.05542
-0.99999
-0.7071
0
0
0.707106
0.009567
-0.05542
-0.99999
3
-0.98162
0
0
0.190809
0.009716
-0.50457
-1
-0.7071
0
0
0.707106
0.009567
-0.05542
-0.99999
-0.7071
0
0
0.707106
0.009567
-0.05542
-0.99999
3
-0.69165
0.147015
-0.14701
0.691654
0.009567
-0.05542
-0.99999
-0.7071
0
0
0.707106
0.009567
-0.05542
-0.99999
-0.70323
-0.07391
0.073912
0.703233
0.009567
-0.05542
-0.99999
3
-0.65328
-0.27059
0.270598
0.653281
0.009567
-0.05542
-0.99999
-0.99144
0
0.130526
0
0.009567
-0.05542
-0.99999
-0.81214
-0.07486
0.10692
-0.56866
0.009567
-0.05542
-0.99999
2
-0.93301
-0.06698
0.25
0.249999
0.009567
-0.05542
-0.99999
-0.92121
-0.13906
0.218285
0.290459
0.009567
-0.05542
-0.99999
2
-0.99619
0
0
0.087155
0.009567
-0.05542
-0.99999
-0.99619
0
0
0.087155
0.009567
-0.05542
-0.99999
2
0.469846
-0.29619
-0.17101
0.813797
0.009567
-0.05542
-0.99999
0.24321
-0.24184
-0.24184
0.907673
0.009567
-0.05542
-0.99999
hand
False
False
True
False
False
0.080999
0.080999
0.091
0
-0.02
0
7
0
0
0
0
0
None
7
2
0
0
0
1
0.069058
0.13211
-1
0
0
0
1
0.069058
0.13211
-1
3
-0.46947
0
0
0.882947
0.069058
0.13211
-1
-0.46947
0
0
0.882947
0.069058
0.13211
-1
-0.46947
0
0
0.882947
0.069058
0.13211
-1
3
0
0
0
1
0.069058
0.13211
-1
0
0
0
1
0.069058
0.13211
-1
0
0
0
1
0.069058
0.13211
-1
3
0
0
0
1
0.069058
0.13211
-1
0
0
0
1
0.069058
0.13211
-1
0
0
0
1
0.069058
0.13211
-1
2
0
0
0
1
0.069058
0.13211
-1
0
0
0
1
0.069058
0.13211
-1
2
-0.64278
0
0
0.766044
0.069058
0.13211
-1
-0.64278
0
0
0.766044
0.069058
0.13211
-1
2
0.984807
0
0
0.173648
0.069058
0.13211
-1
0.984807
0
0
0.173648
0.069058
0.13211
-1
leg
False
False
True
False
False
0.111
0.091000
0.111
0
0
-0.06
6
1
10
0
-11
-20
0
None
7
2
-0.62157
-0.09844
-0.12157
0.767578
-0.06815
0.041708
-1
-0.62157
-0.09844
-0.12157
0.767578
-0.06815
0.041708
-1
3
-0.62157
-0.09844
-0.12157
0.767578
-0.06815
0.041708
-1
-0.27224
-0.13812
-0.07344
0.949427
-0.06815
0.041708
-1
-0.72234
-0.08056
-0.13409
0.673601
-0.06815
0.041708
-1
3
-0.59101
0.036336
-0.22766
0.773012
-0.06815
0.041708
-1
-0.49384
-0.11625
-0.10467
0.855363
-0.06815
0.041708
-1
-0.63326
-0.25588
0.010316
0.730336
-0.06815
0.041708
-1
3
-0.62157
-0.09844
-0.12157
0.767578
-0.06815
0.041708
-1
-0.36198
-0.13044
-0.08634
0.918962
-0.06815
0.041708
-1
-0.4407
-0.12242
-0.09738
0.883916
-0.06815
0.041708
-1
2
-0.62157
-0.09844
-0.12157
0.767578
-0.06815
0.041708
-1
-0.62157
-0.09844
-0.12157
0.767578
-0.06815
0.041708
-1
2
-0.96954
-0.15356
-0.02984
0.18846
-0.06815
0.041708
-1
-0.96954
-0.15356
-0.02984
0.18846
-0.06815
0.041708
-1
2
-0.62157
-0.09844
-0.12157
0.767578
-0.06815
0.041708
-1
-0.51606
-0.11347
-0.10768
0.842142
-0.06815
0.041708
-1
foot
False
False
True
False
False
0.090998
0.051
0.131
0
0
0
9
0
0
-11
-20
0
None
7
2
0
-0.10452
0
0.994522
-0.11336
-0.52529
-0.99999
0
-0.10452
0
0.994522
-0.11336
-0.52529
-0.99999
3
0
-0.10452
0
0.994522
-0.11336
-0.52529
-0.99999
0.206772
-0.10224
0.021732
0.972789
-0.11336
-0.52529
-0.99999
0
-0.10452
0
0.994522
-0.11336
-0.52529
-0.99999
3
0
-0.10452
0
0.994522
-0.11336
-0.52529
-0.99999
0
-0.10452
0
0.994522
-0.11336
-0.52529
-0.99999
0
-0.10452
0
0.994522
-0.11336
-0.52529
-0.99999
3
0
-0.10452
0
0.994522
-0.11336
-0.52529
-0.99999
0
-0.10452
0
0.994522
-0.11336
-0.52529
-0.99999
0
-0.10452
0
0.994522
-0.11336
-0.52529
-0.99999
2
0
-0.10452
0
0.994522
-0.11336
-0.52529
-0.99999
0
-0.10452
0
0.994522
-0.11336
-0.52529
-0.99999
2
-0.63926
-0.08007
0.067189
0.761848
-0.11336
-0.52529
-0.99999
-0.63926
-0.08007
0.067189
0.761848
-0.11336
-0.52529
-0.99999
2
0
-0.10452
0
0.994522
-0.11336
-0.52529
-0.99999
0
-0.10452
0
0.994522
-0.11336
-0.52529
-0.99999
ear
False
True
False
True
False
0.061
0.070998
0.041
0
0
0
2
0
0
0
0
0
None
7
2
-0.10336
-0.04736
-0.01051
0.993459
-0.99999
-0.04731
-0.16568
-0.10336
-0.04736
-0.01051
0.993459
-0.99999
-0.04731
-0.16568
3
-0.10336
-0.04736
-0.01051
0.993459
-0.99999
-0.04731
-0.16568
-0.10336
-0.04736
-0.01051
0.993459
-0.99999
-0.04731
-0.16568
-0.10336
-0.04736
-0.01051
0.993459
-0.99999
-0.04731
-0.16568
3
-0.10336
-0.04736
-0.01051
0.993459
-0.99999
-0.04731
-0.16568
-0.10336
-0.04736
-0.01051
0.993459
-0.99999
-0.04731
-0.16568
-0.10336
-0.04736
-0.01051
0.993459
-0.99999
-0.04731
-0.16568
3
-0.10336
-0.04736
-0.01051
0.993459
-0.99999
-0.04731
-0.16568
-0.10336
-0.04736
-0.01051
0.993459
-0.99999
-0.04731
-0.16568
-0.10336
-0.04736
-0.01051
0.993459
-0.99999
-0.04731
-0.16568
2
-0.10336
-0.04736
-0.01051
0.993459
-0.99999
-0.04731
-0.16568
-0.10336
-0.04736
-0.01051
0.993459
-0.99999
-0.04731
-0.16568
2
-0.10336
-0.04736
-0.01051
0.993459
-0.99999
-0.04731
-0.16568
-0.10336
-0.04736
-0.01051
0.993459
-0.99999
-0.04731
-0.16568
2
-0.10336
-0.04736
-0.01051
0.993459
-0.99999
-0.04731
-0.16568
-0.10336
-0.04736
-0.01051
0.993459
-0.99999
-0.04731
-0.16568
helmet
False
False
False
True
True
0.181
0.101
0.181
0
0
0
2
1
13
0
-15
-16
0
None
7
2
0
0
0
1
0
1.000002
0.03286
0
0
0
1
0
1.000002
0.03286
3
0
0
0
1
0
1.000002
0.03286
0
0
0
1
0
1.000002
0.03286
0
0
0
1
0
1.000002
0.03286
3
0
0
0
1
0
1.000002
0.03286
0
0
0
1
0
1.000002
0.03286
0
0
0
1
0
1.000002
0.03286
3
0
0
0
1
0
1.000002
0.03286
0
0
0
1
0
1.000002
0.03286
0
0
0
1
0
1.000002
0.03286
2
0
0
0
1
0
1.000002
0.03286
0
0
0
1
0
1.000002
0.03286
2
0
0
0
1
0
1.000002
0.03286
0
0
0
1
0
1.000002
0.03286
2
0
0
0
1
0
1.000002
0.03286
0
0
0
1
0
1.000002
0.03286
helmethorn
False
True
False
True
True
0.111
0.051
0.061
-0.08
0
0
12
1
14
0
-13
11
0
None
7
2
0
0
0
1
-0.99999
0.434482
0.14058
0
0
0
1
-0.99999
0.434482
0.14058
3
0
0
0
1
-0.99999
0.434482
0.14058
0
0
0
1
-0.99999
0.434482
0.14058
0
0
0
1
-0.99999
0.434482
0.14058
3
0
0
0
1
-0.99999
0.434482
0.14058
0
0
0
1
-0.99999
0.434482
0.14058
0
0
0
1
-0.99999
0.434482
0.14058
3
0
0
0
1
-0.99999
0.434482
0.14058
0
0
0
1
-0.99999
0.434482
0.14058
0
0
0
1
-0.99999
0.434482
0.14058
2
0
0
0
1
-0.99999
0.434482
0.14058
0
0
0
1
-0.99999
0.434482
0.14058
2
0
0
0
1
-0.99999
0.434482
0.14058
0
0
0
1
-0.99999
0.434482
0.14058
2
0
0
0
1
-0.99999
0.434482
0.14058
0
0
0
1
-0.99999
0.434482
0.14058
helmethorn2
False
False
False
True
True
0.061
0.141
0.041
0
0.06
0
13
0
0
-13
11
0
None
7
2
0
0
-0.24192
0.970295
-0.77673
1.000004
0.313486
0
0
-0.24192
0.970295
-0.77673
1.000004
0.313486
3
0
0
-0.24192
0.970295
-0.77673
1.000004
0.313486
0
0
-0.24192
0.970295
-0.77673
1.000004
0.313486
0
0
-0.24192
0.970295
-0.77673
1.000004
0.313486
3
0
0
-0.24192
0.970295
-0.77673
1.000004
0.313486
0
0
-0.24192
0.970295
-0.77673
1.000004
0.313486
0
0
-0.24192
0.970295
-0.77673
1.000004
0.313486
3
0
0
-0.24192
0.970295
-0.77673
1.000004
0.313486
0
0
-0.24192
0.970295
-0.77673
1.000004
0.313486
0
0
-0.24192
0.970295
-0.77673
1.000004
0.313486
2
0
0
-0.24192
0.970295
-0.77673
1.000004
0.313486
0
0
-0.24192
0.970295
-0.77673
1.000004
0.313486
2
0
0
-0.24192
0.970295
-0.77673
1.000004
0.313486
0
0
-0.24192
0.970295
-0.77673
1.000004
0.313486
2
0
0
-0.24192
0.970295
-0.77673
1.000004
0.313486
0
0
-0.24192
0.970295
-0.77673
1.000004
0.313486
goatee
False
False
False
True
False
0.191
0.151
0.151
0
-0.14
0
2
0
-5
14
-4
0
None
7
2
0.069756
0
0
0.997564
0
-0.99999
0.713286
0.069756
0
0
0.997564
0
-0.99999
0.713286
3
0.069756
0
0
0.997564
0
-0.99999
0.713286
0.069756
0
0
0.997564
0
-0.99999
0.713286
0.069756
0
0
0.997564
0
-0.99999
0.713286
3
0.069756
0
0
0.997564
0
-0.99999
0.713286
0.069756
0
0
0.997564
0
-0.99999
0.713286
0.069756
0
0
0.997564
0
-0.99999
0.713286
3
0.069756
0
0
0.997564
0
-0.99999
0.713286
0.069756
0
0
0.997564
0
-0.99999
0.713286
0.069756
0
0
0.997564
0
-0.99999
0.713286
2
0.069756
0
0
0.997564
0
-0.99999
0.713286
0.069756
0
0
0.997564
0
-0.99999
0.713286
2
0.069756
0
0
0.997564
0
-0.99999
0.713286
0.069756
0
0
0.997564
0
-0.99999
0.713286
2
0.069756
0
0
0.997564
0
-0.99999
0.713286
0.069756
0
0
0.997564
0
-0.99999
0.713286
sideburn
False
True
False
True
False
0.080999
0.111
0.081
0
0
0
2
0
-5
14
-4
0
None
7
2
0
0
0
1
-1
-0.50318
0.386662
0
0
0
1
-1
-0.50318
0.386662
3
0
0
0
1
-1
-0.50318
0.386662
0
0
0
1
-1
-0.50318
0.386662
0
0
0
1
-1
-0.50318
0.386662
3
0
0
0
1
-1
-0.50318
0.386662
0
0
0
1
-1
-0.50318
0.386662
0
0
0
1
-1
-0.50318
0.386662
3
0
0
0
1
-1
-0.50318
0.386662
0
0
0
1
-1
-0.50318
0.386662
0
0
0
1
-1
-0.50318
0.386662
2
0
0
0
1
-1
-0.50318
0.386662
0
0
0
1
-1
-0.50318
0.386662
2
0
0
0
1
-1
-0.50318
0.386662
0
0
0
1
-1
-0.50318
0.386662
2
0
0
0
1
-1
-0.50318
0.386662
0
0
0
1
-1
-0.50318
0.386662
