30
0.424234
0.137254
0.101960
0.074509
perk_eagle_eye
false
0.976376
liberty
hawk
Águia
liberdade
falcão
орел
свобода
ястреб
elang
kebebasan
elang
águila
libertad
halcón 
นก อินทรี
เสรีภาพ
เหยี่ยว
liberdade
свобода
libertad
M
M
M
свобода
false
Feathers
Uncooked Meat
Bones
?
?
16
torso
False
False
False
False
False
0.126567
0.126567
0.252236
0
0
0
-1
4
1
5
6
7
0
0
0
0
None
7
2
-0.3746
0
0
0.927183
0
0
0
-0.30901
0
0
0.951056
0
0
0
3
-0.32556
0
0
0.945518
0
0
0
-0.40673
0
0
0.913545
0
0
0
-0.34202
0
0
0.939692
0
0
0
3
-0.37437
0.032358
-0.01307
0.926619
0
0
0
-0.45399
0
0
0.891006
0
0
0
-0.37369
-0.06467
0.026131
0.924925
0
0
0
3
-0.3746
0
0
0.927183
0
0.16
-0.24
-0.52991
0
0
0.848048
0
-0.18
0.2
-0.60181
0
0
0.798635
0
-0.32
0.24
2
-0.3746
0
0
0.927183
0
0.04
0.18
-0.41469
0
0
0.909961
0
0.04
0.18
2
-0.99862
0
0
0.052335
0
-0.26
-0.45999
-0.99862
0
0
0.052335
0
-0.28
-0.45999
2
-0.52991
0
0
0.848048
0
0
0
-0.60181
0
0
0.798635
0
0
0
neck
False
False
False
True
False
0.144519
0.144519
0.049638
0
0
0
0
1
2
0
-15
15
0
None
7
2
0.104528
0
0
0.994522
0
0.10216
1.000006
0.207911
0
0
0.978147
0
0.10216
1.000006
3
0.104528
0
0
0.994522
0
0.10216
1.000006
0.104528
0
0
0.994522
0
0.10216
1.000006
0.104528
0
0
0.994522
0
0.10216
1.000006
3
0.104528
0
0
0.994522
0
0.10216
1.000006
0.104528
0
0
0.994522
0
0.10216
1.000006
0.104528
0
0
0.994522
0
0.10216
1.000006
3
0.358368
0
0
0.93358
0
-1
0.880851
0.104528
0
0
0.994522
0
0.10216
1.000006
0.104528
0
0
0.994522
0
0.10216
1.000006
2
0.190809
0
0
0.981627
0
0.10216
1.000006
0.190809
0
0
0.981627
0
0.10216
1.000006
2
0.104528
0
0
0.994522
0
0.10216
1.000006
0.104528
0
0
0.994522
0
0.10216
1.000006
2
0.104528
0
0
0.994522
0
0.10216
1.000006
0.275637
0
0
0.961261
0
-0.74376
1.000003
head
False
False
False
False
False
0.126567
0.08759
0.110661
0
0
0
1
2
3
4
0
-15
15
0
None
7
2
0
0
0
1
0
-0.01016
0.999999
-0.12186
0
0
0.992546
0
-0.01016
0.999999
3
-0.25881
0
0
0.965925
0
-0.01016
0.999999
-0.25881
0
0
0.965925
0
-0.01016
0.999999
-0.25881
0
0
0.965925
0
-0.01016
0.999999
3
-0.25881
0
0
0.965925
0
-0.01016
0.999999
-0.25881
0
0
0.965925
0
-0.01016
0.999999
-0.25881
0
0
0.965925
0
-0.01016
0.999999
3
0.422618
0
0
0.906307
0
-0.01016
0.999999
0.422618
0
0
0.906307
0
-0.01016
0.999999
0.422618
0
0
0.906307
0
-0.01016
0.999999
2
0.087155
0
0
0.996194
0
-0.01016
0.999999
0.087155
0
0
0.996194
0
-0.01016
0.999999
2
-0.9063
0
0
0.422618
0
-0.01016
0.999999
-0.9063
0
0
0.422618
0
-0.01016
0.999999
2
-0.25881
0
0
0.965925
0
-0.01016
0.999999
-0.25881
0
0
0.965925
0
-0.01016
0.999999
snout
False
False
False
True
False
0.051685
0.063732
0.056803
0
0
0.02
2
1
15
9
13
13
0
None
7
2
0.043555
-0.00235
0
0.999048
0.026195
-0.41636
1.000007
0.173585
-0.00241
0
0.984815
0.026195
-0.41636
1.000007
3
0.173585
-0.00241
0
0.984815
0.026195
-0.41636
1.000007
0.173585
-0.00241
0
0.984815
0.026195
-0.41636
1.000007
0.173585
-0.00241
0
0.984815
0.026195
-0.41636
1.000007
3
0.173585
-0.00241
0
0.984815
0.026195
-0.41636
1.000007
0.173585
-0.00241
0
0.984815
0.026195
-0.41636
1.000007
0.173585
-0.00241
0
0.984815
0.026195
-0.41636
1.000007
3
0.043555
-0.00235
0
0.999048
0.026195
-0.41636
1.000007
0.043555
-0.00235
0
0.999048
0.026195
-0.41636
1.000007
0.043555
-0.00235
0
0.999048
0.026195
-0.41636
1.000007
2
0.043555
-0.00235
0
0.999048
0.026195
-0.41636
1.000007
0.043555
-0.00235
0
0.999048
0.026195
-0.41636
1.000007
2
0.043555
-0.00235
0
0.999048
0.026195
-0.41636
1.000007
0.043555
-0.00235
0
0.999048
0.026195
-0.41636
1.000007
2
0.173585
-0.00241
0
0.984815
0.026195
-0.41636
1.000007
0.173585
-0.00241
0
0.984815
0.026195
-0.41636
1.000007
eyes
True
True
False
True
False
0.071811
0.071811
0.044881
0
0
0.01
2
0
0
0
0
0
SeriousEye
7
2
0.043246
0.005693
-0.1304
0.990501
-0.66479
0.246683
0.999996
0.043246
0.005693
-0.1304
0.990501
-0.66479
0.246683
0.999996
3
0.043246
0.005693
-0.1304
0.990501
-0.66479
0.246683
0.999996
0.043246
0.005693
-0.1304
0.990501
-0.66479
0.246683
0.999996
0.043246
0.005693
-0.1304
0.990501
-0.66479
0.246683
0.999996
3
0.043246
0.005693
-0.1304
0.990501
-0.66479
0.246683
0.999996
0.043246
0.005693
-0.1304
0.990501
-0.66479
0.246683
0.999996
0.043246
0.005693
-0.1304
0.990501
-0.66479
0.246683
0.999996
3
0.043246
0.005693
-0.1304
0.990501
-0.66479
0.246683
0.999996
0.043246
0.005693
-0.1304
0.990501
-0.66479
0.246683
0.999996
0.043246
0.005693
-0.1304
0.990501
-0.66479
0.246683
0.999996
2
0.043246
0.005693
-0.1304
0.990501
-0.66479
0.246683
0.999996
0.043246
0.005693
-0.1304
0.990501
-0.66479
0.246683
0.999996
2
0.043246
0.005693
-0.1304
0.990501
-0.66479
0.246683
0.999996
0.043246
0.005693
-0.1304
0.990501
-0.66479
0.246683
0.999996
2
0.043246
0.005693
-0.1304
0.990501
-0.66479
0.246683
0.999996
0.043246
0.005693
-0.1304
0.990501
-0.66479
0.246683
0.999996
shoulder
False
True
False
False
False
0.018850
0.027826
0.090661
0
0
-0.09999
0
2
8
12
0
0
-4
0
None
7
2
-0.72292
0.173569
-0.66669
0.052629
-0.99999
0.736153
0.722719
-0.53182
0.382717
-0.65786
0.371357
-0.99999
0.736153
0.722719
3
-0.56552
0.362757
-0.62912
0.390878
-0.99999
0.736153
0.722719
-0.39653
0.446543
-0.74725
0.291508
-0.99999
0.736153
0.722719
-0.62819
0.319912
-0.56656
0.426655
-0.99999
0.736153
0.722719
3
-0.68397
0.273561
-0.49779
0.457758
-0.99999
0.736153
0.722719
-0.59768
0.341803
-0.59866
0.409328
-0.99999
0.736153
0.722719
-0.62819
0.319912
-0.56656
0.426655
-0.99999
0.736153
0.722719
3
-0.68466
-0.00489
-0.6889
0.237941
-0.99999
0.736153
0.722719
-0.96849
0.034799
-0.18842
0.15904
-0.99999
0.736153
0.722719
-0.72469
-0.01574
-0.65751
-0.20552
-0.99999
0.736153
0.722719
2
-0.64775
-0.09477
-0.68237
0.325273
-0.99999
0.736153
0.722719
-0.68466
-0.00489
-0.6889
0.237941
-0.99999
0.736153
0.722719
2
-0.35321
-0.53088
-0.43906
-0.63294
-0.99999
0.736153
0.722719
-0.35321
-0.53088
-0.43906
-0.63294
-0.99999
0.736153
0.722719
2
-0.45846
0.62473
-0.60621
0.178945
-0.99999
0.736153
0.722719
-0.37625
0.516451
-0.74486
0.192069
-0.99999
0.736153
0.722719
hip
False
True
True
False
False
0.045779
0.090661
0.099637
0
0
0
0
1
10
0
0
0
0
None
7
2
-0.80901
0
0
0.587785
-0.88128
-1
-0.69213
-0.55919
0
0
0.829037
-1
-0.47916
-0.71995
3
-0.55919
0
0
0.829037
-1
-0.47916
-0.71995
-0.76604
0
0
0.642787
-0.99999
-0.72705
-0.54044
-0.82903
0
0
0.559193
-0.99999
-0.83497
-0.71994
3
-0.55502
0.101034
-0.06814
0.822858
-1
-0.47916
-0.71995
-0.55919
0
0
0.829037
-1
-0.30987
-0.52186
-0.55502
-0.10103
0.068148
0.822858
-1
-0.47916
-0.71995
3
-0.59482
0
0
0.803857
-1
-0.44312
-0.78528
-0.80901
0
0
0.587785
-0.88128
-1
-0.69213
-0.80901
0
0
0.587785
-0.88128
-1
-0.69213
2
-0.99813
0
0
0.061048
-0.99999
-0.4017
-0.53107
-0.99813
0
0
0.061048
-0.99999
-0.4017
-0.53107
2
-0.87461
0
0
-0.4848
-0.88128
-1
-0.69213
-0.87461
0
0
-0.4848
-0.88128
-1
-0.69213
2
-0.55919
0
0
0.829037
-1
-0.47916
-0.71995
-0.55919
0
0
0.829037
-1
-0.47916
-0.71995
tail
False
False
False
False
False
0.17759
0.048850
0.11759
0
0
0.099999
0
0
0
-15
15
0
None
7
2
-0.91706
0
0
-0.39874
0.035805
0.818937
-0.99999
-0.99452
0
0
-0.10452
0.035805
0.818937
-0.99999
3
-0.99452
0
0
-0.10452
0.035805
0.818937
-0.99999
-0.99452
0
0
-0.10452
0.035805
0.818937
-0.99999
-0.99452
0
0
-0.10452
0.035805
0.818937
-0.99999
3
-0.99452
0
0
-0.10452
0.035805
0.818937
-0.99999
-0.99452
0
0
-0.10452
0.035805
0.818937
-0.99999
-0.99452
0
0
-0.10452
0.035805
0.818937
-0.99999
3
-0.91706
0
0
-0.39874
0.035805
0.818937
-0.99999
-0.91706
0
0
-0.39874
0.035805
0.818937
-0.99999
-0.91706
0
0
-0.39874
0.035805
0.818937
-0.99999
2
-0.99357
0
0
0.113203
0.035805
0.818937
-0.99999
-0.99357
0
0
0.113203
0.035805
0.818937
-0.99999
2
-0.02617
0
0
-0.99965
0.035805
0.818937
-0.99999
-0.02617
0
0
-0.99965
0.035805
0.818937
-0.99999
2
-0.99452
0
0
-0.10452
0.035805
0.818937
-0.99999
-0.99452
0
0
-0.10452
0.035805
0.818937
-0.99999
arm
False
False
False
False
False
0.01885
0.01885
0.194283
0
0
-0.2
5
2
9
13
0
0
-4
0
None
7
2
-0.72111
0.331256
-0.60823
0.017618
-0.44363
0
-1
-0.31667
0.573651
-0.75516
0.01904
-0.44363
0
-1
3
-0.43091
0.56361
-0.69633
0.108545
-0.44363
0
-1
-0.35576
0.571868
-0.73755
0.049037
-0.44363
0
-1
-0.79708
0.321779
-0.18768
0.475285
-0.44363
0
-1
3
-0.78204
0.354149
-0.24282
0.451681
-0.44363
0
-1
-0.7632
0.384794
-0.29678
0.425877
-0.44363
0
-1
-0.79708
0.321779
-0.18768
0.475285
-0.44363
0
-1
3
-0.92839
0.09008
-0.267
0.242243
-0.44363
0
-1
-0.93312
0.325318
-0.05192
-0.14405
-0.44363
0
-1
-0.77684
0.133313
-0.44232
-0.42788
-0.44363
0
-1
2
-0.83566
0.319591
-0.43774
0.088897
-0.44363
0
-1
-0.84023
0.356527
-0.40822
0.015726
-0.44363
0
-1
2
-0.32072
-0.41125
-0.55727
-0.6461
-0.44363
0
-1
-0.32072
-0.41125
-0.55727
-0.6461
-0.44363
0
-1
2
0.082165
0.493775
-0.84926
-0.16789
-0.44363
0
-1
0.067219
0.417878
-0.88906
-0.17441
-0.44363
0
-1
hand
False
False
False
False
False
0.01885
0.01885
0.097591
0.02
-0.02
0.059999
8
1
14
0
0
-4
0
None
7
2
-0.45113
-0.52296
0.364416
0.624645
-0.34451
0.157347
-1
-0.40454
-0.50475
0.049744
0.760977
-0.34451
0.157347
-1
3
-0.27087
-0.61559
0.016787
0.739854
-0.34451
0.157347
-1
-0.30669
-0.60516
0.006619
0.73462
-0.34451
0.157347
-1
-0.05831
-0.66658
0.064769
0.740317
-0.34451
0.157347
-1
3
0.055257
-0.69703
0.179935
0.691889
-0.34451
0.157347
-1
0.044254
-0.67598
0.162425
0.717425
-0.34451
0.157347
-1
-0.05831
-0.66658
0.064769
0.740317
-0.34451
0.157347
-1
3
0.624645
0.364417
0.522968
0.451134
-0.34451
0.157347
-1
-0.17161
0.364837
0.565484
0.719493
-0.34451
0.157347
-1
-0.74389
-0.09048
0.33936
0.568562
-0.34451
0.157347
-1
2
-0.53983
-0.31092
0.211891
0.752994
-0.34451
0.157347
-1
-0.53983
-0.31092
0.211891
0.752994
-0.34451
0.157347
-1
2
-0.75677
0.109257
0.627979
-0.14488
-0.34451
0.157347
-1
-0.75677
0.109257
0.627979
-0.14488
-0.34451
0.157347
-1
2
-0.6956
-0.34041
-0.57675
0.260016
-0.34451
0.157347
-1
-0.83226
-0.36173
-0.41015
0.090861
-0.34451
0.157347
-1
leg
False
False
True
False
False
0.027826
0.036803
0.063732
0
0
-0.06
6
1
11
9
13
13
0
None
7
2
-0.93358
0
0
0.358368
-0.33145
0
-1
-0.62932
0
0
0.777146
-0.33145
0
-1
3
-0.62932
0
0
0.777146
-0.33145
0
-1
-0.96592
0
0
0.258819
-0.33143
-0.15626
-1
-0.84804
0
0
0.529919
-0.33134
-0.12075
-1
3
-0.62932
0
0
0.777146
-0.33145
0
-1
-0.62932
0
0
0.777146
-0.33145
0
-1
-0.61775
-0.14828
0.12008
0.762867
-0.33145
0
-1
3
-0.93358
0
0
0.358368
-0.33145
0
-1
-0.93358
0
0
0.358368
-0.33145
0
-1
-0.93358
0
0
0.358368
-0.33145
0
-1
2
-0.99984
0
0
0.017452
-0.33143
0.34409
-0.99999
-0.99984
0
0
0.017452
-0.33143
0.34409
-0.99999
2
-0.71933
0
0
-0.69465
-0.33145
0
-1
-0.71933
0
0
-0.69465
-0.33145
0
-1
2
-0.62932
0
0
0.777146
-0.33145
0
-1
-0.62932
0
0
0.777146
-0.33145
0
-1
foot
False
False
True
False
False
0.027826
0.036803
0.036803
0
0
0
10
0
9
13
13
0
None
7
2
0
0
0
1
-0.07332
0
-0.99999
0
0
0
1
-0.07332
0
-0.99999
3
0
0
0
1
-0.07332
0
-0.99999
0
0
0
1
-0.07332
0
-0.99999
0
0
0
1
-0.07332
0
-0.99999
3
0
0
0
1
-0.07332
0
-0.99999
0
0
0
1
-0.07332
0
-0.99999
0
0
0
1
-0.07332
0
-0.99999
3
0
0
0
1
-0.07332
0
-0.99999
0
0
0
1
-0.07332
0
-0.99999
0
0
0
1
-0.07332
0
-0.99999
2
-0.60876
0
0
0.793353
-0.07332
0
-0.99999
-0.60876
0
0
0.793353
-0.07332
0
-0.99999
2
-0.9063
0
0
0.422618
-0.07332
0
-0.99999
-0.9063
0
0
0.422618
-0.07332
0
-0.99999
2
0
0
0
1
-0.07332
0
-0.99999
0
0
0
1
-0.07332
0
-0.99999
batwingsh
False
False
False
True
False
0.009873
0.108615
0.207354
0
0.08
0
5
0
0
-8
0
0
None
7
2
-0.01738
0.087142
-0.00152
0.996043
-0.50628
1.00002
-0.01288
-0.01738
0.087142
-0.00152
0.996043
-0.50628
1.00002
-0.01288
3
-0.01738
0.087142
-0.00152
0.996043
-0.50628
1.00002
-0.01288
-0.01738
0.087142
-0.00152
0.996043
-0.50628
1.00002
-0.01288
-0.01738
0.087142
-0.00152
0.996043
-0.50628
1.00002
-0.01288
3
-0.01738
0.087142
-0.00152
0.996043
-0.50628
1.00002
-0.01288
-0.01738
0.087142
-0.00152
0.996043
-0.50628
1.00002
-0.01288
-0.01738
0.087142
-0.00152
0.996043
-0.50628
1.00002
-0.01288
3
-0.01738
0.087142
-0.00152
0.996043
-0.50628
1.00002
-0.01288
-0.01738
0.087142
-0.00152
0.996043
-0.50628
1.00002
-0.01288
-0.01738
0.087142
-0.00152
0.996043
-0.50628
1.00002
-0.01288
2
-0.01738
0.087142
-0.00152
0.996043
-0.50628
1.00002
-0.01288
-0.01738
0.087142
-0.00152
0.996043
-0.50628
1.00002
-0.01288
2
-0.01738
0.087142
-0.00152
0.996043
-0.50628
1.00002
-0.01288
-0.01738
0.087142
-0.00152
0.996043
-0.50628
1.00002
-0.01288
2
-0.01738
0.087142
-0.00152
0.996043
-0.50628
1.00002
-0.01288
-0.01738
0.087142
-0.00152
0.996043
-0.50628
1.00002
-0.01288
batwing
False
False
False
True
False
0.009873
0.14452
0.225307
0
0.12
-0.02
8
0
0
-8
0
0
None
7
2
0
0
0
1
-0.71308
0.999987
-0.05012
0
0
0
1
-0.71308
0.999987
-0.05012
3
0
0
0
1
-0.71308
0.999987
-0.05012
0
0
0
1
-0.71308
0.999987
-0.05012
0
0
0
1
-0.71308
0.999987
-0.05012
3
0
0
0
1
-0.71308
0.999987
-0.05012
0
0
0
1
-0.71308
0.999987
-0.05012
0
0
0
1
-0.71308
0.999987
-0.05012
3
0
0
0
1
-0.71308
0.999987
-0.05012
0
0
0
1
-0.71308
0.999987
-0.05012
0
0
0
1
-0.71308
0.999987
-0.05012
2
0
0
0
1
-0.71308
0.999987
-0.05012
0
0
0
1
-0.71308
0.999987
-0.05012
2
0
0
0
1
-0.71308
0.999987
-0.05012
0
0
0
1
-0.71308
0.999987
-0.05012
2
0
0
0
1
-0.71308
0.999987
-0.05012
0
0
0
1
-0.71308
0.999987
-0.05012
batwingtip
False
False
False
True
False
0.133496
-0.01012
0.20759
-0.12
0
0.12
9
0
0
-8
0
0
None
7
2
0
0
-0.04361
0.999048
-1
0.65186
-0.03399
0
0
-0.04361
0.999048
-1
0.65186
-0.03399
3
0
0
-0.04361
0.999048
-1
0.65186
-0.03399
0
0
-0.04361
0.999048
-1
0.65186
-0.03399
0
0
-0.04361
0.999048
-1
0.65186
-0.03399
3
0
0
-0.04361
0.999048
-1
0.65186
-0.03399
0
0
-0.04361
0.999048
-1
0.65186
-0.03399
0
0
-0.04361
0.999048
-1
0.65186
-0.03399
3
0
0
-0.04361
0.999048
-1
0.65186
-0.03399
0
0
-0.04361
0.999048
-1
0.65186
-0.03399
0
0
-0.04361
0.999048
-1
0.65186
-0.03399
2
0
0
-0.04361
0.999048
-1
0.65186
-0.03399
0
0
-0.04361
0.999048
-1
0.65186
-0.03399
2
0
0
-0.04361
0.999048
-1
0.65186
-0.03399
0
0
-0.04361
0.999048
-1
0.65186
-0.03399
2
0
0
-0.04361
0.999048
-1
0.65186
-0.03399
0
0
-0.04361
0.999048
-1
0.65186
-0.03399
eagleSnub
False
False
False
True
False
0.031
0.021
0.021
0
0
0
3
0
9
13
13
0
None
7
2
0
0
0
1
0
-1
0.59409
0
0
0
1
0
-1
0.59409
3
0
0
0
1
0
-1
0.59409
0
0
0
1
0
-1
0.59409
0
0
0
1
0
-1
0.59409
3
0
0
0
1
0
-1
0.59409
0
0
0
1
0
-1
0.59409
0
0
0
1
0
-1
0.59409
3
0
0
0
1
0
-1
0.59409
0
0
0
1
0
-1
0.59409
0
0
0
1
0
-1
0.59409
2
0
0
0
1
0
-1
0.59409
0
0
0
1
0
-1
0.59409
2
0
0
0
1
0
-1
0.59409
0
0
0
1
0
-1
0.59409
2
0
0
0
1
0
-1
0.59409
0
0
0
1
0
-1
0.59409
