30
0.718461
0.521568
0.576470
0.588235
perk_giant
false
0.377023
african
mammoth
elefante
africano
mamute
слон
африканский
мамонт
gajah
afrika
raksasa
elefante
africano
mamut
ช้าง
แอฟริกัน
แมมมอ ธ
africana
африканская
africana
M
M
M
aфриканское 
false
Uncooked Meat
Bones
?
?
?
15
torso
False
False
False
False
False
0.273643
0.273643
0.418563
0
0
0
-1
4
1
5
6
7
0
0
1
0
None
7
2
-0.06975
0
0
0.997564
0
0
0
-0.06975
0
0
0.997564
0
0.04
0
3
0.069756
0
0
0.997564
0
0
0
-0.06975
0
0
0.997564
0
0
0
-0.06975
0
0
0.997564
0
0
0
3
-0.06949
0.086943
-0.00607
0.993768
0
0
0
-0.13917
0
0
0.990268
0
0
0
-0.06937
-0.10427
0.007291
0.992099
0
0
0
3
0.104528
0
0
0.994522
0
-0.08
-0.16
-0.06975
0
0
0.997564
0
-0.04
0.18
0.061048
0
0
0.998134
0
-0.06
0.36
2
-0.52249
0
0
0.85264
0
-0.16
0.12
-0.55919
0
0
0.829037
0
-0.16
0.12
2
-0.99813
0
0
0.061048
0
-0.1
-0.63999
-0.99813
0
0
0.061048
0
-0.12
-0.63999
2
-0.24192
0
0
0.970295
0
0
0
-0.32556
0
0
0.945518
0
0
0
neck
False
False
False
True
False
0.137247
0.188396
0.154297
0
0
0
0
1
2
0
0
0
0
None
7
2
-0.25881
0
0
0.965925
0.080162
0.168916
1.000001
-0.32556
0
0
0.945518
0.08016
0.488613
1.000002
3
-0.25881
0
0
0.965925
0.080162
0.168916
1.000001
-0.25881
0
0
0.965925
0.080162
0.168916
1.000001
-0.25881
0
0
0.965925
0.080162
0.168916
1.000001
3
-0.25881
0
0
0.965925
0.080162
0.168916
1.000001
-0.25881
0
0
0.965925
0.080162
0.168916
1.000001
-0.25881
0
0
0.965925
0.080162
0.168916
1.000001
3
-0.25881
0
0
0.965925
0.080163
-0.09387
0.999999
-0.25881
0
0
0.965925
0.080162
0.168916
1.000001
-0.25881
0
0
0.965925
0.080162
0.168916
1.000001
2
0.087155
0
0
0.996194
0.080152
-0.1423
0.999999
0.087155
0
0
0.996194
0.080152
-0.1423
0.999999
2
-0.25881
0
0
0.965925
0.080162
0.168916
1.000001
-0.25881
0
0
0.965925
0.080162
0.168916
1.000001
2
-0.25881
0
0
0.965925
0.080162
0.168916
1.000001
-0.04361
0
0
0.999048
0.080163
-0.21273
1.000002
head
False
False
False
False
False
0.21397
0.188396
0.111673
0
0
0
1
4
3
4
12
14
0
0
0
0
None
7
2
-0.12186
0
0
0.992546
0.24084
-0.19196
0.999996
-0.34202
0
0
0.939692
0.24084
-0.19196
0.999996
3
-0.12186
0
0
0.992546
0.24084
-0.19196
0.999996
-0.12186
0
0
0.992546
0.24084
-0.19196
0.999996
-0.12186
0
0
0.992546
0.24084
-0.19196
0.999996
3
-0.12186
0
0
0.992546
0.24084
-0.19196
0.999996
-0.12186
0
0
0.992546
0.24084
-0.19196
0.999996
-0.12186
0
0
0.992546
0.24084
-0.19196
0.999996
3
-0.12186
0
0
0.992546
0.24084
-0.19196
0.999996
-0.25038
0
0
0.968147
0.24084
-0.19196
0.999996
0.182235
0
0
0.983255
0.24084
-0.19196
0.999996
2
-0.12186
0
0
0.992546
0.24084
-0.19196
0.999996
-0.12186
0
0
0.992546
0.24084
-0.19196
0.999996
2
-0.99996
0
0
0.008726
0.24084
-0.19196
0.999996
-0.99996
0
0
0.008726
0.24084
-0.19196
0.999996
2
-0.12186
0
0
0.992546
0.24084
-0.19196
0.999996
-0.12186
0
0
0.992546
0.24084
-0.19196
0.999996
snout
False
False
False
True
False
0.069050
0.060525
0.222495
0
0
0.02
2
1
13
0
0
0
0
None
7
2
0.615609
-0.00228
0
0.788047
0.024442
-0.99999
0.933044
0.544584
-0.00234
0
0.838702
0.026194
-0.82972
1.000003
3
0.615609
-0.00228
0
0.788047
0.024442
-0.99999
0.933044
0.615609
-0.00228
0
0.788047
0.024442
-0.99999
0.933044
0.615609
-0.00228
0
0.788047
0.024442
-0.99999
0.933044
3
0.615609
-0.00228
0
0.788047
0.024442
-0.99999
0.933044
0.615609
-0.00228
0
0.788047
0.024442
-0.99999
0.933044
0.615609
-0.00228
0
0.788047
0.024442
-0.99999
0.933044
3
0.7431
-0.00209
0.001236
0.669175
0.024442
-0.99999
0.933044
0.182172
-0.00241
0
0.983263
0.024442
-0.99999
0.933044
0.430452
-0.00241
0
0.902609
0.024442
-0.99999
0.933044
2
0.615609
-0.00228
0
0.788047
0.024442
-0.99999
0.933044
0.615609
-0.00228
0
0.788047
0.024442
-0.99999
0.933044
2
0.615609
-0.00228
0
0.788047
0.024442
-0.99999
0.933044
0.615609
-0.00228
0
0.788047
0.024442
-0.99999
0.933044
2
0.615609
-0.00228
0
0.788047
0.024442
-0.99999
0.933044
0.615609
-0.00228
0
0.788047
0.024442
-0.99999
0.933044
eyes
True
True
False
True
False
0.051148
0.051148
0.042623
0
0
0.01
2
0
0
0
0
0
RegularEye
7
2
0
0
0
1
-0.51976
-0.27617
0.999996
0
0
0
1
-0.51976
-0.27617
0.999996
3
0
0
0
1
-0.51976
-0.27617
0.999996
0
0
0
1
-0.51976
-0.27617
0.999996
0
0
0
1
-0.51976
-0.27617
0.999996
3
0
0
0
1
-0.51976
-0.27617
0.999996
0
0
0
1
-0.51976
-0.27617
0.999996
0
0
0
1
-0.51976
-0.27617
0.999996
3
0
0
0
1
-0.51976
-0.27617
0.999996
0
0
0
1
-0.51976
-0.27617
0.999996
0
0
0
1
-0.51976
-0.27617
0.999996
2
0
0
0
1
-0.51976
-0.27617
0.999996
0
0
0
1
-0.51976
-0.27617
0.999996
2
0
0
0
1
-0.51976
-0.27617
0.999996
0
0
0
1
-0.51976
-0.27617
0.999996
2
0
0
0
1
-0.51976
-0.27617
0.999996
0
0
0
1
-0.51976
-0.27617
0.999996
shoulder
False
True
True
False
False
0.111673
0.103149
0.196921
0.06
0
0
0
1
8
0
0
-1
0
None
7
2
-0.7071
0
0
0.707106
-0.76357
-0.99999
0.526272
-0.69465
0
0
0.71934
-0.73917
-1
0.446129
3
-0.60181
0
0
0.798635
-0.70404
-1
0.398877
-0.7071
0
0
0.707106
-0.76357
-0.99999
0.526272
-0.81915
0
0
0.573576
-0.69059
-1
0.703603
3
-0.69636
0.122787
-0.12278
0.696364
-0.91234
-0.99999
0.628821
-0.76604
0
0
0.642787
-1
-0.87767
0.512859
-0.70022
-0.09841
0.09841
0.700225
-0.76357
-0.99999
0.526272
3
-0.81915
0
0
0.573576
-0.76357
-0.99999
0.526272
-0.96592
0
0
0.258819
-0.99999
-0.91608
0.858488
-0.96592
0
0
0.258819
-0.99999
-0.91608
0.858488
2
-0.70441
-0.06162
0.061628
0.704416
-0.60189
-0.99999
0.381487
-0.70441
-0.06162
0.061628
0.704416
-0.60189
-0.99999
0.381487
2
-0.79335
0
0
-0.60876
-0.76357
-0.99999
0.526272
-0.79335
0
0
-0.60876
-0.76357
-0.99999
0.526272
2
-0.64278
0
0
-0.76604
-1
0.034687
0.50553
-0.5
0
0
-0.86602
-1
0.648211
0.361083
hip
False
True
True
False
False
0.103149
0.137247
0.162822
0.08
0
0
0
1
10
0
0
-1
0
None
7
2
-0.66913
0
0
0.743144
-1
-0.86547
-0.52481
-0.66913
0
0
0.743144
-0.99999
-0.94392
-0.63923
3
-0.74314
0
0
0.66913
-1
-0.86547
-0.52481
-0.80901
0
0
0.587785
-1
-0.86547
-0.52481
-0.61566
0
0
0.78801
-1
-0.96044
-0.66194
3
-0.66414
0.090566
-0.08154
0.737605
-1
-0.86547
-0.52481
-0.66913
0
0
0.743144
-1
-0.86547
-0.52481
-0.6545
-0.1545
0.13912
0.726905
-1
-0.86547
-0.52481
3
-0.66913
0
0
0.743144
-1
-0.99525
-0.52482
-0.66913
0
0
0.743144
-1
-0.86547
-0.52481
-0.66913
0
0
0.743144
-1
-0.86547
-0.52481
2
-0.99539
0
0
0.095845
-0.99999
-0.26496
-0.65287
-0.99539
0
0
0.095845
-0.99999
-0.26496
-0.65287
2
-0.82412
0
0
-0.5664
-1
-0.86547
-0.52481
-0.82412
0
0
-0.5664
-1
-0.86547
-0.52481
2
-0.66913
0
0
0.743144
-1
-0.86547
-0.52481
-0.66913
0
0
0.743144
-1
-0.86547
-0.52481
tail
False
False
False
False
False
0.052
0.034951
0.128723
0
0
0.04
0
0
0
0
0
0
None
7
2
-0.81915
0
0
-0.57357
0.035806
0.625005
-0.99999
-0.96592
0
0
-0.25881
0.035807
0.727166
-1
3
-0.81915
0
0
-0.57357
0.035806
0.625005
-0.99999
-0.81915
0
0
-0.57357
0.035806
0.625005
-0.99999
-0.81915
0
0
-0.57357
0.035806
0.625005
-0.99999
3
-0.81915
0
0
-0.57357
0.035806
0.625005
-0.99999
-0.81915
0
0
-0.57357
0.035806
0.625005
-0.99999
-0.81915
0
0
-0.57357
0.035806
0.625005
-0.99999
3
-0.81915
0
0
-0.57357
0.035806
0.625005
-0.99999
-0.81915
0
0
-0.57357
0.035806
0.625005
-0.99999
-0.81915
0
0
-0.57357
0.035806
0.625005
-0.99999
2
-0.81915
0
0
-0.57357
0.035806
0.625005
-0.99999
-0.81915
0
0
-0.57357
0.035806
0.625005
-0.99999
2
0.461748
0
0
-0.88701
0.035806
0.625005
-0.99999
0.461748
0
0
-0.88701
0.035806
0.625005
-0.99999
2
-0.81915
0
0
-0.57357
0.035806
0.625005
-0.99999
-0.81915
0
0
-0.57357
0.035806
0.625005
-0.99999
arm
False
False
True
False
False
0.094624
0.0861
0.120198
0
0
-0.1
5
1
9
0
0
-2
0
None
7
2
-0.69465
0
0
0.719339
-0.14252
0.016598
-0.99999
-0.69465
0
0
0.719339
-0.14253
0
-1
3
-0.55919
0
0
0.829037
-0.14253
0
-1
-0.45399
0
0
0.891006
-0.14253
0
-1
-0.81915
0
0
0.573576
-0.14253
0
-1
3
-0.69201
0.062694
-0.06054
0.716602
-0.14253
0
-1
-0.54463
0
0
0.83867
-0.14253
0
-1
-0.6861
-0.11252
0.108668
0.710483
-0.14253
0
-1
3
-0.91706
0
0
0.398748
-0.14252
0.016598
-0.99999
-0.7826
0
0
0.622514
-0.14252
0.016598
-0.99999
-0.7826
0
0
0.622514
-0.14252
0.016598
-0.99999
2
-0.69201
-0.06269
0.060543
0.716602
-0.14252
0.016598
-0.99999
-0.69201
-0.06269
0.060543
0.716602
-0.14252
0.016598
-0.99999
2
-0.80385
0
0
-0.59482
-0.14252
0.016598
-0.99999
-0.80385
0
0
-0.59482
-0.14252
0.016598
-0.99999
2
0.497488
-0.22185
-0.1333
0.82796
-0.14253
0
-1
0.266244
-0.17979
-0.18617
0.928507
-0.14253
0
-1
hand
False
False
True
False
False
0.103149
0.043476
0.086099
0
-0.02
0
8
0
0
0
-10
0
None
7
2
0
0
0
1
0.004259
-0.0136
-1
0
0
0
1
0.004259
-0.0136
-1
3
0
0
0
1
0.004259
-0.0136
-1
0.325568
0
0
0.945518
0.004259
-0.0136
-1
0.052335
0
0
0.998629
0.004259
-0.0136
-1
3
0
0
0
1
0.004259
-0.0136
-1
0.190809
0
0
0.981627
0.004259
-0.0136
-1
0.190809
0
0
0.981627
0.004259
-0.0136
-1
3
0
0
0
1
0.004259
-0.0136
-1
0
0
0
1
0.004259
-0.0136
-1
0
0
0
1
0.004259
-0.0136
-1
2
0
0
0
1
0.004259
-0.0136
-1
0
0
0
1
0.004259
-0.0136
-1
2
-0.99144
0
0
0.130526
0.004259
-0.0136
-1
-0.99144
0
0
0.130526
0.004259
-0.0136
-1
2
0.951251
-0.25488
0.044943
0.167731
0.004259
-0.0136
-1
0.875426
-0.25783
-0.02255
0.408218
0.004259
-0.0136
-1
leg
False
False
True
False
False
0.086099
0.094624
0.128723
0
0
-0.1
6
1
11
0
0
-2
0
None
7
2
-0.66913
0
0
0.743144
-0.12031
0
-1
-0.66913
0
0
0.743144
-0.12031
0
-1
3
-0.49999
0
0
0.866025
-0.12031
0
-1
-0.81915
0
0
0.573576
-0.12031
0
-1
-0.54463
0
0
0.83867
-0.12031
0
-1
3
-0.66089
0.116253
-0.10467
0.733995
-0.12031
0
-1
-0.51503
0
0
0.857167
-0.12031
0
-1
-0.64925
-0.17978
0.161877
0.72107
-0.12031
0
-1
3
-0.66913
0
0
0.743144
-0.12031
0
-1
-0.66913
0
0
0.743144
-0.12031
0
-1
-0.66913
0
0
0.743144
-0.12031
0
-1
2
-0.98325
0
0
0.182235
-0.12031
0
-1
-0.98325
0
0
0.182235
-0.12031
0
-1
2
-0.82412
0
0
-0.5664
-0.12031
0
-1
-0.82412
0
0
-0.5664
-0.12031
0
-1
2
-0.66913
0
0
0.743144
-0.12031
0
-1
-0.66913
0
0
0.743144
-0.12031
0
-1
foot
False
False
True
False
False
0.086099
0.043476
0.094624
0
0
0
10
0
0
0
-10
0
None
7
2
0
0
0
1
-0.07332
0
-0.99999
0
0
0
1
-0.07332
0
-0.99999
3
0.275637
0
0
0.961261
-0.07332
0
-0.99999
0.275637
0
0
0.961261
-0.07332
0
-0.99999
0.275637
0
0
0.961261
-0.07332
0
-0.99999
3
0
0
0
1
-0.07332
0
-0.99999
0.258819
0
0
0.965925
-0.07332
0
-0.99999
0.258819
0
0
0.965925
-0.07332
0
-0.99999
3
0
0
0
1
-0.07332
0
-0.99999
0
0
0
1
-0.07332
0
-0.99999
0
0
0
1
-0.07332
0
-0.99999
2
-0.60876
0
0
0.793353
-0.07332
0
-0.99999
-0.60876
0
0
0.793353
-0.07332
0
-0.99999
2
-0.99144
0
0
0.130526
-0.07332
0
-0.99999
-0.99144
0
0
0.130526
-0.07332
0
-0.99999
2
0
0
0
1
-0.07332
0
-0.99999
0
0
0
1
-0.07332
0
-0.99999
ear
False
True
False
True
False
0.120198
0.248069
0.017901
0
0
0
2
0
0
0
-6
0
None
7
2
0
-0.36225
0.05231
0.93061
-1
-0.02921
-0.34884
-0.00786
-0.21221
0.051716
0.975821
-0.99999
-0.06852
-0.07757
3
0
-0.36225
0.05231
0.93061
-1
-0.02921
-0.34884
0
-0.36225
0.05231
0.93061
-1
-0.02921
-0.34884
0
-0.36225
0.05231
0.93061
-1
-0.02921
-0.34884
3
0
-0.36225
0.05231
0.93061
-1
-0.02921
-0.34884
0
-0.36225
0.05231
0.93061
-1
-0.02921
-0.34884
0
-0.36225
0.05231
0.93061
-1
-0.02921
-0.34884
3
0
-0.36225
0.05231
0.93061
-1
-0.02921
-0.34884
0
-0.36225
0.05231
0.93061
-1
-0.02921
-0.34884
0
-0.36225
0.05231
0.93061
-1
-0.02921
-0.34884
2
0
-0.36225
0.05231
0.93061
-1
-0.02921
-0.34884
0
-0.36225
0.05231
0.93061
-1
-0.02921
-0.34884
2
0
-0.36225
0.05231
0.93061
-1
-0.02921
-0.34884
0
-0.36225
0.05231
0.93061
-1
-0.02921
-0.34884
2
0
-0.36225
0.05231
0.93061
-1
-0.02921
-0.34884
0
-0.36225
0.05231
0.93061
-1
-0.02921
-0.34884
snoutext
False
False
False
True
False
0.060525
0.052000
0.179871
0
0
0.14
3
0
0
0
0
0
None
7
2
0.341811
0.002434
0.034814
0.93912
0
-0.1695
1.000007
-0.19069
-0.01584
0.031095
0.981029
0
0.306131
0.999997
3
0.341811
0.002434
0.034814
0.93912
0
-0.1695
1.000007
-0.15633
-0.01474
0.031629
0.987086
0
-0.1695
1.000007
-0.4381
-0.02335
0.025935
0.898246
0
-0.1695
1.000007
3
0.341811
0.002434
0.034814
0.93912
0
-0.1695
1.000007
0.341811
0.002434
0.034814
0.93912
0
-0.1695
1.000007
0.341811
0.002434
0.034814
0.93912
0
-0.1695
1.000007
3
0.79287
0.020759
0.028054
0.60839
0
-0.1695
1.000007
-0.67517
-0.02975
0.018234
0.736828
0
-0.1695
1.000007
0.258661
0
0.034894
0.965337
0
-0.1695
1.000007
2
0.341811
0.002434
0.034814
0.93912
0
-0.1695
1.000007
0.341811
0.002434
0.034814
0.93912
0
-0.1695
1.000007
2
0.341811
0.002434
0.034814
0.93912
0
-0.1695
1.000007
0.341811
0.002434
0.034814
0.93912
0
-0.1695
1.000007
2
0.341811
0.002434
0.034814
0.93912
0
-0.1695
1.000007
0.341811
0.002434
0.034814
0.93912
0
-0.1695
1.000007
tusk
False
True
False
True
False
0.034951
0.043476
0.231019
0
0
0
2
0
0
0
9
0
None
7
2
0.207911
0
0
0.978147
-0.55191
-0.99999
0.903374
0.207911
0
0
0.978147
-0.55191
-0.99999
0.903374
3
0.207911
0
0
0.978147
-0.55191
-0.99999
0.903374
0.207911
0
0
0.978147
-0.55191
-0.99999
0.903374
0.207911
0
0
0.978147
-0.55191
-0.99999
0.903374
3
0.207911
0
0
0.978147
-0.55191
-0.99999
0.903374
0.207911
0
0
0.978147
-0.55191
-0.99999
0.903374
0.207911
0
0
0.978147
-0.55191
-0.99999
0.903374
3
0.207911
0
0
0.978147
-0.55191
-0.99999
0.903374
0.207911
0
0
0.978147
-0.55191
-0.99999
0.903374
0.207911
0
0
0.978147
-0.55191
-0.99999
0.903374
2
0.207911
0
0
0.978147
-0.55191
-0.99999
0.903374
0.207911
0
0
0.978147
-0.55191
-0.99999
0.903374
2
0.207911
0
0
0.978147
-0.55191
-0.99999
0.903374
0.207911
0
0
0.978147
-0.55191
-0.99999
0.903374
2
0.207911
0
0
0.978147
-0.55191
-0.99999
0.903374
0.207911
0
0
0.978147
-0.55191
-0.99999
0.903374
