30
0.648477
0.882352
0.411764
0.603921
perk_dash
false
0.529148
tuki
tuki
flamingo
selva
tucano
фламинго
джунгли
тукан
flamingo
hutan
tuki
flamenco
de la selva
tuki
ฟลามิงโก
ป่า
ตูกิ
selva
джунгли
de la selva
M
M
M
джунглей
false
Feathers
Uncooked Meat
Bones
?
?
12
torso
False
False
False
False
False
0.150068
0.157863
0.171404
0
0
0
-1
4
1
5
6
7
0
0
0
0
None
7
2
-0.00872
0
0
0.999962
0
0
0
-0.00872
0
0
0.999962
0
0
0
3
0.121869
0
0
0.992546
0
0
0
0.121869
0
0
0.992546
0
0
0
0.121869
0
0
0.992546
0
0
0
3
0.121201
0.103749
0.012738
0.987108
0
0
0
0.121201
0.103749
0.012738
0.987108
0
0
0
0.120683
-0.13813
-0.01696
0.982886
0
0
0
3
0.165047
0
0
0.986285
0
-0.12
-0.26
0.165047
0
0
0.986285
0
0.02
0.18
-0.13917
0
0
0.990268
0
-0.02
0.24
2
-0.30901
0
0
0.951056
0
0
-0.06
-0.3502
0
0
0.936672
0
0
-0.06
2
-0.68199
0
0
0.731353
0
-0.42
0
-0.68199
0
0
0.731353
0
-0.42
0.02
2
-0.30901
0
0
0.951056
0
0
0
-0.43051
0
0
0.902585
0
0
0
neck
False
False
False
True
False
0.039755
0.039755
0.249201
0
0
0.22
0
1
2
0
0
0
0
None
7
2
-0.81411
0
0
0.580703
0
0.999998
0.960853
-0.78801
0
0
0.615661
0
0.999998
0.960853
3
-0.81411
0
0
0.580703
0
0.999998
0.960853
-0.81411
0
0
0.580703
0
0.999998
0.960853
-0.81411
0
0
0.580703
0
0.999998
0.960853
3
-0.81411
0
0
0.580703
0
0.999998
0.960853
-0.81411
0
0
0.580703
0
0.999998
0.960853
-0.81411
0
0
0.580703
0
0.999998
0.960853
3
0.309017
0
0
0.951056
0
0.999998
0.960853
0.095846
0
0
0.995396
0
0.999998
0.960853
-0.29237
0
0
0.956304
0
0.999998
0.960853
2
-0.49242
0
0
0.870355
0
0
0.999993
-0.49242
0
0
0.870355
0
0
0.999993
2
-0.81411
0
0
0.580703
0
0.999998
0.960853
-0.81411
0
0
0.580703
0
0.999998
0.960853
2
-0.81411
0
0
0.580703
0
0.999998
0.960853
-0.81411
0
0
0.580703
0
0.999998
0.960853
head
False
False
False
False
False
0.06314
0.06314
0.088731
0
0
0.04
1
2
3
4
0
0
0
0
None
7
2
0.130526
0
0
0.991444
0
-0.66235
1.000003
0.130526
0
0
0.991444
0
-0.66235
1.000003
3
0.130526
0
0
0.991444
0
-0.66235
1.000003
0.130526
0
0
0.991444
0
-0.66235
1.000003
0.130526
0
0
0.991444
0
-0.66235
1.000003
3
0.130526
0
0
0.991444
0
-0.66235
1.000003
0.130526
0
0
0.991444
0
-0.66235
1.000003
0.130526
0
0
0.991444
0
-0.66235
1.000003
3
0.843391
0
0
0.537299
0
-0.66235
1.000003
0.173648
0
0
0.984807
0
-0.66235
1.000003
-0.17364
0
0
0.984807
0
-0.66235
1.000003
2
0.173648
0
0
0.984807
0
-0.66235
1.000003
0.173648
0
0
0.984807
0
-0.66235
1.000003
2
-0.57357
0
0
0.819152
0
-0.66235
1.000003
-0.57357
0
0
0.819152
0
-0.66235
1.000003
2
0.130526
0
0
0.991444
0
-0.66235
1.000003
0.130526
0
0
0.991444
0
-0.66235
1.000003
snout
False
False
False
True
False
0.035345
0.054164
0.096526
0
0
0.06
2
1
11
0
-8
0
0
None
7
2
0.374546
-0.00242
0
0.927205
0.026195
-0.18006
1.000004
0.374546
-0.00242
0
0.927205
0.026195
-0.18006
1.000004
3
0.374546
-0.00242
0
0.927205
0.026195
-0.18006
1.000004
0.374546
-0.00242
0
0.927205
0.026195
-0.18006
1.000004
0.374546
-0.00242
0
0.927205
0.026195
-0.18006
1.000004
3
0.374546
-0.00242
0
0.927205
0.026195
-0.18006
1.000004
0.374546
-0.00242
0
0.927205
0.026195
-0.18006
1.000004
0.374546
-0.00242
0
0.927205
0.026195
-0.18006
1.000004
3
0.374546
-0.00242
0
0.927205
0.026195
-0.18006
1.000004
0.374546
-0.00242
0
0.927205
0.026195
-0.18006
1.000004
0.374546
-0.00242
0
0.927205
0.026195
-0.18006
1.000004
2
0.374546
-0.00242
0
0.927205
0.026195
-0.18006
1.000004
0.374546
-0.00242
0
0.927205
0.026195
-0.18006
1.000004
2
0.374546
-0.00242
0
0.927205
0.026195
-0.18006
1.000004
0.374546
-0.00242
0
0.927205
0.026195
-0.18006
1.000004
2
0.374546
-0.00242
0
0.927205
0.026195
-0.18006
1.000004
0.374546
-0.00242
0
0.927205
0.026195
-0.18006
1.000004
eyes
True
True
False
True
False
0.038975
0.038975
0.038975
0
0
0.01
2
0
0
0
0
0
RegularEye
7
2
0
-0.32556
0
0.945518
-0.99999
0.146844
0.918445
0
-0.24192
0
0.970295
-0.99999
0.146844
0.918445
3
0
-0.24192
0
0.970295
-0.99999
0.146844
0.918445
0
-0.24192
0
0.970295
-0.99999
0.146844
0.918445
0
-0.24192
0
0.970295
-0.99999
0.146844
0.918445
3
0
-0.24192
0
0.970295
-0.99999
0.146844
0.918445
0
-0.24192
0
0.970295
-0.99999
0.146844
0.918445
0
-0.24192
0
0.970295
-0.99999
0.146844
0.918445
3
0
-0.32556
0
0.945518
-0.99999
0.146844
0.918445
0
-0.32556
0
0.945518
-0.99999
0.146844
0.918445
0
-0.32556
0
0.945518
-0.99999
0.146844
0.918445
2
0
-0.32556
0
0.945518
-0.99999
0.146844
0.918445
0
-0.32556
0
0.945518
-0.99999
0.146844
0.918445
2
0
-0.32556
0
0.945518
-0.99999
0.146844
0.918445
0
-0.32556
0
0.945518
-0.99999
0.146844
0.918445
2
0
-0.24192
0
0.970295
-0.99999
0.146844
0.918445
0
-0.24192
0
0.970295
-0.99999
0.146844
0.918445
shoulder
False
True
False
False
False
0.024164
0.024165
0.133297
0
0
0
0
1
10
0
1
-3
0
None
7
2
-0.60181
0
0
0.798635
-1
0.007139
0.636001
-0.59952
0.052451
0.069605
0.795596
-1
0.007139
0.636001
3
-0.60181
0
0
0.798635
-1
0.007139
0.636001
-0.57226
0.445751
-0.26483
0.63536
-0.99999
0.202042
0.636009
-0.60181
0
0
0.798635
-1
0.007139
0.636001
3
-0.60181
0
0
0.798635
-1
0.007139
0.636001
-0.60479
0.284957
-0.21783
0.711035
-1
0.359649
0.636005
-0.60181
0
0
0.798635
-1
0.007139
0.636001
3
-0.60181
0
0
0.798635
-1
0.007139
0.636001
-0.52693
0.6745
-0.51628
0.029036
-1
0.848321
0.788416
-0.52693
0.6745
-0.51628
0.029036
-1
0.848321
0.788416
2
-0.96363
0
0
0.267238
-1
0.007139
0.636001
-0.96363
0
0
0.267238
-1
0.007139
0.636001
2
-0.98325
0
0
0.182236
-1
0.007139
0.636001
-0.98325
0
0
0.182236
-1
0.007139
0.636001
2
-0.55797
0.333027
0.26019
-0.71418
-0.86023
1.000002
0.547075
-0.12613
0.158315
0.391845
-0.89748
-0.58058
1.000005
0.325511
hip
False
True
True
False
False
0.019755
0.016526
0.148887
0
0
0
0
1
8
0
-8
0
0
None
7
2
-0.54463
0
0
0.83867
-0.30651
-0.99999
-0.02885
-0.54463
0
0
0.83867
-0.30651
-0.99999
-0.02885
3
-0.54463
0
0
0.83867
-0.30651
-0.99999
-0.02885
-0.54463
0
0
0.83867
-0.30651
-0.99999
-0.02885
-0.54463
0
0
0.83867
-0.30651
-0.99999
-0.02885
3
-0.54463
0
0
0.83867
-0.30651
-0.99999
-0.02885
-0.54463
0
0
0.83867
-0.30651
-0.99999
-0.02885
-0.54463
0
0
0.83867
-0.30651
-0.99999
-0.02885
3
-0.22473
-0.02625
0.034836
0.973442
-0.3354
-1
0.022744
-0.54463
0
0
0.83867
-0.40955
-1.00001
-0.37841
-0.54463
0
0
0.83867
-0.55304
-0.98109
-0.99999
2
-0.91309
0.065049
-0.161
0.368915
-0.30651
-0.99999
-0.02885
-0.91309
0.065049
-0.161
0.368915
-0.30651
-0.99999
-0.02885
2
-0.96814
0
0
0.25038
-0.30651
-0.99999
-0.02885
-0.96814
0
0
0.25038
-0.30651
-0.99999
-0.02885
2
-0.54463
0
0
0.83867
-0.30651
-0.99999
-0.02885
-0.54463
0
0
0.83867
-0.30651
-0.99999
-0.02885
tail
False
False
False
False
False
0.126526
0.118731
0.128731
0
-0.06
0.04
0
0
0
1
-5
0
None
7
2
-0.60876
0
0
-0.79335
0.035806
0.233667
-0.99999
-0.60876
0
0
-0.79335
0.035806
0.233667
-0.99999
3
-0.60876
0
0
-0.79335
0.035806
0.233667
-0.99999
-0.60876
0
0
-0.79335
0.035806
0.233667
-0.99999
-0.60876
0
0
-0.79335
0.035806
0.233667
-0.99999
3
-0.60876
0
0
-0.79335
0.035806
0.233667
-0.99999
-0.60876
0
0
-0.79335
0.035806
0.233667
-0.99999
-0.60876
0
0
-0.79335
0.035806
0.233667
-0.99999
3
-0.60876
0
0
-0.79335
0.035806
0.233667
-0.99999
-0.60876
0
0
-0.79335
0.035806
0.233667
-0.99999
-0.73727
0
0
-0.67559
0.035806
0.233667
-0.99999
2
-0.60876
0
0
-0.79335
0.035806
0.233667
-0.99999
-0.60876
0
0
-0.79335
0.035806
0.233667
-0.99999
2
0.087155
0
0
-0.99619
0.035806
0.233667
-0.99999
0.087155
0
0
-0.99619
0.035806
0.233667
-0.99999
2
-0.60876
0
0
-0.79335
0.035806
0.233667
-0.99999
-0.60876
0
0
-0.79335
0.035806
0.233667
-0.99999
leg
False
False
True
False
False
0.02196
0.019755
0.187863
0
0
-0.16
6
1
9
0
-8
0
0
None
7
2
-0.74314
0
0
0.66913
-0.13455
-0.12052
-0.99999
-0.74314
0
0
0.66913
-0.13455
-0.12052
-0.99999
3
-0.51472
0.029914
-0.01797
0.856645
-0.13455
-0.12052
-0.99999
-0.84804
0
0
0.529919
-0.13453
-0.4743
-1
-0.54463
0
0
0.83867
-0.13452
0.297115
-1
3
-0.72409
0.150521
-0.16717
0.65198
-0.13455
-0.12052
-0.99999
-0.55919
0
0
0.829037
-0.13455
-0.12052
-0.99999
-0.72107
-0.16187
0.179783
0.649254
-0.13455
-0.12052
-0.99999
3
-0.74314
0
0
0.66913
-0.13455
-0.12052
-0.99999
-0.50753
0
0
0.861629
-0.13455
-0.12052
-0.99999
-0.50753
0
0
0.861629
-0.13455
-0.12052
-0.99999
2
-0.99558
0.003041
-0.0871
0.034766
-0.13455
-0.12052
-0.99999
-0.99558
0.003041
-0.0871
0.034766
-0.13455
-0.12052
-0.99999
2
-0.99996
0
0
-0.00872
-0.13455
-0.12052
-0.99999
-0.99996
0
0
-0.00872
-0.13455
-0.12052
-0.99999
2
-0.74314
0
0
0.66913
-0.13455
-0.12052
-0.99999
-0.68199
0
0
0.731353
-0.13455
-0.12052
-0.99999
foot
False
False
True
False
False
0.059755
0.01196
0.07314
0
0
0
8
0
0
-8
0
0
None
7
2
0
-0.08715
0
0.996194
-0.07332
-0.80705
-1
0
-0.08715
0
0.996194
-0.07332
-0.80705
-1
3
0
-0.08715
0
0.996194
-0.07332
-0.80705
-1
0
-0.08715
0
0.996194
-0.07332
-0.80705
-1
0
-0.08715
0
0.996194
-0.07332
-0.80705
-1
3
0
-0.08715
0
0.996194
-0.07332
-0.80705
-1
0.224951
0
0
0.97437
-0.07332
-0.80705
-1
0.224951
0
0
0.97437
-0.07332
-0.80705
-1
3
0
-0.08715
0
0.996194
-0.07332
-0.80705
-1
0
-0.08715
0
0.996194
-0.07332
-0.80705
-1
0
-0.08715
0
0.996194
-0.07332
-0.80705
-1
2
-0.67301
-0.06425
-0.05888
0.734471
-0.07332
-0.80705
-1
-0.67301
-0.06425
-0.05888
0.734471
-0.07332
-0.80705
-1
2
-0.67301
-0.06425
0.058881
0.734471
-0.07332
-0.80705
-1
-0.67301
-0.06425
0.058881
0.734471
-0.07332
-0.80705
-1
2
0
-0.08715
0
0.996194
-0.07332
-0.80705
-1
0
-0.08715
0
0.996194
-0.07332
-0.80705
-1
wing
False
False
False
True
False
0.016369
0.117706
0.117706
0
0.099999
0
5
0
0
1
-3
0
None
7
2
0
0
0
1
-0.96473
1.000014
0.009127
0
0
0
1
-0.96473
1.000014
0.009127
3
0
0
0
1
-0.96473
1.000014
0.009127
0
0
0
1
-0.96473
1.000014
0.009127
0
0
0
1
-0.96473
1.000014
0.009127
3
0
0
0
1
-0.96473
1.000014
0.009127
0
0
0
1
-0.99998
0.92949
-0.07259
0
0
0
1
-0.96473
1.000014
0.009127
3
0
0
0
1
-0.96473
1.000014
0.009127
0
0
0
1
-0.96473
1.000014
0.009127
0
0
0
1
-0.96473
1.000014
0.009127
2
0
0
0
1
-0.96473
1.000014
0.009127
0
0
0
1
-0.96473
1.000014
0.009127
2
0
0
0
1
-0.96473
1.000014
0.009127
0
0
0
1
-0.96473
1.000014
0.009127
2
0
0
0
1
-0.96473
1.000014
0.009127
0
0
0
1
-0.96473
1.000014
0.009127
snouttip
False
False
False
True
False
0.031
0.081000
0.031
0
-0.04
0
3
0
0
0
-14
0
None
7
2
-0.08715
0
0
0.996194
0
0.348481
1.000017
-0.08715
0
0
0.996194
0
0.348481
1.000017
3
-0.08715
0
0
0.996194
0
0.348481
1.000017
-0.08715
0
0
0.996194
0
0.348481
1.000017
-0.08715
0
0
0.996194
0
0.348481
1.000017
3
-0.08715
0
0
0.996194
0
0.348481
1.000017
-0.08715
0
0
0.996194
0
0.348481
1.000017
-0.08715
0
0
0.996194
0
0.348481
1.000017
3
-0.08715
0
0
0.996194
0
0.348481
1.000017
-0.08715
0
0
0.996194
0
0.348481
1.000017
-0.08715
0
0
0.996194
0
0.348481
1.000017
2
-0.08715
0
0
0.996194
0
0.348481
1.000017
-0.08715
0
0
0.996194
0
0.348481
1.000017
2
-0.08715
0
0
0.996194
0
0.348481
1.000017
-0.08715
0
0
0.996194
0
0.348481
1.000017
2
-0.08715
0
0
0.996194
0
0.348481
1.000017
-0.08715
0
0
0.996194
0
0.348481
1.000017
