30
0.375707
0.121568
0.329411
0.090196
perk_weaken
false
0.417169
buzzing
beetle
mosca
zumbindo
besouro
комнатная муха
жужжание
жук
terbang
berdengung
kumbang
mosca
zumbador
escarabajo
หิ่งบ้าน
หึ่ง
ด้วง
zumbindo
жужжание
zumbadora
M
M
M
жужжание
false
Bug Meat
?
?
?
?
17
torso
False
False
False
False
False
0.141
0.121
0.151
0
0
0
-1
6
1
3
4
9
12
16
0
0
0
0
None
7
2
-0.01745
0
0
0.999847
0
0
0
-0.01745
0
0
0.999847
0
0.04
0
3
0.069756
0
0
0.997564
0
0.02
0
0.069756
0
0
0.997564
0
0.04
0
0.069756
0
0
0.997564
0
0.06
0
3
-0.0174
0.069745
-0.00121
0.997412
0
0
0
-0.08715
0
0
0.996194
0
0
0
-0.01735
-0.10451
0.001824
0.99437
0
0
0
3
0.241922
0
0
0.970295
0
-0.18
-0.32
0.199368
0
0
0.979924
0
0.12
0.32
0.026177
0
0
0.999657
0
0.12
0.44
2
-0.27563
0
0
0.961261
0
0.2
0.26
-0.3173
0
0
0.948323
0
0.2
0.26
2
-0.99965
0
0
0.026177
0
-0.24
-0.4
-0.99965
0
0
0.026177
0
-0.26
-0.4
2
-0.35836
0
0
0.93358
0
0
0
-0.43837
0
0
0.898794
0
0
0
neck
False
False
False
True
False
0.080999
0.051
0.031
0
0
0.02
0
1
2
0
0
0
0
None
7
2
0
0
0
1
0
0.019438
1.000004
0.139173
0
0
0.990268
0
0.019438
1.000004
3
0
0
0
1
0
-0.12659
1.000006
0
0
0
1
0
0.019438
1.000004
0
0
0
1
0
0.019438
1.000004
3
0
0
0
1
0
0.019438
1.000004
0
0
0
1
0
0.019438
1.000004
0
0
0
1
0
0.019438
1.000004
3
0
0
0
1
0
0.019438
1.000004
0
0
0
1
0
0.019438
1.000004
0
0
0
1
0
0.019438
1.000004
2
0
0
0
1
0
-0.63878
0.999989
0
0
0
1
0
-0.63878
0.999989
2
0
0
0
1
0
0.019438
1.000004
0
0
0
1
0
0.019438
1.000004
2
0
0
0
1
0
0.019438
1.000004
0.173648
0
0
0.984807
0
-0.39184
1.000003
head
False
False
False
False
False
0.090999
0.091000
0.051
0
0
0
1
2
14
15
-8
2
-4
0
None
7
2
-0.01745
0
0
0.999847
0.013187
0.005518
1.000024
0.047704
-0.07727
-0.2526
0.963297
0.013184
0.026815
1.000004
3
-0.01745
0
0
0.999847
0.013187
0.005518
1.000024
-0.01745
0
0
0.999847
0.013187
0.005518
1.000024
-0.01745
0
0
0.999847
0.013187
0.005518
1.000024
3
-0.01745
0
0
0.999847
0.013187
0.005518
1.000024
-0.01745
0
0
0.999847
0.013187
0.005518
1.000024
-0.01745
0
0
0.999847
0.013187
0.005518
1.000024
3
0.484809
0
0
0.874619
0.013187
0.005518
1.000024
0.484809
0
0
0.874619
0.013187
0.005518
1.000024
0.484809
0
0
0.874619
0.013187
0.005518
1.000024
2
-0.01745
0
0
0.999847
0.013187
0.005518
1.000024
-0.01745
0
0
0.999847
0.013187
0.005518
1.000024
2
-0.99984
0
0
-0.01745
0.013187
0.005518
1.000024
-0.99984
0
0
-0.01745
0.013187
0.005518
1.000024
2
-0.01745
0
0
0.999847
0.013187
0.005518
1.000024
-0.01745
0
0
0.999847
0.013187
0.005518
1.000024
shoulder
False
True
True
False
False
0.031000
0.031000
0.111
0
0
-0.06
0
1
5
0
2
-4
0
None
7
2
-0.45092
0.563704
-0.51856
0.458261
-0.97544
-0.99999
0.563971
-0.44026
0.644152
-0.46395
0.419504
-0.97544
-0.99999
0.563971
3
-0.29224
0.38168
-0.66406
0.572645
-0.97544
-0.99999
0.563971
-0.37764
0.652972
-0.56767
0.329778
-0.97544
-0.99999
0.563971
-0.68091
0.674606
-0.21718
0.184623
-0.97544
-0.99999
0.563971
3
-0.45092
0.563704
-0.51856
0.458261
-0.97544
-0.99999
0.563971
-0.45092
0.563704
-0.51856
0.458261
-0.97544
-0.99999
0.563971
-0.45092
0.563704
-0.51856
0.458261
-0.97544
-0.99999
0.563971
3
-0.45092
0.563704
-0.51856
0.458261
-1
-0.31894
0.346601
-0.61963
0.747462
-0.16723
0.171405
-0.89333
-0.60433
1.000003
-0.61963
0.747462
-0.16723
0.171405
-0.89333
-0.60433
1.000003
2
-0.35402
0.634716
-0.58898
0.353412
-0.97544
-0.99999
0.563971
-0.35402
0.634716
-0.58898
0.353412
-0.97544
-0.99999
0.563971
2
-0.45826
-0.51856
-0.5637
-0.45092
-0.97544
-0.99999
0.563971
-0.45826
-0.51856
-0.5637
-0.45092
-0.97544
-0.99999
0.563971
2
-0.45092
0.563704
-0.51856
0.458261
-0.97544
-0.99999
0.563971
-0.45092
0.563704
-0.51856
0.458261
-0.97544
-0.99999
0.563971
hip
False
True
True
False
False
0.021
0.031
0.111
0
0
-0.09999
0
1
7
0
2
-4
0
None
7
2
-0.44861
0.251553
-0.64181
0.568809
-1
-0.92798
-0.67784
-0.44861
0.251553
-0.64181
0.568809
-1
-0.92798
-0.67784
3
-0.44861
0.251553
-0.64181
0.568809
-1
-0.92798
-0.67784
-0.44861
0.251553
-0.64181
0.568809
-1
-0.92798
-0.67784
-0.44861
0.251553
-0.64181
0.568809
-1
-0.92798
-0.67784
3
-0.44861
0.251553
-0.64181
0.568809
-1
-0.92798
-0.67784
-0.44861
0.251553
-0.64181
0.568809
-1
-0.92798
-0.67784
-0.44861
0.251553
-0.64181
0.568809
-1
-0.92798
-0.67784
3
-0.28611
0.076868
-0.68504
0.665538
-1
-0.92798
-0.67784
-0.44861
0.251553
-0.64181
0.568809
-1
-0.92798
-0.67784
-0.54103
0.100168
-0.51961
0.65364
-0.94189
-0.99999
-0.87858
2
-0.16885
0.450079
-0.76463
0.429246
-1
-0.92798
-0.67784
-0.16885
0.450079
-0.76463
0.429246
-1
-0.92798
-0.67784
2
-0.56881
-0.64181
-0.25155
-0.44861
-1
-0.92798
-0.67784
-0.56881
-0.64181
-0.25155
-0.44861
-1
-0.92798
-0.67784
2
-0.44861
0.251553
-0.64181
0.568809
-1
-0.92798
-0.67784
-0.44861
0.251553
-0.64181
0.568809
-1
-0.92798
-0.67784
arm
False
False
True
False
False
0.021
0.031
0.151
0
0
-0.1
3
1
6
0
2
-8
0
None
7
2
-0.75925
-0.12892
-0.14454
0.621298
0.189457
-0.09502
-0.99999
-0.75925
-0.12892
-0.14454
0.621298
0.189467
-0.14516
-1
3
-0.75925
-0.12892
-0.14454
0.621298
0.189457
-0.09502
-0.99999
-0.89758
-0.03867
-0.10223
0.427072
0.189457
-0.09502
-0.99999
-0.76545
0.127489
0.036561
0.629674
0.189457
-0.09502
-0.99999
3
-0.71261
0.003069
-0.29924
0.634526
0.189457
-0.09502
-0.99999
-0.75925
-0.12892
-0.14454
0.621298
0.189457
-0.09502
-0.99999
-0.77079
-0.28533
0.056893
0.56676
0.189457
-0.09502
-0.99999
3
-0.75925
-0.12892
-0.14454
0.621298
0.189457
-0.09502
-0.99999
-0.7988
-0.17267
0.20956
0.536828
0.189457
-0.09502
-0.99999
-0.96214
-0.25822
0.083964
0.023561
0.189457
-0.09502
-0.99999
2
-0.75925
-0.12892
-0.14454
0.621298
1.000001
0.336881
-0.63807
-0.75925
-0.12892
-0.14454
0.621298
1.000001
0.336881
-0.63807
2
-0.62129
-0.14454
0.128922
-0.75925
0.189457
-0.09502
-0.99999
-0.62129
-0.14454
0.128922
-0.75925
0.189457
-0.09502
-0.99999
2
0.395507
0.627923
-0.66403
-0.09134
0.189457
-0.09502
-0.99999
0.330443
0.326011
-0.85378
-0.23574
0.189457
-0.09502
-0.99999
hand
False
False
True
False
False
0.011
0.021
0.080999
0
-0.02
0.04
5
0
0
2
-8
0
None
7
2
0
-0.13917
0
0.990268
0.147063
-0.57498
-0.99999
0
-0.13917
0
0.990268
0.147063
-0.57498
-0.99999
3
0
-0.68199
0
0.731353
0.147063
-0.57498
-0.99999
-0.14147
-0.43575
-0.16584
0.87327
0.147063
-0.57498
-0.99999
0
-0.13917
0
0.990268
0.147063
-0.57498
-0.99999
3
0
-0.13917
0
0.990268
0.147063
-0.57498
-0.99999
0
-0.13917
0
0.990268
0.147063
-0.57498
-0.99999
0
-0.13917
0
0.990268
0.147063
-0.57498
-0.99999
3
0
-0.13917
0
0.990268
0.147063
-0.57498
-0.99999
0
-0.13917
0
0.990268
0.147063
-0.57498
-0.99999
-0.2563
-0.13443
-0.03602
0.956525
0.147063
-0.57498
-0.99999
2
0
-0.13917
0
0.990268
0.147063
-0.57498
-0.99999
0
-0.13917
0
0.990268
0.147063
-0.57498
-0.99999
2
-0.99026
0
0.139173
0
0.147063
-0.57498
-0.99999
-0.99026
0
0.139173
0
0.147063
-0.57498
-0.99999
2
0
-0.13917
0
0.990268
0.147063
-0.57498
-0.99999
0
-0.13917
0
0.990268
0.147063
-0.57498
-0.99999
leg
False
False
True
False
False
0.021
0.021
0.141
0
0
-0.14
4
1
8
0
2
-8
0
None
7
2
-0.45743
0.144595
-0.17232
0.860317
-0.99999
-0.92911
-0.9874
-0.45743
0.144595
-0.17232
0.860317
-0.99999
-0.92911
-0.9874
3
-0.42892
0.034573
-0.15678
0.888956
-0.99999
-0.92911
-0.9874
-0.80039
0.238804
-0.19034
0.515856
-0.99999
-0.92911
-0.9874
-0.45743
0.144595
-0.17232
0.860317
-0.99999
-0.92911
-0.9874
3
-0.51114
0.243611
-0.21366
0.796072
-0.99999
-0.92911
-0.9874
-0.55229
0.119318
-0.12753
0.815151
-0.99999
-0.92911
-0.9874
-0.59603
-0.07302
0.053149
0.797861
-0.99999
-0.92911
-0.9874
3
-0.45743
0.144595
-0.17232
0.860317
-0.99999
-0.92911
-0.9874
-0.45743
0.144595
-0.17232
0.860317
-0.99999
-0.92911
-0.9874
-0.45743
0.144595
-0.17232
0.860317
-0.99999
-0.92911
-0.9874
2
-0.67527
-0.00644
0.04736
0.736019
-0.99999
-0.92911
-0.9874
-0.67527
-0.00644
0.04736
0.736019
-0.99999
-0.92911
-0.9874
2
-0.86031
-0.17232
-0.14459
-0.45743
-0.99999
-0.92911
-0.9874
-0.86031
-0.17232
-0.14459
-0.45743
-0.99999
-0.92911
-0.9874
2
-0.45743
0.144595
-0.17232
0.860317
-0.99999
-0.92911
-0.9874
-0.45743
0.144595
-0.17232
0.860317
-0.99999
-0.92911
-0.9874
foot
False
False
True
False
False
0.011
0.021
0.081000
0
0
0.06
7
0
0
2
-8
0
None
7
2
0
-0.76604
0
0.642787
0.13029
-0.13534
-1
0
-0.76604
0
0.642787
0.13029
-0.13534
-1
3
0
-0.9063
0
0.422618
0.13029
-0.13534
-1
0
-0.46174
0
0.88701
0.13029
-0.13534
-1
0
-0.76604
0
0.642787
0.13029
-0.13534
-1
3
0
-0.76604
0
0.642787
0.13029
-0.13534
-1
0
-0.76604
0
0.642787
0.13029
-0.13534
-1
0
-0.76604
0
0.642787
0.13029
-0.13534
-1
3
0
-0.76604
0
0.642787
0.13029
-0.13534
-1
0
-0.76604
0
0.642787
0.13029
-0.13534
-1
0
-0.76604
0
0.642787
0.13029
-0.13534
-1
2
0
-0.76604
0
0.642787
0.13029
-0.13534
-1
0
-0.76604
0
0.642787
0.13029
-0.13534
-1
2
-0.64278
0
0.766044
0
0.13029
-0.13534
-1
-0.64278
0
0.766044
0
0.13029
-0.13534
-1
2
0
-0.76604
0
0.642787
0.13029
-0.13534
-1
0
-0.76604
0
0.642787
0.13029
-0.13534
-1
extrahip
False
True
True
False
False
0.031
0.041
0.101
0
0
-0.09999
0
1
10
0
2
-4
0
None
7
2
0.118062
0.647982
-0.10263
0.745417
-0.99002
-1
-0.45985
0.18258
0.636571
-0.15871
0.732291
-0.99002
-1
-0.45985
3
0.098447
0.508697
-0.12157
0.846613
-0.99002
-1
-0.45985
0.118062
0.647982
-0.10263
0.745417
-0.99002
-1
-0.45985
0.150374
0.902298
-0.04311
0.401728
-0.99002
-1
-0.45985
3
0.118062
0.647982
-0.10263
0.745417
-0.99002
-1
-0.45985
0.118062
0.647982
-0.10263
0.745417
-0.99002
-1
-0.45985
0.118062
0.647982
-0.10263
0.745417
-0.99002
-1
-0.45985
3
0.003672
0.518237
-0.14213
0.843334
-0.99002
-1
-0.45985
0.118062
0.647982
-0.10263
0.745417
-0.99002
-1
-0.45985
0.118062
0.647982
-0.10263
0.745417
-0.98977
-0.99999
0.310212
2
0.276601
0.610409
-0.24044
0.702194
-0.99002
-1
-0.45985
0.276601
0.610409
-0.24044
0.702194
-0.99002
-1
-0.45985
2
-0.74541
-0.10263
-0.64798
0.118062
-0.99002
-1
-0.45985
-0.74541
-0.10263
-0.64798
0.118062
-0.99002
-1
-0.45985
2
0.118062
0.647982
-0.10263
0.745417
-0.99002
-1
-0.45985
0.118062
0.647982
-0.10263
0.745417
-0.99002
-1
-0.45985
extraleg
False
False
True
False
False
0.021
0.021
0.151
0
0.02
-0.16
9
1
11
0
2
-8
0
None
7
2
-0.43968
0.528628
0.412948
0.597244
-0.16136
1.000006
-0.92774
-0.43968
0.528628
0.412948
0.597244
-0.16136
1.000006
-0.92774
3
-0.43968
0.528628
0.412948
0.597244
-0.16136
1.000006
-0.92774
-0.56669
0.584483
0.400301
0.420701
-0.1739
0.898366
-1
-0.51424
0.525465
0.466927
0.491339
-0.22461
1.000036
-0.9265
3
-0.33794
0.601147
0.305465
0.656586
-0.16136
1.000006
-0.92774
-0.43968
0.528628
0.412948
0.597244
-0.16136
1.000006
-0.92774
-0.57815
0.36982
0.551336
0.474345
-0.16136
1.000006
-0.92774
3
-0.43968
0.528628
0.412948
0.597244
-0.16136
1.000006
-0.92774
-0.43968
0.528628
0.412948
0.597244
-0.16136
1.000006
-0.92774
-0.43968
0.528628
0.412948
0.597244
-0.16136
1.000006
-0.92774
2
-0.57928
0.403736
0.535696
0.463095
-0.16136
1.000006
-0.92774
-0.57928
0.403736
0.535696
0.463095
-0.16136
1.000006
-0.92774
2
-0.59724
0.412949
-0.52862
-0.43968
-0.16136
1.000006
-0.92774
-0.59724
0.412949
-0.52862
-0.43968
-0.16136
1.000006
-0.92774
2
-0.43968
0.528628
0.412948
0.597244
-0.16136
1.000006
-0.92774
-0.43968
0.528628
0.412948
0.597244
-0.16136
1.000006
-0.92774
extrafoot
False
False
True
False
False
0.011
0.021
0.081
0
-0.02
0.06
10
0
0
2
-8
0
None
7
2
0
-0.46174
0
0.88701
-0.01455
-0.31203
-1
0
-0.46174
0
0.88701
-0.01457
-0.31209
-1
3
0.001902
-0.84258
0.043577
0.536788
-0.01457
-0.31209
-1
-0.11303
-0.49572
-0.06526
0.858616
-0.01457
-0.31209
-1
0
-0.46174
0
0.88701
-0.01457
-0.31209
-1
3
0
-0.46174
0
0.88701
-0.01457
-0.31209
-1
0
-0.46174
0
0.88701
-0.01457
-0.31209
-1
0
-0.46174
0
0.88701
-0.01457
-0.31209
-1
3
0
-0.46174
0
0.88701
-0.01455
-0.31203
-1
0
-0.46174
0
0.88701
-0.01455
-0.31203
-1
0
-0.46174
0
0.88701
-0.01455
-0.31203
-1
2
0
-0.46174
0
0.88701
-0.01455
-0.31203
-1
0
-0.46174
0
0.88701
-0.01455
-0.31203
-1
2
-0.88701
0
0.461748
0
-0.01455
-0.31203
-1
-0.88701
0
0.461748
0
-0.01455
-0.31203
-1
2
0
-0.46174
0
0.88701
-0.01457
-0.31209
-1
0
-0.46174
0
0.88701
-0.01457
-0.31209
-1
assextender
False
False
False
True
False
0.081
0.071
0.061
0
0
-0.04
0
1
13
0
0
0
0
None
7
2
0
0
0
1
-0.12002
-0.03307
-1
0
0
0
1
-0.12002
-0.03307
-1
3
0
0
0
1
-0.12002
-0.03307
-1
0
0
0
1
-0.12002
-0.03307
-1
0
0
0
1
-0.12002
-0.03307
-1
3
0
0
0
1
-0.12002
-0.03307
-1
0
0
0
1
-0.12002
-0.03307
-1
0
0
0
1
-0.12002
-0.03307
-1
3
0
0
0
1
-0.12002
-0.03307
-1
0
0
0
1
-0.12002
-0.03307
-1
0
0
0
1
-0.12002
-0.03307
-1
2
-0.67559
0
0
0.737277
-0.12002
-0.03307
-1
-0.67559
0
0
0.737277
-0.12002
-0.03307
-1
2
0
0
0
1
-0.12002
-0.03307
-1
0
0
0
1
-0.12002
-0.03307
-1
2
0
0
0
1
-0.12002
-0.03307
-1
0
0
0
1
-0.12002
-0.03307
-1
bigass
False
False
False
False
False
0.141
0.131
0.161
0
0
-0.08
12
0
0
0
0
0
None
7
2
-0.06975
0
0
0.997564
0.121418
-0.27185
-1
-0.06975
0
0
0.997564
0.121418
-0.27185
-1
3
-0.06975
0
0
0.997564
0.121418
-0.27185
-1
-0.06975
0
0
0.997564
0.121418
-0.27185
-1
-0.06975
0
0
0.997564
0.121418
-0.27185
-1
3
-0.06975
0
0
0.997564
0.121418
-0.27185
-1
-0.06975
0
0
0.997564
0.121418
-0.27185
-1
-0.06975
0
0
0.997564
0.121418
-0.27185
-1
3
-0.06975
0
0
0.997564
0.121418
-0.27185
-1
0.398749
0
0
0.91706
0.121418
-0.27185
-1
0.398749
0
0
0.91706
0.121418
-0.27185
-1
2
-0.99452
0
0
0.104528
0.121418
-0.27185
-1
-0.99452
0
0
0.104528
0.121418
-0.27185
-1
2
-0.99756
0
0
-0.06975
0.121418
-0.27185
-1
-0.99756
0
0
-0.06975
0.121418
-0.27185
-1
2
-0.06975
0
0
0.997564
0.121418
-0.27185
-1
-0.06975
0
0
0.997564
0.121418
-0.27185
-1
snout
False
False
False
True
False
0.021
0.061
0.041
0
0
0
2
0
0
-20
6
0
None
7
2
0.130526
0
0
0.991444
0
-0.99999
0.94481
0.130526
0
0
0.991444
0
-0.99999
0.94481
3
0.130526
0
0
0.991444
0
-0.99999
0.94481
0.130526
0
0
0.991444
0
-0.99999
0.94481
0.130526
0
0
0.991444
0
-0.99999
0.94481
3
0.130526
0
0
0.991444
0
-0.99999
0.94481
0.130526
0
0
0.991444
0
-0.99999
0.94481
0.130526
0
0
0.991444
0
-0.99999
0.94481
3
0.130526
0
0
0.991444
0
-0.99999
0.94481
0.130526
0
0
0.991444
0
-0.99999
0.94481
0.130526
0
0
0.991444
0
-0.99999
0.94481
2
0.130526
0
0
0.991444
0
-0.99999
0.94481
0.130526
0
0
0.991444
0
-0.99999
0.94481
2
0.130526
0
0
0.991444
0
-0.99999
0.94481
0.130526
0
0
0.991444
0
-0.99999
0.94481
2
0.130526
0
0
0.991444
0
-0.99999
0.94481
0.130526
0
0
0.991444
0
-0.99999
0.94481
eye
False
True
False
True
False
0.061
0.061
0.051
0
0
0
2
0
-32
3
2
0
None
7
2
-0.08583
-0.17298
-0.01513
0.98106
-0.62903
0.398262
1.000001
-0.08583
-0.17298
-0.01513
0.98106
-0.62903
0.398262
1.000001
3
-0.08583
-0.17298
-0.01513
0.98106
-0.62903
0.398262
1.000001
-0.08583
-0.17298
-0.01513
0.98106
-0.62903
0.398262
1.000001
-0.08583
-0.17298
-0.01513
0.98106
-0.62903
0.398262
1.000001
3
-0.08583
-0.17298
-0.01513
0.98106
-0.62903
0.398262
1.000001
-0.08583
-0.17298
-0.01513
0.98106
-0.62903
0.398262
1.000001
-0.08583
-0.17298
-0.01513
0.98106
-0.62903
0.398262
1.000001
3
-0.08583
-0.17298
-0.01513
0.98106
-0.62903
0.398262
1.000001
-0.08583
-0.17298
-0.01513
0.98106
-0.62903
0.398262
1.000001
-0.08583
-0.17298
-0.01513
0.98106
-0.62903
0.398262
1.000001
2
-0.08583
-0.17298
-0.01513
0.98106
-0.62903
0.398262
1.000001
-0.08583
-0.17298
-0.01513
0.98106
-0.62903
0.398262
1.000001
2
-0.08583
-0.17298
-0.01513
0.98106
-0.62903
0.398262
1.000001
-0.08583
-0.17298
-0.01513
0.98106
-0.62903
0.398262
1.000001
2
-0.08583
-0.17298
-0.01513
0.98106
-0.62903
0.398262
1.000001
-0.08583
-0.17298
-0.01513
0.98106
-0.62903
0.398262
1.000001
insectwing
False
True
False
True
False
0.121
0.031
0.211
0
0.04
-0.12
0
0
0
-22
8
0
None
7
2
0.081899
0.029809
0.340718
0.936116
-0.96425
0.877921
-1
0.282571
0.102847
0.32619
0.8962
-1
0.782311
-0.58803
3
0.081899
0.029809
0.340718
0.936116
-0.96425
0.877921
-1
0.24321
0.088521
0.330366
0.907673
-0.96425
0.877921
-1
0.081899
0.029809
0.340718
0.936116
-0.96425
0.877921
-1
3
0.081899
0.029809
0.340718
0.936116
-0.96425
0.877921
-1
0.081899
0.029809
0.340718
0.936116
-0.96425
0.877921
-1
0.081899
0.029809
0.340718
0.936116
-0.96425
0.877921
-1
3
0.081899
0.029809
0.340718
0.936116
-0.96425
0.877921
-1
0.469717
0.158857
0.171476
0.851308
-0.84728
1.000004
-0.33575
-0.07099
0.021489
-0.07246
0.994608
-0.84728
1.000004
-0.33575
2
0.321393
0.116977
0.321393
0.883022
-0.99999
0.954256
-0.45138
0.321393
0.116977
0.321393
0.883022
-0.99999
0.954256
-0.45138
2
0.081899
0.029809
0.340718
0.936116
-0.96425
0.877921
-1
0.081899
0.029809
0.340718
0.936116
-0.96425
0.877921
-1
2
0.081899
0.029809
0.340718
0.936116
-0.96425
0.877921
-1
0.081899
0.029809
0.340718
0.936116
-0.96425
0.877921
-1
