30
0.260834
0.682353
0.717647
0.717647
perk_ram
false
0.793140
stabby
stabber
forquilha
esfaqueamento
esfaqueador
вилка
который колет
ножом
garpu
menusuk
garpu-rumput
tenedor
de puñalada
apuñalador
ส้อม
แทง
แทง
esfaqueamenta
которая колет
de puñalada
M
M
M
которое колет
false
Metal Bar
?
?
?
?
5
torso
False
False
False
False
False
0.038038
0.045497
0.261796
0
0
0
-1
1
1
0
0
0
0
None
7
2
-0.69465
0
0
0.719339
0
0
0
-0.69465
0
0
0.719339
0
0
0
3
-0.69465
0
0
0.719339
0
0
0
-0.69465
0
0
0.719339
0
0
0
-0.69465
0
0
0.719339
0
0
0
3
-0.69465
0
0
0.719339
0
0
0
-0.69465
0
0
0.719339
0
0
0
-0.69465
0
0
0.719339
0
0
0
3
-0.62932
0
0
0.777146
0
0.22
-0.12
-0.06975
0
0
0.997564
0
0.04
0.26
-0.19936
0
0
0.979924
0
0.04
0.26
2
-0.69465
0
0
0.719339
0
0
0.38
-0.69465
0
0
0.719339
0
0
0.38
2
-0.99813
0
0
0.061048
0
-0.36
-0.71999
-0.99813
0
0
0.061048
0
-0.38
-0.71999
2
-0.80901
0
0
0.587785
0
0
0
-0.80901
0
0
0.587785
0
0
0
neck
False
False
False
True
False
0.045497
0.045497
0.209586
0
0
0.18
0
1
2
0
0
-1
0
None
7
2
0
0
0
1
0.071325
-0.00743
1
0
0
0
1
0.071325
-0.00743
1
3
0
0
0
1
0.071325
-0.00743
1
0
0
0
1
0.071325
-0.00743
1
0
0
0
1
0.071325
-0.00743
1
3
0
0
0
1
0.071325
-0.00743
1
0
0
0
1
0.071325
-0.00743
1
0
0
0
1
0.071325
-0.00743
1
3
0.043619
0
0
0.999048
0.071325
-0.00743
1
-0.08715
0
0
0.996194
0.071325
-0.00743
1
-0.08715
0
0
0.996194
0.071325
-0.00743
1
2
0.043619
0
0
0.999048
0.071325
-0.00743
1
0.043619
0
0
0.999048
0.071325
-0.00743
1
2
0
0
0
1
0.071325
-0.00743
1
0
0
0
1
0.071325
-0.00743
1
2
0
0
0
1
0.071325
-0.00743
1
0
0
0
1
0.071325
-0.00743
1
head
False
False
False
False
False
0.194668
0.045497
0.038038
0
0
0
1
2
3
4
0
0
0
0
None
7
2
0
0
0
1
0
0.063196
1.000004
0
0
0
1
0
0.063196
1.000004
3
0
0
0
1
0
0.063196
1.000004
0
0
0
1
0
0.063196
1.000004
0
0
0
1
0
0.063196
1.000004
3
0
0
0
1
0
0.063196
1.000004
0
0
0
1
0
0.063196
1.000004
0
0
0
1
0
0.063196
1.000004
3
0
0
0
1
0
0.063196
1.000004
0.707106
0
0
0.707106
0
0.063196
1.000004
0.422618
0
0
0.906307
0
0.063196
1.000004
2
0
0
0
1
0
0.063196
1.000004
0
0
0
1
0
0.063196
1.000004
2
-0.64278
0
0
0.766044
0
0.063196
1.000004
-0.64278
0
0
0.766044
0
0.063196
1.000004
2
0
0
0
1
0
0.063196
1.000004
0
0
0
1
0
0.063196
1.000004
forkhair
False
True
False
False
True
0.023121
0.157376
0.023121
0
0.14
0
2
0
0
0
-2
0
None
7
2
0
0
0
1
-0.78362
1.000006
-0.12022
0
0
0
1
-0.78362
1.000006
-0.12022
3
0
0
0
1
-0.78362
1.000006
-0.12022
0
0
0
1
-0.78362
1.000006
-0.12022
0
0
0
1
-0.78362
1.000006
-0.12022
3
0
0
0
1
-0.78362
1.000006
-0.12022
0
0
0
1
-0.78362
1.000006
-0.12022
0
0
0
1
-0.78362
1.000006
-0.12022
3
0
0
0
1
-0.78362
1.000006
-0.12022
0.573576
0
0
0.819152
-0.78362
1.000006
-0.12022
0.382683
0
0
0.923879
-0.78362
1.000006
-0.12022
2
0
0
0
1
-0.78362
1.000006
-0.12022
0
0
0
1
-0.78362
1.000006
-0.12022
2
-0.64278
0
0
0.766044
-0.78362
1.000006
-0.12022
-0.64278
0
0
0.766044
-0.78362
1.000006
-0.12022
2
0
0
0
1
-0.78362
1.000006
-0.12022
0
0
0
1
-0.78362
1.000006
-0.12022
forhair2
False
True
False
False
True
0.023121
0.149917
0.015663
0
0.14
0
2
0
0
0
-2
0
None
7
2
0
0
0
1
-0.27029
1.000006
-0.01363
0
0
0
1
-0.27029
1.000006
-0.01363
3
0
0
0
1
-0.27029
1.000006
-0.01363
0
0
0
1
-0.27029
1.000006
-0.01363
0
0
0
1
-0.27029
1.000006
-0.01363
3
0
0
0
1
-0.27029
1.000006
-0.01363
0
0
0
1
-0.27029
1.000006
-0.01363
0
0
0
1
-0.27029
1.000006
-0.01363
3
0
0
0
1
-0.27029
1.000006
-0.01363
0.573576
0
0
0.819152
-0.27029
1.000006
-0.01363
0.34202
0
0
0.939692
-0.27029
1.000006
-0.01363
2
0
0
0
1
-0.27029
1.000006
-0.01363
0
0
0
1
-0.27029
1.000006
-0.01363
2
-0.64278
0
0
0.766044
-0.27029
1.000006
-0.01363
-0.64278
0
0
0.766044
-0.27029
1.000006
-0.01363
2
0
0
0
1
-0.27029
1.000006
-0.01363
0
0
0
1
-0.27029
1.000006
-0.01363
