30
0.517542
0.949019
0.498039
0.011764
perk_dash
false
0.344391
curious
trickster
raposa
curioso
malandro
лиса
любопытный
обманщик
rubah
penasaran
penipu
zorro
curioso
embaucador
ฟ็อกซ์
อยากรู้อยากเห็น
นักเล่นกล
curiosa
любопытная
curiosa
M
M
M
любопытное
false
Sharp Tooth
Fur
Uncooked Meat
Bones
?
17
torso
False
False
False
False
False
0.131
0.141
0.341
0
0
0
-1
5
1
5
6
7
16
0
0
0
0
None
7
2
0.017452
0
0
0.999847
0
0
0
0.061048
0
0
0.998134
0
0
0
3
0.104528
0
0
0.994521
0
0
0
-0.06975
0
0
0.997564
0
0
0
-0.06975
0
0
0.997564
0
0
0
3
0.017386
0.087142
0.001521
0.996043
0
0
0
-0.12186
0
0
0.992546
0
0
0
0.017322
-0.12185
-0.00212
0.992395
0
0
0
3
0.147809
0
0
0.989015
0
-0.09999
-0.14
0.147809
0
0
0.989015
0
0
0.3
-0.24192
0
0
0.970295
0
0
0.3
2
-0.3665
0
0
0.930417
0
0
0.16
-0.40673
0
0
0.913545
0
0
0.16
2
-0.99984
0
0
0.017452
0
-0.16
-0.55999
-0.99984
0
0
0.017452
0
-0.18
-0.55999
2
-0.24192
0
0
0.970295
0
0
0
-0.40673
0
0
0.913545
0
0
0
neck
False
False
False
True
False
0.091
0.081
0.141
0
0
0.04
0
1
2
0
0
0
0
None
7
2
-0.3338
0
0
0.942641
-0.02271
0.371806
0.999997
-0.3746
0
0
0.927183
-0.02271
0.371806
0.999997
3
-0.3338
0
0
0.942641
-0.02271
0.371806
0.999997
-0.3338
0
0
0.942641
-0.02271
0.371806
0.999997
-0.3338
0
0
0.942641
-0.02271
0.371806
0.999997
3
-0.52991
0
0
0.848048
-0.02029
0.999999
0.893208
-0.52991
0
0
0.848048
-0.02029
0.999999
0.893208
-0.52991
0
0
0.848048
-0.02029
0.999999
0.893208
3
0.052336
0
0
0.998629
-0.02271
0.371806
0.999997
-0.03489
0
0
0.99939
-0.02271
0.371806
0.999997
-0.41469
0
0
0.909961
-0.02271
0.371806
0.999997
2
-0.12186
0
0
0.992546
-0.02271
-0.06149
0.999998
-0.12186
0
0
0.992546
-0.02271
-0.06149
0.999998
2
-0.3338
0
0
0.942641
-0.02271
-0.04503
1.000002
-0.3338
0
0
0.942641
-0.02271
-0.04503
1.000002
2
-0.03489
0
0
0.99939
-0.02271
0.230347
0.999997
-0.03489
0
0
0.99939
-0.02271
0.230347
0.999997
head
False
False
False
False
False
0.121
0.101
0.091
0
0
0
1
4
3
4
12
13
0
0
0
0
None
7
2
0.095845
0
0
0.995396
0
-0.24951
1.000003
0.095845
0
0
0.995396
0
-0.24951
1.000003
3
0.095845
0
0
0.995396
0
-0.24951
1.000003
0.182235
0
0
0.983255
0
-0.24951
1.000003
0.095845
0
0
0.995396
0
-0.24951
1.000003
3
-0.12186
0
0
0.992546
0
-0.05643
0.999997
-0.12186
0
0
0.992546
0
-0.05643
0.999997
-0.12186
0
0
0.992546
0
-0.05643
0.999997
3
0.615661
0
0
0.78801
0
-0.24951
1.000003
0.507538
0
0
0.861629
0
-0.24951
1.000003
-0.45399
0
0
0.891006
0
-0.24951
1.000003
2
0.095845
0
0
0.995396
0
-0.24951
1.000003
0.095845
0
0
0.995396
0
-0.24951
1.000003
2
-0.99539
0
0
0.095846
0
-0.24951
1.000003
-0.99539
0
0
0.095846
0
-0.24951
1.000003
2
-0.12186
0
0
0.992546
0
-0.05643
0.999997
-0.12186
0
0
0.992546
0
-0.05643
0.999997
snout
False
False
False
True
False
0.051000
0.041
0.070999
0
0
0.02
2
2
14
15
0
-7
6
0
None
7
2
0.078395
-0.00237
0
0.996919
0.026195
-0.49039
0.999997
0.078395
-0.00237
0
0.996919
0.026195
-0.49039
0.999997
3
0.078395
-0.00237
0
0.996919
0.026195
-0.49039
0.999997
0.078395
-0.00237
0
0.996919
0.026195
-0.49039
0.999997
0.078395
-0.00237
0
0.996919
0.026195
-0.49039
0.999997
3
0.034835
-0.00234
0
0.99939
0.026194
-0.59795
1.000007
0.034835
-0.00234
0
0.99939
0.026194
-0.59795
1.000007
0.034835
-0.00234
0
0.99939
0.026194
-0.59795
1.000007
3
0.078395
-0.00237
0
0.996919
0.026195
-0.49039
0.999997
0.078395
-0.00237
0
0.996919
0.026195
-0.49039
0.999997
0.078395
-0.00237
0
0.996919
0.026195
-0.49039
0.999997
2
0.078395
-0.00237
0
0.996919
0.026195
-0.49039
0.999997
0.078395
-0.00237
0
0.996919
0.026195
-0.49039
0.999997
2
0.078395
-0.00237
0
0.996919
0.026195
-0.49039
0.999997
0.078395
-0.00237
0
0.996919
0.026195
-0.49039
0.999997
2
0.034835
-0.00234
0
0.99939
0.026194
-0.59795
1.000007
0.034835
-0.00234
0
0.99939
0.026194
-0.59795
1.000007
eyes
True
True
False
True
False
0.05
0.04
0.05
0
0
0.01
2
0
0
0
0
0
BlackEye
7
2
0
-0.04361
0
0.999048
-0.6869
0.122608
1.000012
0
-0.04361
0
0.999048
-0.6869
0.122608
1.000012
3
0
-0.04361
0
0.999048
-0.6869
0.122608
1.000012
0
-0.04361
0
0.999048
-0.6869
0.122608
1.000012
0
-0.04361
0
0.999048
-0.6869
0.122608
1.000012
3
0
-0.04361
0
0.999048
-0.52637
0.117918
1.000007
0
-0.04361
0
0.999048
-0.52637
0.117918
1.000007
0
-0.04361
0
0.999048
-0.52637
0.117918
1.000007
3
0
-0.04361
0
0.999048
-0.6869
0.122608
1.000012
0
-0.04361
0
0.999048
-0.6869
0.122608
1.000012
0
-0.04361
0
0.999048
-0.6869
0.122608
1.000012
2
0
-0.04361
0
0.999048
-0.6869
0.122608
1.000012
0
-0.04361
0
0.999048
-0.6869
0.122608
1.000012
2
0
-0.04361
0
0.999048
-0.6869
0.122608
1.000012
0
-0.04361
0
0.999048
-0.6869
0.122608
1.000012
2
0
-0.04361
0
0.999048
-0.52637
0.117918
1.000007
0
-0.04361
0
0.999048
-0.52637
0.117918
1.000007
shoulder
False
True
True
False
False
0.051
0.071
0.141
0
0
0
0
1
8
0
0
0
0
None
7
2
-0.60181
0
0
0.798635
-0.99999
-0.69594
0.545937
-0.60181
0
0
0.798635
-0.99999
-0.69594
0.545937
3
-0.45399
0
0
0.891006
-0.99999
-0.69594
0.545937
-0.49242
0
0
0.870355
-0.99999
-0.69594
0.545937
-0.78801
0
0
0.615661
-1
-0.79529
0.730718
3
-0.73821
0.136402
-0.15691
0.641722
-1
-0.8175
0.683639
-0.66913
0
0
0.743144
-1
-0.43013
0.545969
-0.5944
-0.12493
0.094144
0.788803
-0.99273
-0.99999
0.325328
3
-0.20791
0
0
0.978147
-0.99999
-0.69594
0.545937
-0.49242
0
0
0.870355
-0.99999
-0.69594
0.545937
-0.60181
0
0
0.798635
-0.99999
-0.69594
0.545937
2
-0.48821
-0.1136
0.064274
0.862909
-1
-0.48268
0.631001
-0.48821
-0.1136
0.064274
0.862909
-1
-0.48268
0.631001
2
-0.79863
0
0
-0.60181
-0.99999
-0.69594
0.545937
-0.79863
0
0
-0.60181
-0.99999
-0.69594
0.545937
2
-0.54256
0.073094
0.047468
-0.83547
-1
0.381152
0.545962
-0.26622
0.055437
0.067251
-0.95996
-1
0.947803
0.427673
hip
False
True
True
False
False
0.051
0.081000
0.151
0
0
0
0
1
10
0
0
0
0
None
7
2
-0.51558
0.011644
-0.06176
0.85453
-1
-0.73568
-0.71863
-0.51558
0.011644
-0.06176
0.85453
-1
-0.73568
-0.71863
3
-0.77675
0.032066
-0.05405
0.626655
-1
-0.67687
-0.61652
-0.71918
0.027233
-0.05664
0.69197
-1
-0.73568
-0.71863
-0.43914
0.006216
-0.06254
0.896214
-1
-0.73568
-0.71863
3
-0.49957
0.145179
-0.14165
0.842188
-1
-0.73568
-0.71863
-0.51558
0.011644
-0.06176
0.85453
-1
-0.32168
-0.71861
-0.5521
-0.19237
0.100913
0.804979
-1
-0.73568
-0.71863
3
-0.51558
0.011644
-0.06176
0.85453
-1
-0.73568
-0.71863
-0.51558
0.011644
-0.06176
0.85453
-1
-0.73568
-0.71863
-0.51558
0.011644
-0.06176
0.85453
-1
-0.73568
-0.71863
2
-0.98556
0.065564
-0.11469
0.105852
-1
-0.34479
-0.58872
-0.98556
0.065564
-0.11469
0.105852
-1
-0.34479
-0.58872
2
-0.85453
-0.06176
-0.01164
-0.51558
-1
-0.73568
-0.71863
-0.85453
-0.06176
-0.01164
-0.51558
-1
-0.73568
-0.71863
2
-0.51558
0.011644
-0.06176
0.85453
-1
-0.73568
-0.71863
-0.51558
0.011644
-0.06176
0.85453
-1
-0.73568
-0.71863
tail
False
False
False
False
False
0.091
0.101
0.271001
0
0
0.2
0
0
0
0
-9
0
None
7
2
-0.98583
0.021396
0.137111
-0.0942
0.035806
0.220845
-0.99999
-0.98143
-0.00792
-0.16568
-0.09628
0.035806
0.220845
-0.99999
3
-0.98583
0.021396
0.137111
-0.0942
0.035806
0.220845
-0.99999
-0.98772
-0.00371
-0.12271
-0.09653
0.035806
0.220845
-0.99999
-0.99403
0.013103
0.050668
-0.09571
0.035806
0.220845
-0.99999
3
-0.90913
-0.04137
0.359982
0.205344
0.035806
0.519276
-0.99999
-0.97609
0.049284
-0.05796
0.20359
0.035806
0.519276
-0.99999
-0.87585
0.124916
-0.43474
0.168148
0.035804
0.726443
-1
3
-0.99403
0.013103
0.050668
-0.09571
0.035806
0.220845
-0.99999
-0.99403
0.013103
0.050668
-0.09571
0.035806
0.220845
-0.99999
-0.99403
0.013103
0.050668
-0.09571
0.035806
0.220845
-0.99999
2
-0.91794
0.082289
0.111739
0.371643
0.035806
0.220845
-0.99999
-0.91794
0.082289
0.111739
0.371643
0.035806
0.220845
-0.99999
2
0.094207
0.137111
-0.02139
-0.98583
0.035806
0.220845
-0.99999
0.094207
0.137111
-0.02139
-0.98583
0.035806
0.220845
-0.99999
2
-0.9768
0.027733
0.044383
0.207626
0.035806
0.519276
-0.99999
-0.9768
0.027733
0.044383
0.207626
0.035806
0.519276
-0.99999
arm
False
False
True
False
False
0.041
0.041
0.121
0
0
-0.1
5
1
9
0
0
-16
0
None
7
2
-0.69465
0
0
0.719339
-0.13781
0
-1
-0.69465
0
0
0.719339
-0.13781
0
-1
3
-0.4848
0
0
0.874619
-0.13781
0
-1
-0.7547
0
0
0.656058
-0.13781
0
-1
-0.87881
0
0
0.477158
-0.13781
0
-1
3
-0.78828
0.132222
-0.18198
0.57272
-0.1378
-0.25164
-0.99999
-0.52991
0
0
0.848048
-0.13782
0.136962
-0.99999
-0.6861
-0.11252
0.108668
0.710483
-0.13781
0
-1
3
-0.85716
0
0
0.515037
-0.13781
0
-1
-0.44619
0
0
0.894934
-0.13781
0
-1
-0.69465
0
0
0.719339
-0.13781
0
-1
2
-0.69465
0
0
0.719339
-0.13781
0
-1
-0.69465
0
0
0.719339
-0.13781
0
-1
2
-0.71933
0
0
-0.69465
-0.13781
0
-1
-0.71933
0
0
-0.69465
-0.13781
0
-1
2
-0.57885
0.140484
0.102067
-0.79672
-0.13781
0
-1
-0.22989
0.09073
0.148059
-0.95759
-0.13781
0
-1
hand
False
False
True
False
False
0.041
0.031
0.061
0
-0.02
0
8
0
0
0
-22
0
None
7
2
0
0
0
1
0.191498
-0.41204
-1
0
0
0
1
0.191498
-0.41204
-1
3
0
0
0
1
0.191498
-0.41204
-1
0
0
0
1
0.191498
-0.41204
-1
0
0
0
1
0.191498
-0.41204
-1
3
0
0
0
1
0.191498
-0.41204
-1
0.207911
0
0
0.978147
0.191498
-0.41204
-1
0.207911
0
0
0.978147
0.191498
-0.41204
-1
3
0
0
0
1
0.191498
-0.41204
-1
0
0
0
1
0.191498
-0.41204
-1
0
0
0
1
0.191498
-0.41204
-1
2
0
0
0
1
0.191498
-0.41204
-1
0
0
0
1
0.191498
-0.41204
-1
2
-1
0
0
0
0.191498
-0.41204
-1
-1
0
0
0
0.191498
-0.41204
-1
2
-0.96592
0
0
-0.25881
0.191498
-0.41204
-1
-0.96592
0
0
-0.25881
0.191498
-0.41204
-1
leg
False
False
True
False
False
0.041
0.041
0.141
0
0
-0.12
6
1
11
0
0
-16
0
None
7
2
-0.69465
0
0
0.719339
-0.04329
0
-0.99999
-0.69465
0
0
0.719339
-0.04329
0
-0.99999
3
-0.83388
0
0
0.551937
-0.04329
0
-0.99999
-0.80901
0
0
0.587785
-0.04329
0
-0.99999
-0.52249
0
0
0.85264
-0.04329
0
-0.99999
3
-0.68189
0.137256
-0.13254
0.706123
-0.04329
0
-0.99999
-0.51503
0
0
0.857167
-0.04329
0
-0.99999
-0.70841
-0.12062
0.124912
0.684104
-0.04329
0
-0.99999
3
-0.69465
0
0
0.719339
-0.04329
0
-0.99999
-0.69465
0
0
0.719339
-0.04329
0
-0.99999
-0.69465
0
0
0.719339
-0.04329
0
-0.99999
2
-0.98055
0.019292
-0.12909
0.146544
-0.04329
0
-0.99999
-0.98055
0.019292
-0.12909
0.146544
-0.04329
0
-0.99999
2
-0.71933
0
0
-0.69465
-0.04329
0
-0.99999
-0.71933
0
0
-0.69465
-0.04329
0
-0.99999
2
-0.69465
0
0
0.719339
-0.04329
0
-0.99999
-0.69465
0
0
0.719339
-0.04329
0
-0.99999
foot
False
False
True
False
False
0.041
0.031
0.071
0
0
0
10
0
0
0
-22
0
None
7
2
0
0
0
1
0.016867
-0.30397
-0.99999
0
0
0
1
0.016867
-0.30397
-0.99999
3
0
0
0
1
0.016867
-0.30397
-0.99999
0
0
0
1
0.016867
-0.30397
-0.99999
0
0
0
1
0.016867
-0.30397
-0.99999
3
0
0
0
1
0.016867
-0.30397
-0.99999
0.241921
0
0
0.970295
0.016867
-0.30397
-0.99999
0.241921
0
0
0.970295
0.016867
-0.30397
-0.99999
3
0
0
0
1
0.016867
-0.30397
-0.99999
0
0
0
1
0.016867
-0.30397
-0.99999
0
0
0
1
0.016867
-0.30397
-0.99999
2
-0.60876
0
0
0.793353
0.016867
-0.30397
-0.99999
-0.60876
0
0
0.793353
0.016867
-0.30397
-0.99999
2
-1
0
0
0
0.016867
-0.30397
-0.99999
-1
0
0
0
0.016867
-0.30397
-0.99999
2
0
0
0
1
0.016867
-0.30397
-0.99999
0
0
0
1
0.016867
-0.30397
-0.99999
ear
False
True
False
True
True
0.081000
0.051000
0.031
-0.02
0
0
2
0
0
0
-12
0
None
7
2
-0.20538
-0.28496
-0.54554
0.760915
-0.85414
0.999997
-0.3401
-0.20538
-0.28496
-0.54554
0.760915
-0.85414
0.999997
-0.3401
3
-0.20538
-0.28496
-0.54554
0.760915
-0.85414
0.999997
-0.3401
-0.20538
-0.28496
-0.54554
0.760915
-0.85414
0.999997
-0.3401
-0.20538
-0.28496
-0.54554
0.760915
-0.85414
0.999997
-0.3401
3
0
0
-0.69465
0.719339
-0.85414
0.999997
-0.3401
0
0
-0.69465
0.719339
-0.85414
0.999997
-0.3401
0
0
-0.69465
0.719339
-0.85414
0.999997
-0.3401
3
-0.20538
-0.28496
-0.54554
0.760915
-0.85414
0.999997
-0.3401
-0.20538
-0.28496
-0.54554
0.760915
-0.85414
0.999997
-0.3401
-0.20538
-0.28496
-0.54554
0.760915
-0.85414
0.999997
-0.3401
2
-0.20538
-0.28496
-0.54554
0.760915
-0.85414
0.999997
-0.3401
-0.20538
-0.28496
-0.54554
0.760915
-0.85414
0.999997
-0.3401
2
-0.20538
-0.28496
-0.54554
0.760915
-0.85414
0.999997
-0.3401
-0.20538
-0.28496
-0.54554
0.760915
-0.85414
0.999997
-0.3401
2
0
0
-0.69465
0.719339
-0.85414
0.999997
-0.3401
0
0
-0.69465
0.719339
-0.85414
0.999997
-0.3401
sideburns
False
True
False
False
False
0.050999
0.061
0.071000
0
0
0
2
0
0
-11
7
0
None
7
2
0.126988
0.171368
-0.03714
0.976282
-1
-0.25113
-0.01461
0.126988
0.171368
-0.03714
0.976282
-1
-0.25113
-0.01461
3
0.126988
0.171368
-0.03714
0.976282
-1
-0.25113
-0.01461
0.126988
0.171368
-0.03714
0.976282
-1
-0.25113
-0.01461
0.126988
0.171368
-0.03714
0.976282
-1
-0.25113
-0.01461
3
0.045717
0.42261
-0.0106
0.905095
-0.99999
-0.29874
-0.13587
0.045717
0.42261
-0.0106
0.905095
-0.99999
-0.29874
-0.13587
0.045717
0.42261
-0.0106
0.905095
-0.99999
-0.29874
-0.13587
3
0.126988
0.171368
-0.03714
0.976282
-1
-0.25113
-0.01461
0.126988
0.171368
-0.03714
0.976282
-1
-0.25113
-0.01461
0.126988
0.171368
-0.03714
0.976282
-1
-0.25113
-0.01461
2
0.126988
0.171368
-0.03714
0.976282
-1
-0.25113
-0.01461
0.126988
0.171368
-0.03714
0.976282
-1
-0.25113
-0.01461
2
-0.97628
-0.03714
-0.17136
0.126988
-1
-0.25113
-0.01461
-0.97628
-0.03714
-0.17136
0.126988
-1
-0.25113
-0.01461
2
0.045717
0.42261
-0.0106
0.905095
-0.99999
-0.29874
-0.13587
0.045717
0.42261
-0.0106
0.905095
-0.99999
-0.29874
-0.13587
mouth
True
False
False
True
False
0.060000
0.05
0.05
0
0
0.01
3
0
0
0
0
0
CowMouth
7
2
0
0
0
1
0.028038
-0.18584
1.000002
0
0
0
1
0.028038
-0.18584
1.000002
3
0
0
0
1
0.028038
-0.18584
1.000002
0
0
0
1
0.028038
-0.18584
1.000002
0
0
0
1
0.028038
-0.18584
1.000002
3
0
0
0
1
0.028037
-0.25077
0.999987
0
0
0
1
0.028037
-0.25077
0.999987
0
0
0
1
0.028037
-0.25077
0.999987
3
0
0
0
1
0.028038
-0.18584
1.000002
0
0
0
1
0.028038
-0.18584
1.000002
0
0
0
1
0.028038
-0.18584
1.000002
2
0
0
0
1
0.028038
-0.18584
1.000002
0
0
0
1
0.028038
-0.18584
1.000002
2
0
0
0
1
0.028038
-0.18584
1.000002
0
0
0
1
0.028038
-0.18584
1.000002
2
0
0
0
1
0.028037
-0.25077
0.999987
0
0
0
1
0.028037
-0.25077
0.999987
snouttip
False
False
False
True
False
0.031
0.021
0.021
0
0
0
3
0
0
0
-18
0
None
7
2
-0.13052
0
0
0.991444
0
0.794088
0.999999
-0.13052
0
0
0.991444
0
0.794088
0.999999
3
-0.13052
0
0
0.991444
0
0.794088
0.999999
-0.13052
0
0
0.991444
0
0.794088
0.999999
-0.13052
0
0
0.991444
0
0.794088
0.999999
3
-0.13052
0
0
0.991444
0
0.794088
0.999999
-0.13052
0
0
0.991444
0
0.794088
0.999999
-0.13052
0
0
0.991444
0
0.794088
0.999999
3
-0.13052
0
0
0.991444
0
0.794088
0.999999
-0.13052
0
0
0.991444
0
0.794088
0.999999
-0.13052
0
0
0.991444
0
0.794088
0.999999
2
-0.13052
0
0
0.991444
0
0.794088
0.999999
-0.13052
0
0
0.991444
0
0.794088
0.999999
2
-0.13052
0
0
0.991444
0
0.794088
0.999999
-0.13052
0
0
0.991444
0
0.794088
0.999999
2
-0.13052
0
0
0.991444
0
0.794088
0.999999
-0.13052
0
0
0.991444
0
0.794088
0.999999
bellytuft
False
False
False
True
False
0.080999
0.041
0.131
0
-0.02
0.04
0
0
0
-21
21
0
None
7
2
-0.38268
0
0
0.923879
0
-0.19458
0.999998
-0.38268
0
0
0.923879
0
-0.19458
0.999998
3
-0.38268
0
0
0.923879
0
-0.19458
0.999998
-0.38268
0
0
0.923879
0
-0.19458
0.999998
-0.38268
0
0
0.923879
0
-0.19458
0.999998
3
-0.38268
0
0
0.923879
0
-0.19458
0.999998
-0.38268
0
0
0.923879
0
-0.19458
0.999998
-0.38268
0
0
0.923879
0
-0.19458
0.999998
3
-0.38268
0
0
0.923879
0
-0.19458
0.999998
-0.38268
0
0
0.923879
0
-0.19458
0.999998
-0.38268
0
0
0.923879
0
-0.19458
0.999998
2
-0.38268
0
0
0.923879
0
-0.19458
0.999998
-0.38268
0
0
0.923879
0
-0.19458
0.999998
2
-0.38268
0
0
0.923879
0
-0.46143
0.999997
-0.38268
0
0
0.923879
0
-0.46143
0.999997
2
-0.38268
0
0
0.923879
0
-0.19458
0.999998
-0.38268
0
0
0.923879
0
-0.19458
0.999998
