30
0.246055
0.8
0.686274
0.082352
perk_weaken
false
0.285085
crispy
fries
batatas fritas
crocante
fritas
картошка фри
хрустящий
картошка фри
kentang goreng
renyah
makanan-cepat-saji
papas fritas
crujiente
papas fritas
เฟรนช์ฟรายส์
กรอบ
ทอด
crocante
хрустящая
crujiente
F
F
F
хрустящее
false
?
?
?
?
?
7
torso
False
False
False
False
False
0.231
0.141
0.241
0
0
0
-1
4
1
3
5
6
-15
1
-5
0
None
7
2
-0.72537
0
0
0.688354
0
0
0
-0.72537
0
0
0.688354
0
0
0
3
-0.72537
0
0
0.688354
0
0
0
-0.72537
0
0
0.688354
0
0
0
-0.72537
0
0
0.688354
0
0
0
3
-0.72537
0
0
0.688354
0
0
0
-0.72537
0
0
0.688354
0
0
0
-0.72537
0
0
0.688354
0
0
0
3
-0.72537
0
0
0.688354
0
0
0
-0.72537
0
0
0.688354
0
0
0
-0.72537
0
0
0.688354
0
0
0
2
-0.66262
0
0
0.748955
0
0
0.36
-0.66262
0
0
0.748955
0
0
0.36
2
-0.99984
0
0
0.017451
0
-0.4
-0.55999
-0.99984
0
0
0.017451
0
-0.42
-0.55999
2
-0.72537
0
0
0.688354
0
0
0
-0.72537
0
0
0.688354
0
0
0
neck
False
False
False
True
False
0.030999
0.031
0.131
0
0
0.12
0
1
2
0
0
0
0
None
7
2
0.008726
0
0
0.999961
-0.02271
-0.0195
1.000006
0.008726
0
0
0.999961
-0.02271
-0.0195
1.000006
3
0.008726
0
0
0.999961
-0.02271
-0.0195
1.000006
0.008726
0
0
0.999961
-0.02271
-0.0195
1.000006
0.008726
0
0
0.999961
-0.02271
-0.0195
1.000006
3
0.008726
0
0
0.999961
-0.02271
-0.0195
1.000006
0.008726
0
0
0.999961
-0.02271
-0.0195
1.000006
0.008726
0
0
0.999961
-0.02271
-0.0195
1.000006
3
0.008726
0
0
0.999961
-0.02271
-0.0195
1.000006
0.008726
0
0
0.999961
-0.02271
-0.0195
1.000006
0.008726
0
0
0.999961
-0.02271
-0.0195
1.000006
2
0.008726
0
0
0.999961
-0.02271
-0.0195
1.000006
0.008726
0
0
0.999961
-0.02271
-0.0195
1.000006
2
0.008726
0
0
0.999961
-0.02271
-0.0195
1.000006
0.008726
0
0
0.999961
-0.02271
-0.0195
1.000006
2
0.008726
0
0
0.999961
-0.02271
-0.0195
1.000006
0.008726
0
0
0.999961
-0.02271
-0.0195
1.000006
head
False
False
False
False
False
0.031
0.121
0.031
0
0.099999
0
1
0
0
0
0
0
None
7
2
0.008726
0
0
0.999962
0
-0.05643
0.999997
0.008726
0
0
0.999962
0
-0.05643
0.999997
3
0.008726
0
0
0.999962
0
-0.05643
0.999997
0.008726
0
0
0.999962
0
-0.05643
0.999997
0.008726
0
0
0.999962
0
-0.05643
0.999997
3
0.008726
0
0
0.999962
0
-0.05643
0.999997
0.008726
0
0
0.999962
0
-0.05643
0.999997
0.008726
0
0
0.999962
0
-0.05643
0.999997
3
0.008726
0
0
0.999962
0
-0.05643
0.999997
0.008726
0
0
0.999962
0
-0.05643
0.999997
0.008726
0
0
0.999962
0
-0.05643
0.999997
2
0.008726
0
0
0.999962
0
-0.05643
0.999997
0.008726
0
0
0.999962
0
-0.05643
0.999997
2
-0.66913
0
0
0.743144
0
-0.05643
0.999997
-0.66913
0
0
0.743144
0
-0.05643
0.999997
2
0.008726
0
0
0.999962
0
-0.05643
0.999997
0.008726
0
0
0.999962
0
-0.05643
0.999997
shoulder
False
True
True
False
False
0.031000
0.041
0.141
0
0
-0.14
0
1
4
0
0
0
0
None
7
2
-0.07039
0.730517
-0.67724
0.052253
-0.64292
-0.31463
1.000002
-0.07039
0.730517
-0.67724
0.052253
-0.64292
-0.31463
1.000002
3
-0.07039
0.730517
-0.67724
0.052253
-0.64292
-0.31463
1.000002
-0.07039
0.730517
-0.67724
0.052253
-0.64292
-0.31463
1.000002
-0.07039
0.730517
-0.67724
0.052253
-0.64292
-0.31463
1.000002
3
-0.07039
0.730517
-0.67724
0.052253
-0.64292
-0.31463
1.000002
-0.07039
0.730517
-0.67724
0.052253
-0.64292
-0.31463
1.000002
-0.07039
0.730517
-0.67724
0.052253
-0.64292
-0.31463
1.000002
3
-0.07039
0.730517
-0.67724
0.052253
-0.64292
-0.31463
1.000002
-0.07039
0.730517
-0.67724
0.052253
-0.64292
-0.31463
1.000002
-0.07039
0.730517
-0.67724
0.052253
-0.64292
-0.31463
1.000002
2
-0.07039
0.730517
-0.67724
0.052253
-0.64292
-0.31463
1.000002
-0.07039
0.730517
-0.67724
0.052253
-0.64292
-0.31463
1.000002
2
-0.08719
0.081054
-0.99284
-0.00903
-0.64292
-0.31463
1.000002
-0.08719
0.081054
-0.99284
-0.00903
-0.64292
-0.31463
1.000002
2
-0.07039
0.730517
-0.67724
0.052253
-0.64292
-0.31463
1.000002
-0.07039
0.730517
-0.67724
0.052253
-0.64292
-0.31463
1.000002
arm
False
False
True
False
False
0.031000
0.031000
0.121
0
0
-0.1
3
0
0
0
0
0
None
7
2
-0.06054
0.716602
-0.69201
0.062694
-0.13781
0
-1
-0.06054
0.716602
-0.69201
0.062694
-0.13781
0
-1
3
-0.06054
0.716602
-0.69201
0.062694
-0.13781
0
-1
-0.06054
0.716602
-0.69201
0.062694
-0.13781
0
-1
-0.06054
0.716602
-0.69201
0.062694
-0.13781
0
-1
3
-0.06054
0.716602
-0.69201
0.062694
-0.13781
0
-1
-0.06054
0.716602
-0.69201
0.062694
-0.13781
0
-1
-0.06054
0.716602
-0.69201
0.062694
-0.13781
0
-1
3
-0.06054
0.716602
-0.69201
0.062694
-0.13781
0
-1
-0.06054
0.716602
-0.69201
0.062694
-0.13781
0
-1
-0.06054
0.716602
-0.69201
0.062694
-0.13781
0
-1
2
-0.06054
0.716602
-0.69201
0.062694
-0.13781
0
-1
-0.06054
0.716602
-0.69201
0.062694
-0.13781
0
-1
2
-0.08699
0.060816
-0.99433
0.00532
-0.13781
0
-1
-0.08699
0.060816
-0.99433
0.00532
-0.13781
0
-1
2
-0.06054
0.716602
-0.69201
0.062694
-0.13781
0
-1
-0.06054
0.716602
-0.69201
0.062694
-0.13781
0
-1
backfries
False
True
False
False
False
0.031
0.251
0.041
0
0.24
0
0
0
0
0
0
0
None
7
2
-0.04703
-0.08477
0.035831
0.994644
-0.5578
0.418733
0.999999
-0.04703
-0.08477
0.035831
0.994644
-0.5578
0.418733
0.999999
3
-0.04703
-0.08477
0.035831
0.994644
-0.5578
0.418733
0.999999
-0.04703
-0.08477
0.035831
0.994644
-0.5578
0.418733
0.999999
-0.04703
-0.08477
0.035831
0.994644
-0.5578
0.418733
0.999999
3
-0.04703
-0.08477
0.035831
0.994644
-0.5578
0.418733
0.999999
-0.04703
-0.08477
0.035831
0.994644
-0.5578
0.418733
0.999999
-0.04703
-0.08477
0.035831
0.994644
-0.5578
0.418733
0.999999
3
-0.04703
-0.08477
0.035831
0.994644
-0.5578
0.418733
0.999999
-0.04703
-0.08477
0.035831
0.994644
-0.5578
0.418733
0.999999
-0.04703
-0.08477
0.035831
0.994644
-0.5578
0.418733
0.999999
2
-0.04703
-0.08477
0.035831
0.994644
-0.5578
0.418733
0.999999
-0.04703
-0.08477
0.035831
0.994644
-0.5578
0.418733
0.999999
2
-0.70664
-0.03829
0.083687
0.701555
-0.5578
0.418733
0.999999
-0.70664
-0.03829
0.083687
0.701555
-0.5578
0.418733
0.999999
2
-0.04703
-0.08477
0.035831
0.994644
-0.5578
0.418733
0.999999
-0.04703
-0.08477
0.035831
0.994644
-0.5578
0.418733
0.999999
otherfry
False
True
False
False
False
0.041
0.221
0.031
0
0.22
0
0
0
0
0
0
0
None
7
2
0
0
-0.04361
0.999048
0.390255
0.081349
1.000001
0
0
-0.04361
0.999048
0.390255
0.081349
1.000001
3
0
0
-0.04361
0.999048
0.390255
0.081349
1.000001
0
0
-0.04361
0.999048
0.390255
0.081349
1.000001
0
0
-0.04361
0.999048
0.390255
0.081349
1.000001
3
0
0
-0.04361
0.999048
0.390255
0.081349
1.000001
0
0
-0.04361
0.999048
0.390255
0.081349
1.000001
0
0
-0.04361
0.999048
0.390255
0.081349
1.000001
3
0
0
-0.04361
0.999048
0.390255
0.081349
1.000001
0
0
-0.04361
0.999048
0.390255
0.081349
1.000001
0
0
-0.04361
0.999048
0.390255
0.081349
1.000001
2
0
0
-0.04361
0.999048
0.390255
0.081349
1.000001
0
0
-0.04361
0.999048
0.390255
0.081349
1.000001
2
-0.67494
-0.02946
-0.03215
0.736575
0.390255
0.081349
1.000001
-0.67494
-0.02946
-0.03215
0.736575
0.390255
0.081349
1.000001
2
0
0
-0.04361
0.999048
0.390255
0.081349
1.000001
0
0
-0.04361
0.999048
0.390255
0.081349
1.000001
