30
0.248323
0.082352
0.407843
0.027450
perk_sticky_web
false
0.372846
bog
toad
rã
do pântano
sapo
лягушка
болота
жаба
katak
rawa
kodok
rana
del pantano
sapo
กบ
ที่ลุ่ม
คางคก
do pântano
болота
del pantano
M
F
M
болота
false
Scales
Venom
Uncooked Meat
Bones
?
14
torso
False
False
False
False
False
0.231
0.121
0.271
0
0
0
-1
3
1
4
5
0
0
0
0
None
7
2
0.034899
0
0
0.99939
0
0
0
-0.06975
0
0
0.997564
0
0.02
0
3
0.087155
0
0
0.996194
0
0
0
-0.05233
0
0
0.998629
0
0
0
0.034899
0
0
0.99939
0
0
0
3
0.034639
0.121795
0.004253
0.991941
0
0
0
-0.05233
0
0
0.998629
0
0
0
0.034559
-0.13908
-0.00485
0.989664
0
0
0
3
0.165047
0
0
0.986285
0
-0.06
-0.18
-0.05233
0
0
0.998629
0
0.04
0.2
0.121869
0
0
0.992546
0
0.04
0.3
2
-0.22495
0
0
0.97437
0
0.28
0.26
-0.26723
0
0
0.96363
0
0.28
0.26
2
-0.99939
0
0
0.034899
0
-0.44
-0.48
-0.99939
0
0
0.034899
0
-0.46
-0.48
2
-0.30901
0
0
0.951056
0
0
0
-0.39073
0
0
0.920504
0
0
0
neck
False
False
False
True
False
0.111
0.121
0.090999
0
0
0
0
1
2
0
0
0
0
None
7
2
-0.25881
0
0
0.965925
0
0.451037
1.000001
-0.25881
0
0
0.965925
0
0.451037
1.000001
3
-0.25881
0
0
0.965925
0
0.451037
1.000001
-0.25881
0
0
0.965925
0
0.451037
1.000001
-0.25881
0
0
0.965925
0
0.451037
1.000001
3
-0.25881
0
0
0.965925
0
0.451037
1.000001
-0.25881
0
0
0.965925
0
0.451037
1.000001
-0.25881
0
0
0.965925
0
0.451037
1.000001
3
-0.25881
0
0
0.965925
0
0.451037
1.000001
-0.25881
0
0
0.965925
0
0.451037
1.000001
-0.25881
0
0
0.965925
0
0.451037
1.000001
2
0.130526
0
0
0.991444
0
0.227088
1.000001
0.130526
0
0
0.991444
0
0.227088
1.000001
2
-0.25881
0
0
0.965925
0
0.451037
1.000001
-0.25881
0
0
0.965925
0
0.451037
1.000001
2
-0.25881
0
0
0.965925
0
0.451037
1.000001
-0.17364
0
0
0.984807
0
-0.37132
1.000003
head
False
False
False
False
False
0.161
0.081
0.131
0
0
0
1
2
3
10
0
0
0
0
None
7
2
-0.03489
0
0
0.99939
0
0.36227
0.999999
-0.03489
0
0
0.99939
0
0.36227
0.999999
3
-0.03489
0
0
0.99939
0
0.36227
0.999999
-0.03489
0
0
0.99939
0
0.36227
0.999999
-0.03489
0
0
0.99939
0
0.36227
0.999999
3
-0.03489
0
0
0.99939
0
0.36227
0.999999
-0.03489
0
0
0.99939
0
0.36227
0.999999
-0.03489
0
0
0.99939
0
0.36227
0.999999
3
-0.03489
0
0
0.99939
0
0.36227
0.999999
0.267238
0
0
0.96363
0
0.36227
0.999999
0.350207
0
0
0.936672
0
0.36227
0.999999
2
0.052336
0
0
0.998629
0
0.36227
0.999999
0.052336
0
0
0.998629
0
0.36227
0.999999
2
-0.99939
0
0
-0.03489
0
0.36227
0.999999
-0.99939
0
0
-0.03489
0
0.36227
0.999999
2
-0.03489
0
0
0.99939
0
0.36227
0.999999
-0.03489
0
0
0.99939
0
0.36227
0.999999
eyes
True
True
False
True
False
0.06
0.06
0.05
0
0
0.01
2
0
0
0
0
0
RegularEye
7
2
0.002425
-0.08697
-0.0105
0.996152
-0.83142
0.394729
0.999998
0.002425
-0.08697
-0.0105
0.996152
-0.83142
0.394729
0.999998
3
0.002425
-0.08697
-0.0105
0.996152
-0.83142
0.394729
0.999998
0.002425
-0.08697
-0.0105
0.996152
-0.83142
0.394729
0.999998
0.002425
-0.08697
-0.0105
0.996152
-0.83142
0.394729
0.999998
3
0.002425
-0.08697
-0.0105
0.996152
-0.83142
0.394729
0.999998
0.002425
-0.08697
-0.0105
0.996152
-0.83142
0.394729
0.999998
0.002425
-0.08697
-0.0105
0.996152
-0.83142
0.394729
0.999998
3
0.002425
-0.08697
-0.0105
0.996152
-0.83142
0.394729
0.999998
0.002425
-0.08697
-0.0105
0.996152
-0.83142
0.394729
0.999998
0.002425
-0.08697
-0.0105
0.996152
-0.83142
0.394729
0.999998
2
0.002425
-0.08697
-0.0105
0.996152
-0.83142
0.394729
0.999998
0.002425
-0.08697
-0.0105
0.996152
-0.83142
0.394729
0.999998
2
0.002425
-0.08697
-0.0105
0.996152
-0.83142
0.394729
0.999998
0.002425
-0.08697
-0.0105
0.996152
-0.83142
0.394729
0.999998
2
0.002425
-0.08697
-0.0105
0.996152
-0.83142
0.394729
0.999998
0.002425
-0.08697
-0.0105
0.996152
-0.83142
0.394729
0.999998
shoulder
False
True
True
False
False
0.031
0.051
0.161
0
0
0
0
1
6
0
0
0
0
None
7
2
-0.42698
0.32074
-0.45806
0.710624
-0.99999
-0.05082
0.636013
-0.48658
0.218718
-0.39418
0.748346
-0.99999
-0.05082
0.636013
3
-0.42698
0.32074
-0.45806
0.710624
-0.99999
-0.35799
0.302323
-0.54389
0.395409
-0.3954
0.625683
-0.99999
0.128041
0.57773
-0.64428
0.458064
-0.32073
0.52173
-0.99999
-0.05545
0.787345
3
-0.5654
0.408967
-0.38136
0.60632
-1
-0.41667
0.617693
-0.3761
0.441154
-0.51172
0.634084
-0.99999
-0.05082
0.636013
-0.51562
0.092897
-0.34002
0.780951
-0.99999
-0.44065
0.506676
3
-0.42698
0.32074
-0.45806
0.710624
-0.99999
-0.05082
0.636013
-0.82891
0.557065
0.048737
-0.01446
-0.99999
-0.05082
0.636013
-0.52459
0.532053
-0.03668
0.663602
-1
-0.44671
0.635989
2
-0.67686
0.119505
-0.10121
0.719257
-0.99999
-0.3224
0.46726
-0.73697
0.127872
-0.09041
0.657527
-0.99999
-0.3224
0.46726
2
-0.71062
-0.45806
-0.32074
-0.42698
-0.99999
-0.05082
0.636013
-0.71062
-0.45806
-0.32074
-0.42698
-0.99999
-0.05082
0.636013
2
0.183201
0.775788
-0.59881
0.077543
-0.99999
0.63483
0.604177
0.19893
0.487579
-0.85011
0.001532
-0.85325
1
0.363079
hip
False
True
False
False
False
0.070999
0.151
0.091000
0
0
0
0
1
8
0
0
-4
0
None
7
2
-0.54891
-0.10669
-0.15818
0.813805
-1
-0.28137
-0.71995
-0.54891
-0.10669
-0.15818
0.813805
-1
-0.28137
-0.71995
3
-0.54891
-0.10669
-0.15818
0.813805
-0.99999
-0.675
-0.23454
-0.36772
-0.13725
-0.13254
0.910148
-0.99999
-0.51352
-0.87607
-0.54891
-0.10669
-0.15818
0.813805
-0.99999
-0.38641
-0.43404
3
-0.54891
-0.10669
-0.15818
0.813805
-1
-0.84501
-0.64667
-0.54891
-0.10669
-0.15818
0.813805
-1
-0.43476
-0.51593
-0.44564
-0.12518
-0.144
0.874636
-0.89287
-0.99999
-0.56491
3
-0.68189
-0.0776
-0.17431
0.706123
-1
-0.28137
-0.71995
0.841418
0.029849
0.18846
-0.50557
-1
-0.28137
-0.71995
0.841418
0.029849
0.18846
-0.50557
-1
-0.28137
-0.71995
2
-0.71204
-0.06993
-0.17753
0.675707
-1
-0.28137
-0.71995
-0.71204
-0.06993
-0.17753
0.675707
-1
-0.28137
-0.71995
2
-0.8138
-0.15818
0.106699
-0.54891
-1
-0.28137
-0.71995
-0.8138
-0.15818
0.106699
-0.54891
-1
-0.28137
-0.71995
2
-0.54891
-0.10669
-0.15818
0.813805
-1
-0.28137
-0.71995
-0.54891
-0.10669
-0.15818
0.813805
-1
-0.28137
-0.71995
arm
False
False
True
False
False
0.031
0.051
0.071
0
0
-0.06
4
1
7
0
0
0
0
None
7
2
-0.69465
0
0
0.719339
-0.85815
0
-0.99999
-0.69465
0
0
0.719339
-0.85815
0
-0.99999
3
-0.54463
0
0
0.83867
-0.85815
0
-0.99999
-0.46947
0
0
0.882947
-0.85815
0
-0.99999
-0.80901
0
0
0.587785
-0.85815
0
-0.99999
3
-0.67536
-0.09491
-0.10178
0.724236
-0.85815
0
-0.99999
-0.69465
0
0
0.719339
-0.85815
0
-0.99999
-0.64484
-0.2381
0.222037
0.691508
-0.19778
0.010947
-0.99999
3
-0.69465
0
0
0.719339
-0.85815
0
-0.99999
-0.98768
0
0
-0.15643
-0.85815
0
-0.99999
-0.99965
0
0
-0.02617
-0.85815
0
-0.99999
2
-0.64341
-0.31784
0.33494
0.610578
-0.85815
0
-0.99999
-0.64341
-0.31784
0.33494
0.610578
-0.85815
0
-0.99999
2
-0.71933
0
0
-0.69465
-0.85815
0
-0.99999
-0.71933
0
0
-0.69465
-0.85815
0
-0.99999
2
-0.69482
0.17979
0.186178
-0.67098
-0.85815
0
-0.99999
-0.1843
0.040488
0.255632
-0.94817
-0.85815
0
-0.99999
hand
False
False
True
False
False
0.041
0.041
0.061
0
-0.02
0
6
3
11
12
13
0
0
-5
0
None
7
2
0
-0.10452
0
0.994522
-0.00891
-0.20201
-1
0
-0.10452
0
0.994522
-0.00891
-0.20201
-1
3
0
-0.10452
0
0.994522
-0.00891
-0.20201
-1
0.257401
-0.10096
0.027053
0.960634
-0.00891
-0.20201
-1
0
-0.10452
0
0.994522
-0.00891
-0.20201
-1
3
0.017386
-0.29232
-0.00152
0.956159
-0.00891
-0.20201
-1
0
-0.10452
0
0.994522
-0.00891
-0.20201
-1
0
-0.10452
0
0.994522
-0.00891
-0.20201
-1
3
0
-0.10452
0
0.994522
-0.00891
-0.20201
-1
-0.67188
-0.07706
-0.07061
0.733238
-0.00891
-0.20201
-1
0
-0.10452
0
0.994521
-0.00891
-0.20201
-1
2
0.172697
-0.10294
0.018151
0.979412
-0.00891
-0.20201
-1
0.172697
-0.10294
0.018151
0.979412
-0.00891
-0.20201
-1
2
-0.99452
0
0.104528
0
-0.00891
-0.20201
-1
-0.99452
0
0.104528
0
-0.00891
-0.20201
-1
2
-0.12547
0.728993
-0.22636
0.633704
-0.00891
-0.20201
-1
-0.12547
0.728993
-0.22636
0.633704
-0.00891
-0.20201
-1
leg
False
False
False
False
False
0.031
0.051000
0.111
0
0
-0.16
5
1
9
0
0
-4
0
None
7
2
-0.9436
0.052594
-0.18341
0.270573
-0.80081
0.639397
-1
-0.9436
0.052594
-0.18341
0.270573
-0.80081
0.639397
-1
3
-0.9436
0.052594
-0.18341
0.270573
-0.80081
0.639397
-1
-0.9436
0.052594
-0.18341
0.270573
-0.80081
0.639397
-1
-0.9436
0.052594
-0.18341
0.270573
-0.80081
0.639397
-1
3
-0.92814
0.042922
-0.18591
0.319586
-0.80081
0.639397
-1
-0.96173
0.100321
-0.16575
0.193726
-0.80081
0.639397
-1
-0.87683
-0.09169
0.030827
0.470963
-0.80081
0.639397
-1
3
-0.90021
0.028203
-0.18871
0.391423
-0.80081
0.639397
-1
-0.06847
-0.15436
-0.11215
0.979236
-0.78367
1.000011
-0.70838
-0.88411
0.073555
-0.39036
0.246055
-0.78367
1.000011
-0.70838
2
-0.97923
0.112154
-0.15436
-0.06847
-0.80081
0.639397
-1
-0.97923
0.112154
-0.15436
-0.06847
-0.80081
0.639397
-1
2
-0.27057
-0.18341
-0.05259
-0.9436
-0.80081
0.639397
-1
-0.27057
-0.18341
-0.05259
-0.9436
-0.80081
0.639397
-1
2
-0.9436
0.052594
-0.18341
0.270573
-0.80081
0.639397
-1
-0.9436
0.052594
-0.18341
0.270573
-0.80081
0.639397
-1
foot
False
False
False
False
False
0.031
0.041
0.041
0
0
0
8
0
0
0
-6
0
None
7
2
0
-0.29237
0
0.956304
-0.07332
0
-0.99999
0
-0.29237
0
0.956304
-0.07332
0
-0.99999
3
0
-0.29237
0
0.956304
-0.07332
0
-0.99999
0
-0.29237
0
0.956304
-0.07332
0
-0.99999
0
-0.29237
0
0.956304
-0.07332
0
-0.99999
3
0
-0.29237
0
0.956304
-0.07332
0
-0.99999
0
-0.29237
0
0.956304
-0.07332
0
-0.99999
0
-0.29237
0
0.956304
-0.07332
0
-0.99999
3
0
-0.29237
0
0.956304
-0.07332
0
-0.99999
0
-0.29237
0
0.956304
-0.07332
0
-0.99999
0
-0.29237
0
0.956304
-0.07332
0
-0.99999
2
-0.09597
-0.29461
0.016097
0.950647
-0.07332
0
-0.99999
-0.09597
-0.29461
0.016097
0.950647
-0.07332
0
-0.99999
2
-0.9563
0
0.292371
0
-0.07332
0
-0.99999
-0.9563
0
0.292371
0
-0.07332
0
-0.99999
2
0
-0.29237
0
0.956304
-0.07332
0
-0.99999
0
-0.29237
0
0.956304
-0.07332
0
-0.99999
frogneck
False
False
False
True
False
0.131
0.081
0.111
0
-0.04
0
2
0
-4
0
13
0
None
7
2
0
0
0
1
0
-1.00002
0.070334
0
0
0
1
0
-0.99999
0.599
3
0
0
0
1
0
-1.00002
0.070334
0
0
0
1
0
-0.99999
0.611619
0
0
0
1
0
-1.00002
0.070334
3
0
0
0
1
0
-1.00002
0.070334
0
0
0
1
0
-1.00002
0.070334
0
0
0
1
0
-1.00002
0.070334
3
0
0
0
1
0
-1.00002
0.070334
0
0
0
1
0
-1.00002
0.070334
0
0
0
1
0
-1.00002
0.070334
2
0
0
0
1
0
-1.00002
0.070334
0
0
0
1
0
-1.00002
0.070334
2
0
0
0
1
0
-1.00002
0.070334
0
0
0
1
0
-1.00002
0.070334
2
0
0
0
1
0
-1.00002
0.070334
0
0
0
1
0
-1.00002
0.070334
finger
False
False
True
True
False
0.031
0.031
0.090999
0
0
0
7
0
0
0
0
0
None
7
2
0
0
0
1
0
-0.34347
0.99999
0
0
0
1
0
-0.34347
0.99999
3
0
0
0
1
0
-0.34347
0.99999
0
0
0
1
0
-0.34347
0.99999
0
0
0
1
0
-0.34347
0.99999
3
0
0
0
1
0
-0.34347
0.99999
0
0
0
1
0
-0.34347
0.99999
0
0
0
1
0
-0.34347
0.99999
3
0
0
0
1
0
-0.34347
0.99999
0
0
0
1
0
-0.34347
0.99999
0
0
0
1
0
-0.34347
0.99999
2
0
0
0
1
0
-0.34347
0.99999
0
0
0
1
0
-0.34347
0.99999
2
0
0
0
1
0
-0.34347
0.99999
0
0
0
1
0
-0.34347
0.99999
2
0
0
0
1
0
-0.34347
0.99999
0
0
0
1
0
-0.34347
0.99999
finger2
False
False
True
True
False
0.031
0.031
0.061
0
0
0.04
7
0
0
0
0
0
None
7
2
0
-0.55919
0
0.829037
-1
-0.38483
0.231221
0
-0.55919
0
0.829037
-1
-0.38483
0.231221
3
0
-0.55919
0
0.829037
-1
-0.38483
0.231221
0
-0.55919
0
0.829037
-1
-0.38483
0.231221
0
-0.55919
0
0.829037
-1
-0.38483
0.231221
3
0
-0.55919
0
0.829037
-1
-0.38483
0.231221
0
-0.55919
0
0.829037
-1
-0.38483
0.231221
0
-0.55919
0
0.829037
-1
-0.38483
0.231221
3
0
-0.55919
0
0.829037
-1
-0.38483
0.231221
0
-0.55919
0
0.829037
-1
-0.38483
0.231221
0
-0.55919
0
0.829037
-1
-0.38483
0.231221
2
0
-0.55919
0
0.829037
-1
-0.38483
0.231221
0
-0.55919
0
0.829037
-1
-0.38483
0.231221
2
0
-0.55919
0
0.829037
-1
-0.38483
0.231221
0
-0.55919
0
0.829037
-1
-0.38483
0.231221
2
0
-0.55919
0
0.829037
-1
-0.38483
0.231221
0
-0.55919
0
0.829037
-1
-0.38483
0.231221
finger3
False
False
True
True
False
0.031
0.031
0.071000
0
0
0.04
7
0
0
0
0
0
None
7
2
-0.0174
0.4694
-0.00121
0.882813
1.000018
-0.56224
0.180173
-0.0174
0.4694
-0.00121
0.882813
1.000018
-0.56224
0.180173
3
-0.0174
0.4694
-0.00121
0.882813
1.000018
-0.56224
0.180173
-0.0174
0.4694
-0.00121
0.882813
1.000018
-0.56224
0.180173
-0.0174
0.4694
-0.00121
0.882813
1.000018
-0.56224
0.180173
3
-0.0174
0.4694
-0.00121
0.882813
1.000018
-0.56224
0.180173
-0.0174
0.4694
-0.00121
0.882813
1.000018
-0.56224
0.180173
-0.0174
0.4694
-0.00121
0.882813
1.000018
-0.56224
0.180173
3
-0.0174
0.4694
-0.00121
0.882813
1.000018
-0.56224
0.180173
-0.0174
0.4694
-0.00121
0.882813
1.000018
-0.56224
0.180173
-0.0174
0.4694
-0.00121
0.882813
1.000018
-0.56224
0.180173
2
-0.0174
0.4694
-0.00121
0.882813
1.000018
-0.56224
0.180173
-0.0174
0.4694
-0.00121
0.882813
1.000018
-0.56224
0.180173
2
-0.0174
0.4694
-0.00121
0.882813
1.000018
-0.56224
0.180173
-0.0174
0.4694
-0.00121
0.882813
1.000018
-0.56224
0.180173
2
-0.0174
0.4694
-0.00121
0.882813
1.000018
-0.56224
0.180173
-0.0174
0.4694
-0.00121
0.882813
1.000018
-0.56224
0.180173
