30
0.607892
0.145098
0.580392
0.035294
perk_toxic_plume
false
0.189798
garbage
dumper
caminhão de lixo
do lixo
lixeira
мусоровоз
мусор
мусорный бак
truk sampah
sampah
tempat-sampah
camión de basura
de basura
contenedor
รถบรรทุกขยะ
ขยะ
ถังขยะ
do lixo
мусор
de basura
F
M
M
мусор
false
Metal Bar
?
?
?
?
28
torso
False
False
False
False
False
0.400999
0.440999
0.580999
0
0
0
-1
14
1
3
4
9
10
11
12
13
14
15
24
25
26
27
0
0
0
0
None
7
2
-0.00545
-0.01067
-0.00459
0.999917
0
0
0
-0.00545
-0.01067
-0.00459
0.999917
0
0
0
3
-0.00545
-0.01067
-0.00459
0.999917
0
0
0
-0.00545
-0.01067
-0.00459
0.999917
0
0
0
-0.00545
-0.01067
-0.00459
0.999917
0
0
0
3
-0.00545
-0.01067
-0.00459
0.999917
0
0
0
-0.00545
-0.01067
-0.00459
0.999917
0
0
0
-0.00545
-0.01067
-0.00459
0.999917
0
0
0
3
-0.00545
-0.01067
-0.00459
0.999917
0
0
0
-0.00545
-0.01067
-0.00459
0.999917
0
0
0
-0.00545
-0.01067
-0.00459
0.999917
0
0
0
2
-0.61303
-0.00566
-0.01014
0.789969
0
-0.08
0.4
-0.64691
-0.00522
-0.01038
0.762476
0
-0.08
0.4
2
-0.9992
-0.00505
0.010461
0.038169
0
-0.4
-0.48
-0.9992
-0.00505
0.010461
0.038169
0
-0.42
-0.48
2
-0.00545
-0.01067
-0.00459
0.999917
0
0
0
-0.00545
-0.01067
-0.00459
0.999917
0
0
0
neck
False
False
False
True
False
0.211
0.201
0.050999
0
0
0
0
1
2
0
0
0
0
None
7
2
0.008726
0
0
0.999962
-0.02271
-0.36849
0.999999
0.008726
0
0
0.999962
-0.02271
-0.36849
0.999999
3
0.008726
0
0
0.999962
-0.02271
-0.36849
0.999999
0.008726
0
0
0.999962
-0.02271
-0.36849
0.999999
0.008726
0
0
0.999962
-0.02271
-0.36849
0.999999
3
0.008726
0
0
0.999962
-0.02271
-0.36849
0.999999
0.008726
0
0
0.999962
-0.02271
-0.36849
0.999999
0.008726
0
0
0.999962
-0.02271
-0.36849
0.999999
3
0.008726
0
0
0.999962
-0.02271
-0.36849
0.999999
0.008726
0
0
0.999962
-0.02271
-0.36849
0.999999
0.008726
0
0
0.999962
-0.02271
-0.36849
0.999999
2
0.008726
0
0
0.999962
-0.01796
-1
0.790711
0.008726
0
0
0.999962
-0.01796
-1
0.790711
2
0.008726
0
0
0.999962
-0.02271
-0.36849
0.999999
0.008726
0
0
0.999962
-0.02271
-0.36849
0.999999
2
0.008726
0
0
0.999962
-0.02271
-0.36849
0.999999
0.008726
0
0
0.999962
-0.02271
-0.36849
0.999999
head
False
False
False
False
False
0.311
0.271
0.131
0
0
0.099999
1
4
7
8
16
17
0
-30
4
0
None
7
2
0.008726
0
0
0.999962
0
0.178158
1.000018
0.008726
0
0
0.999962
0
0.178158
1.000018
3
0.008726
0
0
0.999962
0
0.178158
1.000018
0.008726
0
0
0.999962
0
0.178158
1.000018
0.008726
0
0
0.999962
0
0.178158
1.000018
3
0.008726
0
0
0.999962
0
0.178158
1.000018
0.008726
0
0
0.999962
0
0.178158
1.000018
0.008726
0
0
0.999962
0
0.178158
1.000018
3
0.008726
0
0
0.999962
0
0.178158
1.000018
0.008726
0
0
0.999962
0
0.178158
1.000018
0.008726
0
0
0.999962
0
0.178158
1.000018
2
0.224951
0
0
0.97437
0
0.018981
0.999991
0.224951
0
0
0.97437
0
0.018981
0.999991
2
-0.99862
0
0
0.052336
0
0.178158
1.000018
-0.99862
0
0
0.052336
0
0.178158
1.000018
2
0.008726
0
0
0.999962
0
0.178158
1.000018
0.008726
0
0
0.999962
0
0.178158
1.000018
shoulder
False
True
True
False
False
0.041
0.121
0.051000
0
0
0
0
1
5
0
0
-4
0
None
7
2
-0.7009
0
0
0.71325
-1
-0.77469
0.761385
-0.7009
0
0
0.71325
-1
-0.77469
0.761385
3
-0.7009
0
0
0.71325
-1
-0.77469
0.761385
-0.7009
0
0
0.71325
-1
-0.77469
0.761385
-0.7009
0
0
0.71325
-1
-0.77469
0.761385
3
-0.7009
0
0
0.71325
-1
-0.77469
0.761385
-0.7009
0
0
0.71325
-1
-0.77469
0.761385
-0.7009
0
0
0.71325
-1
-0.77469
0.761385
3
-0.7009
0
0
0.71325
-1
-0.77469
0.761385
-0.7009
0
0
0.71325
-1
-0.77469
0.761385
-0.7009
0
0
0.71325
-1
-0.77469
0.761385
2
-0.7009
0
0
0.71325
-1
-0.77469
0.761385
-0.7009
0
0
0.71325
-1
-0.77469
0.761385
2
-0.74314
0
0
-0.66913
-1
-0.77469
0.761385
-0.74314
0
0
-0.66913
-1
-0.77469
0.761385
2
-0.7009
0
0
0.71325
-1
-0.77469
0.761385
-0.7009
0
0
0.71325
-1
-0.77469
0.761385
hip
False
True
True
False
False
0.041
0.151
0.041
0
0
0
0
1
6
0
0
-4
0
None
7
2
-0.69018
-0.00681
-0.0277
0.723072
-1
-0.77489
-0.71656
-0.69018
-0.00681
-0.0277
0.723072
-1
-0.77489
-0.71656
3
-0.69018
-0.00681
-0.0277
0.723072
-1
-0.77489
-0.71656
-0.69018
-0.00681
-0.0277
0.723072
-1
-0.77489
-0.71656
-0.69018
-0.00681
-0.0277
0.723072
-1
-0.77489
-0.71656
3
-0.69018
-0.00681
-0.0277
0.723072
-1
-0.77489
-0.71656
-0.69018
-0.00681
-0.0277
0.723072
-1
-0.77489
-0.71656
-0.69018
-0.00681
-0.0277
0.723072
-1
-0.77489
-0.71656
3
-0.69018
-0.00681
-0.0277
0.723072
-1
-0.77489
-0.71656
-0.69018
-0.00681
-0.0277
0.723072
-1
-0.77489
-0.71656
-0.69018
-0.00681
-0.0277
0.723072
-1
-0.77489
-0.71656
2
-0.95925
0.007952
-0.02739
0.281108
-1
-0.77489
-0.71656
-0.95925
0.007952
-0.02739
0.281108
-1
-0.77489
-0.71656
2
-0.75249
-0.02797
0.005595
-0.65798
-1
-0.77489
-0.71656
-0.75249
-0.02797
0.005595
-0.65798
-1
-0.77489
-0.71656
2
-0.69018
-0.00681
-0.0277
0.723072
-1
-0.77489
-0.71656
-0.69018
-0.00681
-0.0277
0.723072
-1
-0.77489
-0.71656
arm
False
False
True
False
False
0.031
0.051001
0.031000
-0.02
0.02
0.02
3
1
18
0
0
0
0
None
7
2
-0.99984
0
0
0.017451
0.629303
-0.19912
-1.00001
-0.99984
0
0
0.017451
0.629303
-0.19912
-1.00001
3
-0.99984
0
0
0.017451
0.629303
-0.19912
-1.00001
-0.99984
0
0
0.017451
0.629303
-0.19912
-1.00001
-0.99984
0
0
0.017451
0.629303
-0.19912
-1.00001
3
-0.99984
0
0
0.017451
0.629303
-0.19912
-1.00001
-0.99984
0
0
0.017451
0.629303
-0.19912
-1.00001
-0.99984
0
0
0.017451
0.629303
-0.19912
-1.00001
3
-0.99984
0
0
0.017451
0.629303
-0.19912
-1.00001
-0.99984
0
0
0.017451
0.629303
-0.19912
-1.00001
-0.99984
0
0
0.017451
0.629303
-0.19912
-1.00001
2
-0.99984
0
0
0.017451
0.629303
-0.19912
-1.00001
-0.99984
0
0
0.017451
0.629303
-0.19912
-1.00001
2
-0.06104
0
0
-0.99813
0.629303
-0.19912
-1.00001
-0.06104
0
0
-0.99813
0.629303
-0.19912
-1.00001
2
-0.99984
0
0
0.017451
0.629303
-0.19912
-1.00001
-0.99984
0
0
0.017451
0.629303
-0.19912
-1.00001
leg
False
False
True
False
False
0.021
0.051002
0.031
-0.02
0.04
-0.04
4
1
19
0
0
0
0
None
7
2
-0.99984
0
0
0.017452
0.879043
0.245956
-1.00004
-0.99984
0
0
0.017452
0.879043
0.245956
-1.00004
3
-0.99984
0
0
0.017452
0.879043
0.245956
-1.00004
-0.99984
0
0
0.017452
0.879043
0.245956
-1.00004
-0.99984
0
0
0.017452
0.879043
0.245956
-1.00004
3
-0.99984
0
0
0.017452
0.879043
0.245956
-1.00004
-0.99984
0
0
0.017452
0.879043
0.245956
-1.00004
-0.99984
0
0
0.017452
0.879043
0.245956
-1.00004
3
-0.99984
0
0
0.017452
0.879043
0.245956
-1.00004
-0.99984
0
0
0.017452
0.879043
0.245956
-1.00004
-0.99984
0
0
0.017452
0.879043
0.245956
-1.00004
2
-0.99984
0
0
0.017452
0.879043
0.245956
-1.00004
-0.99984
0
0
0.017452
0.879043
0.245956
-1.00004
2
-0.06104
0
0
-0.99813
0.879043
0.245956
-1.00004
-0.06104
0
0
-0.99813
0.879043
0.245956
-1.00004
2
-0.99984
0
0
0.017452
0.879043
0.245956
-1.00004
-0.99984
0
0
0.017452
0.879043
0.245956
-1.00004
mask
False
True
False
True
False
0.151
0.101
0.011
0
0
0
2
0
0
-26
-16
0
None
7
2
0
0
0
1
-0.45906
0.397596
1.000001
0
0
0
1
-0.45906
0.397596
1.000001
3
0
0
0
1
-0.45906
0.397596
1.000001
0
0
0
1
-0.45906
0.397596
1.000001
0
0
0
1
-0.45906
0.397596
1.000001
3
0
0
0
1
-0.45906
0.397596
1.000001
0
0
0
1
-0.45906
0.397596
1.000001
0
0
0
1
-0.45906
0.397596
1.000001
3
0
0
0
1
-0.45906
0.397596
1.000001
0
0
0
1
-0.45906
0.397596
1.000001
0
0
0
1
-0.45906
0.397596
1.000001
2
0
0
0
1
-0.45906
0.397596
1.000001
0
0
0
1
-0.45906
0.397596
1.000001
2
0
0
0
1
-0.45906
0.397596
1.000001
0
0
0
1
-0.45906
0.397596
1.000001
2
0
0
0
1
-0.45906
0.397596
1.000001
0
0
0
1
-0.45906
0.397596
1.000001
snout
False
False
False
True
False
0.291
0.031
0.021
0
0
0
2
0
0
-26
-9
0
None
7
2
0
0
0
1
0.009111
-0.81338
1.000003
0
0
0
1
0.009111
-0.81338
1.000003
3
0
0
0
1
0.009111
-0.81338
1.000003
0
0
0
1
0.009111
-0.81338
1.000003
0
0
0
1
0.009111
-0.81338
1.000003
3
0
0
0
1
-0.49774
-0.81026
0.999999
0
0
0
1
-0.49774
-0.81026
0.999999
0
0
0
1
-0.49774
-0.81026
0.999999
3
0
0
0
1
0.009111
-0.81338
1.000003
0
0
0
1
0.009111
-0.81338
1.000003
0
0
0
1
0.009111
-0.81338
1.000003
2
0
0
0
1
-0.00558
-0.84675
1.000005
0
0
0
1
-0.0056
-0.81336
0.999995
2
0
0
0
1
-0.02032
-0.81438
0.999999
0
0
0
1
-0.0203
-0.84758
1.000001
2
0
0
0
1
-0.49774
-0.81026
0.999999
0
0
0
1
-0.49774
-0.81026
0.999999
rim-lower-1
False
True
False
True
False
0.041
0.031
0.151
0
0
0
0
0
0
0
-4
0
None
7
2
0
0
0
1
-1
-0.87035
-0.25157
0
0
0
1
-1
-0.87035
-0.25157
3
0
0
0
1
-1
-0.87035
-0.25157
0
0
0
1
-1
-0.87035
-0.25157
0
0
0
1
-1
-0.87035
-0.25157
3
0
0
0
1
-1
-0.87035
-0.25157
0
0
0
1
-1
-0.87035
-0.25157
0
0
0
1
-1
-0.87035
-0.25157
3
0
0
0
1
-1
-0.87035
-0.25157
0
0
0
1
-1
-0.87035
-0.25157
0
0
0
1
-1
-0.87035
-0.25157
2
0
0
0
1
-1
-0.87035
-0.25157
0
0
0
1
-1
-0.87035
-0.25157
2
0
0
0
1
-1
-0.87035
-0.25157
0
0
0
1
-1
-0.87035
-0.25157
2
0
0
0
1
-1
-0.87035
-0.25157
0
0
0
1
-1
-0.87035
-0.25157
hatch
False
True
False
True
False
0.191
0.101
0.151
0
-0.08
-0.14
0
0
0
0
0
0
None
7
2
-0.46174
0
0
0.88701
-0.37543
0.932856
-0.99999
-0.46174
0
0
0.88701
-0.37543
0.932856
-0.99999
3
-0.46174
0
0
0.88701
-0.37543
0.932856
-0.99999
-0.46174
0
0
0.88701
-0.37543
0.932856
-0.99999
-0.46174
0
0
0.88701
-0.37543
0.932856
-0.99999
3
-0.46174
0
0
0.88701
-0.37543
0.932856
-0.99999
-0.46174
0
0
0.88701
-0.37543
0.932856
-0.99999
-0.46174
0
0
0.88701
-0.37543
0.932856
-0.99999
3
-0.46174
0
0
0.88701
-0.37543
0.932856
-0.99999
-0.46174
0
0
0.88701
-0.37543
0.932856
-0.99999
-0.46174
0
0
0.88701
-0.37543
0.932856
-0.99999
2
-0.46174
0
0
0.88701
-0.37543
0.932856
-0.99999
-0.46174
0
0
0.88701
-0.37543
0.932856
-0.99999
2
-0.46174
0
0
0.88701
-0.37543
0.932856
-0.99999
-0.46174
0
0
0.88701
-0.37543
0.932856
-0.99999
2
-0.46174
0
0
0.88701
-0.37543
0.932856
-0.99999
-0.46174
0
0
0.88701
-0.37543
0.932856
-0.99999
ridge1-1
False
True
False
True
False
0.011
0.151
0.021
0
0
0
0
0
0
0
-4
0
None
7
2
0
0
0
1
-1
-0.2408
0.712617
0
0
0
1
-1
-0.2408
0.712617
3
0
0
0
1
-1
-0.2408
0.712617
0
0
0
1
-1
-0.2408
0.712617
0
0
0
1
-1
-0.2408
0.712617
3
0
0
0
1
-1
-0.2408
0.712617
0
0
0
1
-1
-0.2408
0.712617
0
0
0
1
-1
-0.2408
0.712617
3
0
0
0
1
-1
-0.2408
0.712617
0
0
0
1
-1
-0.2408
0.712617
0
0
0
1
-1
-0.2408
0.712617
2
0
0
0
1
-1
-0.2408
0.712617
0
0
0
1
-1
-0.2408
0.712617
2
0
0
0
1
-1
-0.2408
0.712617
0
0
0
1
-1
-0.2408
0.712617
2
0
0
0
1
-1
-0.2408
0.712617
0
0
0
1
-1
-0.2408
0.712617
ridge3-1
False
True
False
True
False
0.011
0.151
0.021
0
0
0
0
0
0
0
-4
0
None
7
2
0
0
0
1
-1
-0.21944
-0.59199
0
0
0
1
-1
-0.21944
-0.59199
3
0
0
0
1
-1
-0.21944
-0.59199
0
0
0
1
-1
-0.21944
-0.59199
0
0
0
1
-1
-0.21944
-0.59199
3
0
0
0
1
-1
-0.21944
-0.59199
0
0
0
1
-1
-0.21944
-0.59199
0
0
0
1
-1
-0.21944
-0.59199
3
0
0
0
1
-1
-0.21944
-0.59199
0
0
0
1
-1
-0.21944
-0.59199
0
0
0
1
-1
-0.21944
-0.59199
2
0
0
0
1
-1
-0.21944
-0.59199
0
0
0
1
-1
-0.21944
-0.59199
2
0
0
0
1
-1
-0.21944
-0.59199
0
0
0
1
-1
-0.21944
-0.59199
2
0
0
0
1
-1
-0.21944
-0.59199
0
0
0
1
-1
-0.21944
-0.59199
rimLower2
False
True
False
True
False
0.011
0.021
0.171
0
0
0
0
0
-24
10
5
0
None
7
2
0
0
0
1
-1
-0.78725
-0.22977
0
0
0
1
-1
-0.78725
-0.22977
3
0
0
0
1
-1
-0.78725
-0.22977
0
0
0
1
-1
-0.78725
-0.22977
0
0
0
1
-1
-0.78725
-0.22977
3
0
0
0
1
-1
-0.78725
-0.22977
0
0
0
1
-1
-0.78725
-0.22977
0
0
0
1
-1
-0.78725
-0.22977
3
0
0
0
1
-1
-0.78725
-0.22977
0
0
0
1
-1
-0.78725
-0.22977
0
0
0
1
-1
-0.78725
-0.22977
2
0
0
0
1
-1
-0.78725
-0.22977
0
0
0
1
-1
-0.78725
-0.22977
2
0
0
0
1
-1
-0.78725
-0.22977
0
0
0
1
-1
-0.78725
-0.22977
2
0
0
0
1
-1
-0.78725
-0.22977
0
0
0
1
-1
-0.78725
-0.22977
ridge2-1
False
True
False
True
False
0.011
0.171
0.021
0
0
0
0
0
0
0
-4
0
None
7
2
0
0
0
1
-0.99999
-0.29146
0.056571
0
0
0
1
-0.99999
-0.29146
0.056571
3
0
0
0
1
-0.99999
-0.29146
0.056571
0
0
0
1
-0.99999
-0.29146
0.056571
0
0
0
1
-0.99999
-0.29146
0.056571
3
0
0
0
1
-0.99999
-0.29146
0.056571
0
0
0
1
-0.99999
-0.29146
0.056571
0
0
0
1
-0.99999
-0.29146
0.056571
3
0
0
0
1
-0.99999
-0.29146
0.056571
0
0
0
1
-0.99999
-0.29146
0.056571
0
0
0
1
-0.99999
-0.29146
0.056571
2
0
0
0
1
-0.99999
-0.29146
0.056571
0
0
0
1
-0.99999
-0.29146
0.056571
2
0
0
0
1
-0.99999
-0.29146
0.056571
0
0
0
1
-0.99999
-0.29146
0.056571
2
0
0
0
1
-0.99999
-0.29146
0.056571
0
0
0
1
-0.99999
-0.29146
0.056571
sticker
False
False
False
True
False
0.011
0.070997
0.061
0
0
0
0
0
0
-30
4
0
None
7
2
0
0
0
1
-1
0.140654
-0.2454
0
0
0
1
-1
0.140654
-0.2454
3
0
0
0
1
-1
0.140654
-0.2454
0
0
0
1
-1
0.140654
-0.2454
0
0
0
1
-1
0.140654
-0.2454
3
0
0
0
1
-1
0.140654
-0.2454
0
0
0
1
-1
0.140654
-0.2454
0
0
0
1
-1
0.140654
-0.2454
3
0
0
0
1
-1
0.140654
-0.2454
0
0
0
1
-1
0.140654
-0.2454
0
0
0
1
-1
0.140654
-0.2454
2
0
0
0
1
-1
0.140654
-0.2454
0
0
0
1
-1
0.140654
-0.2454
2
0
0
0
1
-1
0.140654
-0.2454
0
0
0
1
-1
0.140654
-0.2454
2
0
0
0
1
-1
0.140654
-0.2454
0
0
0
1
-1
0.140654
-0.2454
ear
False
True
False
True
False
0.031
0.091
0.011
-0.08
0
0
2
0
0
-26
-9
0
None
7
2
0.044889
-0.29976
0.013088
0.952866
-0.90751
0.312549
1.000003
0.044889
-0.29976
0.013088
0.952866
-0.90751
0.312549
1.000003
3
0.044889
-0.29976
0.013088
0.952866
-0.90751
0.312549
1.000003
0.044889
-0.29976
0.013088
0.952866
-0.90751
0.312549
1.000003
0.044889
-0.29976
0.013088
0.952866
-0.90751
0.312549
1.000003
3
0.044889
-0.29976
0.013088
0.952866
-0.90751
0.312549
1.000003
0.044889
-0.29976
0.013088
0.952866
-0.90751
0.312549
1.000003
0.044889
-0.29976
0.013088
0.952866
-0.90751
0.312549
1.000003
3
0.044889
-0.29976
0.013088
0.952866
-0.90751
0.312549
1.000003
0.044889
-0.29976
0.013088
0.952866
-0.90751
0.312549
1.000003
0.044889
-0.29976
0.013088
0.952866
-0.90751
0.312549
1.000003
2
0.044889
-0.29976
0.013088
0.952866
-0.90751
0.312549
1.000003
0.044889
-0.29976
0.013088
0.952866
-0.90751
0.312549
1.000003
2
0.044889
-0.29976
0.013088
0.952866
-0.90751
0.312549
1.000003
0.044889
-0.29976
0.013088
0.952866
-0.90751
0.312549
1.000003
2
0.044889
-0.29976
0.013088
0.952866
-0.90751
0.312549
1.000003
0.044889
-0.29976
0.013088
0.952866
-0.90751
0.312549
1.000003
eyes
True
True
False
False
False
0.05
0
0.05
0
0
0.03
2
0
0
0
0
0
RegularEye
7
2
0
0
0
1
-0.75948
0.358225
1.000003
0
0
0
1
-0.75948
0.358225
1.000003
3
0
0
0
1
-0.75948
0.358225
1.000003
0
0
0
1
-0.75948
0.358225
1.000003
0
0
0
1
-0.75948
0.358225
1.000003
3
0
0
0
1
-0.75948
0.358225
1.000003
0
0
0
1
-0.75948
0.358225
1.000003
0
0
0
1
-0.75948
0.358225
1.000003
3
0
0
0
1
-0.75948
0.358225
1.000003
0
0
0
1
-0.75948
0.358225
1.000003
0
0
0
1
-0.75948
0.358225
1.000003
2
0
0
0
1
-0.75948
0.358225
1.000003
0
0
0
1
-0.75948
0.358225
1.000003
2
-0.99904
0
0
0.043619
-0.75948
0.358225
1.000003
-0.99904
0
0
0.043619
-0.75948
0.358225
1.000003
2
0
0
0
1
-0.75948
0.358225
1.000003
0
0
0
1
-0.75948
0.358225
1.000003
hand
False
False
False
False
False
0.021
0.031000
0.031000
0
0
0
5
1
20
0
0
0
0
None
7
2
-0.7071
0
0
-0.7071
-0.35889
1.000019
-0.01257
-0.7071
0
0
-0.7071
-0.35889
1.000019
-0.01257
3
-0.7071
0
0
-0.7071
-0.35889
1.000019
-0.01257
-0.7071
0
0
-0.7071
-0.35889
1.000019
-0.01257
-0.7071
0
0
-0.7071
-0.35889
1.000019
-0.01257
3
-0.7071
0
0
-0.7071
-0.35889
1.000019
-0.01257
-0.7071
0
0
-0.7071
-0.35889
1.000019
-0.01257
-0.7071
0
0
-0.7071
-0.35889
1.000019
-0.01257
3
-0.7071
0
0
-0.7071
-0.35889
1.000019
-0.01257
-0.7071
0
0
-0.7071
-0.35889
1.000019
-0.01257
-0.7071
0
0
-0.7071
-0.35889
1.000019
-0.01257
2
-0.7071
0
0
-0.7071
-0.35889
1.000019
-0.01257
-0.7071
0
0
-0.7071
-0.35889
1.000019
-0.01257
2
0.67559
0
0
-0.73727
-0.35889
1.000019
-0.01257
0.67559
0
0
-0.73727
-0.35889
1.000019
-0.01257
2
-0.7071
0
0
-0.7071
-0.35889
1.000019
-0.01257
-0.7071
0
0
-0.7071
-0.35889
1.000019
-0.01257
foot
False
False
False
False
False
0.031
0.031000
0.031000
0
0
0
6
1
22
0
0
0
0
None
7
2
-0.7071
0
0
-0.7071
0
1.000008
-0.09163
-0.7071
0
0
-0.7071
0
1.000008
-0.09163
3
-0.7071
0
0
-0.7071
0
1.000008
-0.09163
-0.7071
0
0
-0.7071
0
1.000008
-0.09163
-0.7071
0
0
-0.7071
0
1.000008
-0.09163
3
-0.7071
0
0
-0.7071
0
1.000008
-0.09163
-0.7071
0
0
-0.7071
0
1.000008
-0.09163
-0.7071
0
0
-0.7071
0
1.000008
-0.09163
3
-0.7071
0
0
-0.7071
0
1.000008
-0.09163
-0.7071
0
0
-0.7071
0
1.000008
-0.09163
-0.7071
0
0
-0.7071
0
1.000008
-0.09163
2
-0.08715
0
0
-0.99619
0
1.000008
-0.09163
-0.08715
0
0
-0.99619
0
1.000008
-0.09163
2
0.67559
0
0
-0.73727
0
1.000008
-0.09163
0.67559
0
0
-0.73727
0
1.000008
-0.09163
2
-0.7071
0
0
-0.7071
0
1.000008
-0.09163
-0.7071
0
0
-0.7071
0
1.000008
-0.09163
tire-front
False
False
False
False
False
0.031
0.111
0.111
-0.02
-0.02
0
18
1
21
0
-26
-14
0
None
7
2
0
0
0
1
-0.99992
-0.11077
0.085646
0
0
0
1
-0.99992
-0.11077
0.085646
3
0
0
0
1
-0.99992
-0.11077
0.085646
0
0
0
1
-0.99992
-0.11077
0.085646
0
0
0
1
-0.99992
-0.11077
0.085646
3
0
0
0
1
-0.99992
-0.11077
0.085646
0
0
0
1
-0.99992
-0.11077
0.085646
0
0
0
1
-0.99992
-0.11077
0.085646
3
0
0
0
1
-0.99992
-0.11077
0.085646
0
0
0
1
-0.99992
-0.11077
0.085646
0
0
0
1
-0.99992
-0.11077
0.085646
2
0
0
0
1
-0.99992
-0.11077
0.085646
0
0
0
1
-0.99992
-0.11077
0.085646
2
-0.99904
0
0
0.043619
-0.99992
-0.11077
0.085646
-0.99904
0
0
0.043619
-0.99992
-0.11077
0.085646
2
0
0
0
1
-0.99992
-0.11077
0.085646
0
0
0
1
-0.99992
-0.11077
0.085646
hubfront
False
False
False
False
False
0.001
0.051
0.051
0
0
0
20
0
0
-30
4
0
None
7
2
0
0
0
1
-0.99999
0.056869
0.012642
0
0
0
1
-0.99999
0.056869
0.012642
3
0
0
0
1
-0.99999
0.056869
0.012642
0
0
0
1
-0.99999
0.056869
0.012642
0
0
0
1
-0.99999
0.056869
0.012642
3
0
0
0
1
-0.99999
0.056869
0.012642
0
0
0
1
-0.99999
0.056869
0.012642
0
0
0
1
-0.99999
0.056869
0.012642
3
0
0
0
1
-0.99999
0.056869
0.012642
0
0
0
1
-0.99999
0.056869
0.012642
0
0
0
1
-0.99999
0.056869
0.012642
2
0
0
0
1
-0.99999
0.056869
0.012642
0
0
0
1
-0.99999
0.056869
0.012642
2
-0.99904
0
0
0.043619
-0.99999
0.056869
0.012642
-0.99904
0
0
0.043619
-0.99999
0.056869
0.012642
2
0
0
0
1
-0.99999
0.056869
0.012642
0
0
0
1
-0.99999
0.056869
0.012642
tire-rear
False
False
False
False
False
0.041
0.121
0.121
0
-0.02
0
19
1
23
0
-26
-14
0
None
7
2
0
0
0
1
-0.99994
0.123505
-0.19852
0
0
0
1
-0.99994
0.123505
-0.19852
3
0
0
0
1
-0.99994
0.123505
-0.19852
0
0
0
1
-0.99994
0.123505
-0.19852
0
0
0
1
-0.99994
0.123505
-0.19852
3
0
0
0
1
-0.99994
0.123505
-0.19852
0
0
0
1
-0.99994
0.123505
-0.19852
0
0
0
1
-0.99994
0.123505
-0.19852
3
0
0
0
1
-0.99994
0.123505
-0.19852
0
0
0
1
-0.99994
0.123505
-0.19852
0
0
0
1
-0.99994
0.123505
-0.19852
2
-0.13052
0
0
0.991444
-0.99994
0.123505
-0.19852
-0.13052
0
0
0.991444
-0.99994
0.123505
-0.19852
2
-0.99904
0
0
0.043619
-0.99994
0.123505
-0.19852
-0.99904
0
0
0.043619
-0.99994
0.123505
-0.19852
2
0
0
0
1
-0.99994
0.123505
-0.19852
0
0
0
1
-0.99994
0.123505
-0.19852
hubrear
False
False
False
False
False
0.011
0.051
0.051
0
0
0
22
0
0
-30
4
0
None
7
2
0
0
0
1
-0.99999
0
0.036214
0
0
0
1
-0.99999
0
0.036214
3
0
0
0
1
-0.99999
0
0.036214
0
0
0
1
-0.99999
0
0.036214
0
0
0
1
-0.99999
0
0.036214
3
0
0
0
1
-0.99999
0
0.036214
0
0
0
1
-0.99999
0
0.036214
0
0
0
1
-0.99999
0
0.036214
3
0
0
0
1
-0.99999
0
0.036214
0
0
0
1
-0.99999
0
0.036214
0
0
0
1
-0.99999
0
0.036214
2
0
0
0
1
-0.99999
0
0.036214
0
0
0
1
-0.99999
0
0.036214
2
-0.99904
0
0
0.043619
-0.99999
0
0.036214
-0.99904
0
0
0.043619
-0.99999
0
0.036214
2
0
0
0
1
-0.99999
0
0.036214
0
0
0
1
-0.99999
0
0.036214
rim-lower-3
False
True
False
True
False
0.041
0.031
0.151
0
0
0
0
0
0
0
-4
0
None
7
2
0
0
0
1
-0.99999
-0.85868
0.264941
0
0
0
1
-0.99999
-0.85868
0.264941
3
0
0
0
1
-0.99999
-0.85868
0.264941
0
0
0
1
-0.99999
-0.85868
0.264941
0
0
0
1
-0.99999
-0.85868
0.264941
3
0
0
0
1
-0.99999
-0.85868
0.264941
0
0
0
1
-0.99999
-0.85868
0.264941
0
0
0
1
-0.99999
-0.85868
0.264941
3
0
0
0
1
-0.99999
-0.85868
0.264941
0
0
0
1
-0.99999
-0.85868
0.264941
0
0
0
1
-0.99999
-0.85868
0.264941
2
0
0
0
1
-0.99999
-0.85868
0.264941
0
0
0
1
-0.99999
-0.85868
0.264941
2
0
0
0
1
-0.99999
-0.85868
0.264941
0
0
0
1
-0.99999
-0.85868
0.264941
2
0
0
0
1
-0.99999
-0.85868
0.264941
0
0
0
1
-0.99999
-0.85868
0.264941
ridge1-2
False
True
False
True
False
0.011
0.141
0.021
0
0
0
0
0
0
0
-4
0
None
7
2
0
0
0
1
-1
0.379879
0.722246
0
0
0
1
-1
0.379879
0.722246
3
0
0
0
1
-1
0.379879
0.722246
0
0
0
1
-1
0.379879
0.722246
0
0
0
1
-1
0.379879
0.722246
3
0
0
0
1
-1
0.379879
0.722246
0
0
0
1
-1
0.379879
0.722246
0
0
0
1
-1
0.379879
0.722246
3
0
0
0
1
-1
0.379879
0.722246
0
0
0
1
-1
0.379879
0.722246
0
0
0
1
-1
0.379879
0.722246
2
0
0
0
1
-1
0.379879
0.722246
0
0
0
1
-1
0.379879
0.722246
2
0
0
0
1
-1
0.379879
0.722246
0
0
0
1
-1
0.379879
0.722246
2
0
0
0
1
-1
0.379879
0.722246
0
0
0
1
-1
0.379879
0.722246
ridge2-2
False
True
False
True
False
0.011
0.141
0.021
0
0
0
0
0
0
0
-4
0
None
7
2
0
0
0
1
-1
0.387391
0.059168
0
0
0
1
-1
0.387391
0.059168
3
0
0
0
1
-1
0.387391
0.059168
0
0
0
1
-1
0.387391
0.059168
0
0
0
1
-1
0.387391
0.059168
3
0
0
0
1
-1
0.387391
0.059168
0
0
0
1
-1
0.387391
0.059168
0
0
0
1
-1
0.387391
0.059168
3
0
0
0
1
-1
0.387391
0.059168
0
0
0
1
-1
0.387391
0.059168
0
0
0
1
-1
0.387391
0.059168
2
0
0
0
1
-1
0.387391
0.059168
0
0
0
1
-1
0.387391
0.059168
2
0
0
0
1
-1
0.387391
0.059168
0
0
0
1
-1
0.387391
0.059168
2
0
0
0
1
-1
0.387391
0.059168
0
0
0
1
-1
0.387391
0.059168
ridge3-2
False
True
False
True
False
0.011
0.121
0.021
0
0
0
0
0
0
0
-4
0
None
7
2
0
0
0
1
-1
0.401396
-0.60208
0
0
0
1
-1
0.401396
-0.60208
3
0
0
0
1
-1
0.401396
-0.60208
0
0
0
1
-1
0.401396
-0.60208
0
0
0
1
-1
0.401396
-0.60208
3
0
0
0
1
-1
0.401396
-0.60208
0
0
0
1
-1
0.401396
-0.60208
0
0
0
1
-1
0.401396
-0.60208
3
0
0
0
1
-1
0.401396
-0.60208
0
0
0
1
-1
0.401396
-0.60208
0
0
0
1
-1
0.401396
-0.60208
2
0
0
0
1
-1
0.401396
-0.60208
0
0
0
1
-1
0.401396
-0.60208
2
0
0
0
1
-1
0.401396
-0.60208
0
0
0
1
-1
0.401396
-0.60208
2
0
0
0
1
-1
0.401396
-0.60208
0
0
0
1
-1
0.401396
-0.60208
