30
0.336203
0.639215
0.721568
0.113725
perk_dash
false
0.010099
slimey
lizard
lagartixa
viscoso
lagarto
геккон
слизистый
ящерица
tokek
berlendir
kadal
geco
fangoso
lagarto
ตุ๊กแก
เมือก
จิ้งจก
viscosa
слизистая
fangosa
M
F
M
слизистое
false
Scales
Uncooked Meat
Bones
?
?
19
torso
False
False
False
False
False
0.181
0.111
0.371
0
0
0
-1
4
1
4
5
17
0
0
0
0
None
7
2
-0.00872
0
0
0.999962
0
0
0
0.034899
0
0
0.99939
0
0
0
3
0.078459
0
0
0.996917
0
0
0
-0.09584
0
0
0.995396
0
0
0
0.034899
0
0
0.99939
0
0
0
3
0.034639
0.121795
0.004253
0.991941
0
0
0
-0.05233
0
0
0.998629
0
0
0
0.034559
-0.13908
-0.00485
0.989664
0
0
0
3
0.121869
0
0
0.992546
0
0
0
-0.18223
0
0
0.983254
0
0
0.46
-0.05233
0
0
0.998629
0
0
0.44
2
-0.30901
0
0
0.951056
0
0.12
0.4
-0.3502
0
0
0.936672
0
0.12
0.4
2
-0.99939
0
0
0.034899
0
-0.33999
-0.48
-0.99939
0
0
0.034899
0
-0.36
-0.48
2
-0.30901
0
0
0.951056
0
0
0
-0.39073
0
0
0.920504
0
0
0
neck
False
False
False
True
False
0.171
0.111
0.141
0
0
0.02
0
1
2
0
0
0
0
None
7
2
-0.25881
0
0
0.965925
0
0.069434
0.999998
-0.3007
0
0
0.953716
0
0.069434
0.999998
3
-0.25881
0
0
0.965925
0
0.069434
0.999998
-0.25881
0
0
0.965925
0
0.069434
0.999998
-0.25881
0
0
0.965925
0
0.069434
0.999998
3
-0.25881
0
0
0.965925
0
0.451037
1.000001
-0.25881
0
0
0.965925
0
0.451037
1.000001
-0.25881
0
0
0.965925
0
0.451037
1.000001
3
-0.25881
0
0
0.965925
0
0.069434
0.999998
-0.25881
0
0
0.965925
0
0.069434
0.999998
-0.25881
0
0
0.965925
0
0.069434
0.999998
2
-0.5
0
0
0.866025
0
0.069434
0.999998
-0.5
0
0
0.866025
0
0.069434
0.999998
2
0.087155
0
0
0.996194
0
0.069434
0.999998
0.087155
0
0
0.996194
0
0.069434
0.999998
2
-0.25881
0
0
0.965925
0
0.451037
1.000001
-0.17364
0
0
0.984807
0
-0.37132
1.000003
head
False
False
False
False
False
0.181
0.080999
0.141
0
0.02
0.04
1
3
3
13
15
0
0
0
0
None
7
2
0.052335
0
0
0.998629
0
-0.15313
0.999996
0.052335
0
0
0.998629
0
-0.15313
0.999996
3
0.052335
0
0
0.998629
0
-0.15313
0.999996
0.052335
0
0
0.998629
0
-0.15313
0.999996
0.052335
0
0
0.998629
0
-0.15313
0.999996
3
-0.03489
0
0
0.99939
0
0.36227
0.999999
-0.03489
0
0
0.99939
0
0.36227
0.999999
-0.03489
0
0
0.99939
0
0.36227
0.999999
3
0.390731
0
0
0.920504
0
-0.15313
0.999996
-0.03489
0
0
0.99939
0
-0.15313
0.999996
0.139173
0
0
0.990268
0
-0.15313
0.999996
2
0.182235
0
0
0.983254
0
-0.15313
0.999996
0.182235
0
0
0.983254
0
-0.15313
0.999996
2
-0.99539
0
0
0.095845
0
-0.15313
0.999996
-0.99539
0
0
0.095845
0
-0.15313
0.999996
2
-0.03489
0
0
0.99939
0
0.36227
0.999999
-0.03489
0
0
0.99939
0
0.36227
0.999999
eyes
True
True
False
True
False
0.07
0.069999
0.05
0
0
0.01
2
0
0
0
0
0
BlackEye
7
2
-0.04128
-0.12975
-0.01627
0.990552
-1
0.527391
0.958795
-0.04128
-0.12975
-0.01627
0.990552
-1
0.527391
0.958795
3
-0.04128
-0.12975
-0.01627
0.990552
-1
0.527391
0.958795
-0.04128
-0.12975
-0.01627
0.990552
-1
0.527391
0.958795
-0.04128
-0.12975
-0.01627
0.990552
-1
0.527391
0.958795
3
0.002425
-0.08697
-0.0105
0.996152
-0.83142
0.394729
0.999998
0.002425
-0.08697
-0.0105
0.996152
-0.83142
0.394729
0.999998
0.002425
-0.08697
-0.0105
0.996152
-0.83142
0.394729
0.999998
3
-0.04128
-0.12975
-0.01627
0.990552
-1
0.527391
0.958795
-0.04128
-0.12975
-0.01627
0.990552
-1
0.527391
0.958795
-0.04128
-0.12975
-0.01627
0.990552
-1
0.527391
0.958795
2
-0.04128
-0.12975
-0.01627
0.990552
-1
0.527391
0.958795
-0.04128
-0.12975
-0.01627
0.990552
-1
0.527391
0.958795
2
-0.04128
-0.12975
-0.01627
0.990552
-1
0.527391
0.958795
-0.04128
-0.12975
-0.01627
0.990552
-1
0.527391
0.958795
2
0.002425
-0.08697
-0.0105
0.996152
-0.83142
0.394729
0.999998
0.002425
-0.08697
-0.0105
0.996152
-0.83142
0.394729
0.999998
shoulder
False
True
True
False
False
0.051
0.051
0.091000
0
0
-0.06
0
1
6
0
0
0
0
None
7
2
-0.42698
0.32074
-0.45806
0.710624
-1
-0.06203
0.835296
-0.42698
0.32074
-0.45806
0.710624
-1
-0.06203
0.835296
3
-0.21261
0.216193
-0.55098
0.777478
-1
-0.06203
0.835296
-0.58709
0.581896
-0.3456
0.444162
-1
-0.06203
0.835296
-0.80441
0.550697
-0.0971
0.200562
-1
-0.06203
0.835296
3
-0.5654
0.408967
-0.38136
0.60632
-1
-0.41667
0.617693
-0.3761
0.441154
-0.51172
0.634084
-0.99999
-0.05082
0.636013
-0.51562
0.092897
-0.34002
0.780951
-0.99999
-0.44065
0.506676
3
-0.12769
0.333791
-0.66191
0.658898
-1
-0.06203
0.835296
-0.61595
0.591221
-0.43235
0.290034
-1
-0.06203
0.835296
-0.59025
-0.04363
-0.20914
0.778432
-1
-0.06203
0.835296
2
-0.5514
-0.23506
-0.08123
0.796305
-1
-0.31975
0.414056
-0.5514
-0.23506
-0.08123
0.796305
-1
-0.31975
0.414056
2
-0.72857
-0.44363
-0.34041
-0.39558
-1
-0.06203
0.835296
-0.72857
-0.44363
-0.34041
-0.39558
-1
-0.06203
0.835296
2
0.183201
0.775788
-0.59881
0.077543
-0.99999
0.63483
0.604177
0.19893
0.487579
-0.85011
0.001532
-0.85325
1
0.363079
hip
False
True
False
False
False
0.051000
0.051000
0.071000
0
0
-0.04
0
1
8
0
0
0
0
None
7
2
-0.41449
0.146709
-0.46138
0.770579
-1
-0.13506
-0.7854
-0.41449
0.146709
-0.46138
0.770579
-1
-0.13506
-0.7854
3
-0.78329
0.33322
-0.31281
0.421369
-1
-0.13506
-0.7854
-0.41449
0.146709
-0.46138
0.770579
-1
-0.13506
-0.7854
-0.41449
0.146709
-0.46138
0.770579
-1
-0.13506
-0.7854
3
-0.54891
-0.10669
-0.15818
0.813805
-1
-0.84501
-0.64667
-0.54891
-0.10669
-0.15818
0.813805
-1
-0.43476
-0.51593
-0.44564
-0.12518
-0.144
0.874636
-0.89287
-0.99999
-0.56491
3
-0.51978
-0.05773
-0.33838
0.782294
-1
-0.13506
-0.7854
-0.41449
0.146709
-0.46138
0.770579
-1
-0.13506
-0.7854
-0.41449
0.146709
-0.46138
0.770579
-1
-0.13506
-0.7854
2
-0.81284
0.408959
-0.25913
0.323866
-1
-0.13506
-0.7854
-0.81284
0.408959
-0.25913
0.323866
-1
-0.13506
-0.7854
2
-0.78792
-0.45454
-0.16669
-0.38048
-1
-0.13506
-0.7854
-0.78792
-0.45454
-0.16669
-0.38048
-1
-0.13506
-0.7854
2
-0.54891
-0.10669
-0.15818
0.813805
-1
-0.28137
-0.71995
-0.54891
-0.10669
-0.15818
0.813805
-1
-0.28137
-0.71995
arm
False
False
True
False
False
0.051
0.061
0.121
0
0
-0.14
4
1
7
0
-7
2
0
None
7
2
-0.69465
0
0
0.719339
-0.99998
0
-0.68254
-0.69465
0
0
0.719339
-0.99998
0
-0.68254
3
-0.40673
0
0
0.913545
-0.99998
0
-0.68254
-0.80901
0
0
0.587785
-0.99998
0
-0.68254
-0.91706
0
0
0.398748
-0.99998
0
-0.68254
3
-0.67536
-0.09491
-0.10178
0.724236
-0.85815
0
-0.99999
-0.69465
0
0
0.719339
-0.85815
0
-0.99999
-0.64484
-0.2381
0.222037
0.691508
-0.19778
0.010947
-0.99999
3
-0.69465
0
0
0.719339
-0.99998
0
-0.68254
-0.94551
0
0
-0.32556
-0.99998
0
-0.68254
-0.69465
0
0
0.719339
-0.99998
0
-0.68254
2
-0.6144
-0.1682
0.13621
0.758724
-0.6972
-1
-0.76921
-0.6144
-0.1682
0.13621
0.758724
-0.6972
-1
-0.76921
2
-0.74895
0
0
-0.66262
-0.99998
0
-0.68254
-0.74895
0
0
-0.66262
-0.99998
0
-0.68254
2
-0.69482
0.17979
0.186178
-0.67098
-0.85815
0
-0.99999
-0.1843
0.040488
0.255632
-0.94817
-0.85815
0
-0.99999
hand
False
False
True
False
False
0.041
0.041
0.061
0
-0.02
0
6
3
10
11
12
-8
-6
3
0
None
7
2
0
-0.10452
0
0.994522
-0.00891
-0.20201
-1
0
-0.10452
0
0.994522
-0.00891
-0.20201
-1
3
0
-0.10452
0
0.994522
-0.00891
-0.20201
-1
0
-0.10452
0
0.994522
-0.00891
-0.20201
-1
0
-0.10452
0
0.994522
-0.00891
-0.20201
-1
3
0.017386
-0.29232
-0.00152
0.956159
-0.00891
-0.20201
-1
0
-0.10452
0
0.994522
-0.00891
-0.20201
-1
0
-0.10452
0
0.994522
-0.00891
-0.20201
-1
3
0
-0.10452
0
0.994522
-0.00891
-0.20201
-1
0
-0.10452
0
0.994522
-0.00891
-0.20201
-1
0
-0.10452
0
0.994522
-0.00891
-0.20201
-1
2
0
-0.10452
0
0.994522
-0.00891
-0.20201
-1
0
-0.10452
0
0.994522
-0.00891
-0.20201
-1
2
-0.99357
-0.00455
0.104429
0.04338
-0.00891
-0.20201
-1
-0.99357
-0.00455
0.104429
0.04338
-0.00891
-0.20201
-1
2
-0.12547
0.728993
-0.22636
0.633704
-0.00891
-0.20201
-1
-0.12547
0.728993
-0.22636
0.633704
-0.00891
-0.20201
-1
leg
False
False
False
False
False
0.051
0.061
0.131
0.02
0
-0.14
5
1
9
0
-7
2
0
None
7
2
-0.66149
-0.12424
-0.16172
0.721684
-0.95869
0.089597
-0.99999
-0.66149
-0.12424
-0.16172
0.721684
-0.95869
0.089597
-0.99999
3
-0.82574
-0.07814
-0.18837
0.525884
-0.95869
0.089597
-0.99999
-0.56093
0
-0.2515
0.788732
-0.95869
0.089597
-0.99999
-0.42371
-0.09183
-0.23077
0.871074
-0.95869
0.089597
-0.99999
3
-0.92814
0.042922
-0.18591
0.319586
-0.80081
0.639397
-1
-0.96173
0.100321
-0.16575
0.193726
-0.80081
0.639397
-1
-0.87683
-0.09169
0.030827
0.470963
-0.80081
0.639397
-1
3
-0.66149
-0.12424
-0.16172
0.721684
-0.95869
0.089597
-0.99999
-0.45217
-0.16186
-0.12405
0.868302
-0.95869
0.089597
-0.99999
-0.52613
-0.15043
-0.13769
0.825588
-0.95869
0.089597
-0.99999
2
-0.96413
0
-0.20393
0.169855
-0.95869
0.089597
-0.99999
-0.96413
0
-0.20393
0.169855
-0.95869
0.089597
-0.99999
2
-0.74985
-0.16699
0.117067
-0.62939
-0.95869
0.089597
-0.99999
-0.74985
-0.16699
0.117067
-0.62939
-0.95869
0.089597
-0.99999
2
-0.9436
0.052594
-0.18341
0.270573
-0.80081
0.639397
-1
-0.9436
0.052594
-0.18341
0.270573
-0.80081
0.639397
-1
foot
False
False
False
False
False
0.071
0.031
0.091000
0
0
0
8
0
-8
-6
3
0
None
7
2
0
-0.16504
0
0.986285
0.18935
-0.39721
-1.00001
0
-0.16504
0
0.986285
0.18935
-0.39721
-1.00001
3
0
-0.16504
0
0.986285
0.18935
-0.39721
-1.00001
0
-0.16504
0
0.986285
0.18935
-0.39721
-1.00001
0
-0.16504
0
0.986285
0.18935
-0.39721
-1.00001
3
0
-0.29237
0
0.956304
-0.07332
0
-0.99999
0
-0.29237
0
0.956304
-0.07332
0
-0.99999
0
-0.29237
0
0.956304
-0.07332
0
-0.99999
3
0
-0.16504
0
0.986285
0.18935
-0.39721
-1.00001
0
-0.16504
0
0.986285
0.18935
-0.39721
-1.00001
0
-0.16504
0
0.986285
0.18935
-0.39721
-1.00001
2
-0.56571
-0.13519
-0.09466
0.807917
0.18935
-0.39721
-1.00001
-0.56571
-0.13519
-0.09466
0.807917
0.18935
-0.39721
-1.00001
2
-0.98534
-0.00719
0.16489
0.043021
0.18935
-0.39721
-1.00001
-0.98534
-0.00719
0.16489
0.043021
0.18935
-0.39721
-1.00001
2
0
-0.29237
0
0.956304
-0.07332
0
-0.99999
0
-0.29237
0
0.956304
-0.07332
0
-0.99999
finger
False
False
True
True
False
0.031
0.021
0.090999
0
0
0
7
0
-8
-6
3
0
None
7
2
0
0
0
1
0
-0.34347
0.99999
0
0
0
1
0
-0.34347
0.99999
3
0
0
0
1
0
-0.34347
0.99999
0
0
0
1
0
-0.34347
0.99999
0
0
0
1
0
-0.34347
0.99999
3
0
0
0
1
0
-0.34347
0.99999
0
0
0
1
0
-0.34347
0.99999
0
0
0
1
0
-0.34347
0.99999
3
0
0
0
1
0
-0.34347
0.99999
0
0
0
1
0
-0.34347
0.99999
0
0
0
1
0
-0.34347
0.99999
2
0
0
0
1
0
-0.34347
0.99999
0
0
0
1
0
-0.34347
0.99999
2
0
0
0
1
0
-0.34347
0.99999
0
0
0
1
0
-0.34347
0.99999
2
0
0
0
1
0
-0.34347
0.99999
0
0
0
1
0
-0.34347
0.99999
finger2
False
False
True
True
False
0.031
0.021
0.061
0
0
0.04
7
0
-8
-6
3
0
None
7
2
0
-0.55919
0
0.829037
-1
-0.38483
0.231221
0
-0.55919
0
0.829037
-1
-0.38483
0.231221
3
0
-0.55919
0
0.829037
-1
-0.38483
0.231221
0
-0.55919
0
0.829037
-1
-0.38483
0.231221
0
-0.55919
0
0.829037
-1
-0.38483
0.231221
3
0
-0.55919
0
0.829037
-1
-0.38483
0.231221
0
-0.55919
0
0.829037
-1
-0.38483
0.231221
0
-0.55919
0
0.829037
-1
-0.38483
0.231221
3
0
-0.55919
0
0.829037
-1
-0.38483
0.231221
0
-0.55919
0
0.829037
-1
-0.38483
0.231221
0
-0.55919
0
0.829037
-1
-0.38483
0.231221
2
0
-0.55919
0
0.829037
-1
-0.38483
0.231221
0
-0.55919
0
0.829037
-1
-0.38483
0.231221
2
0
-0.55919
0
0.829037
-1
-0.38483
0.231221
0
-0.55919
0
0.829037
-1
-0.38483
0.231221
2
0
-0.55919
0
0.829037
-1
-0.38483
0.231221
0
-0.55919
0
0.829037
-1
-0.38483
0.231221
finger3
False
False
True
True
False
0.031
0.021
0.070999
0
0
0.04
7
0
-8
-6
3
0
None
7
2
-0.0174
0.4694
-0.00121
0.882813
1.000018
-0.56224
0.180173
-0.0174
0.4694
-0.00121
0.882813
1.000018
-0.56224
0.180173
3
-0.0174
0.4694
-0.00121
0.882813
1.000018
-0.56224
0.180173
-0.0174
0.4694
-0.00121
0.882813
1.000018
-0.56224
0.180173
-0.0174
0.4694
-0.00121
0.882813
1.000018
-0.56224
0.180173
3
-0.0174
0.4694
-0.00121
0.882813
1.000018
-0.56224
0.180173
-0.0174
0.4694
-0.00121
0.882813
1.000018
-0.56224
0.180173
-0.0174
0.4694
-0.00121
0.882813
1.000018
-0.56224
0.180173
3
-0.0174
0.4694
-0.00121
0.882813
1.000018
-0.56224
0.180173
-0.0174
0.4694
-0.00121
0.882813
1.000018
-0.56224
0.180173
-0.0174
0.4694
-0.00121
0.882813
1.000018
-0.56224
0.180173
2
-0.0174
0.4694
-0.00121
0.882813
1.000018
-0.56224
0.180173
-0.0174
0.4694
-0.00121
0.882813
1.000018
-0.56224
0.180173
2
-0.0174
0.4694
-0.00121
0.882813
1.000018
-0.56224
0.180173
-0.0174
0.4694
-0.00121
0.882813
1.000018
-0.56224
0.180173
2
-0.0174
0.4694
-0.00121
0.882813
1.000018
-0.56224
0.180173
-0.0174
0.4694
-0.00121
0.882813
1.000018
-0.56224
0.180173
snout
False
False
False
True
False
0.181
0.031
0.031
0
0
0.02
2
2
14
16
0
-7
2
0
None
7
2
0
0
0
1
0
-0.42656
1.000003
0
0
0
1
0
-0.42656
1.000003
3
0
0
0
1
0
-0.42656
1.000003
0
0
0
1
0
-0.42656
1.000003
0
0
0
1
0
-0.42656
1.000003
3
0
0
0
1
0
-0.42656
1.000003
0
0
0
1
0
-0.42656
1.000003
0
0
0
1
0
-0.42656
1.000003
3
0
0
0
1
0
-0.42656
1.000003
0
0
0
1
0
-0.42656
1.000003
0
0
0
1
0
-0.42656
1.000003
2
0
0
0
1
0
-0.42656
1.000003
0
0
0
1
0
-0.42656
1.000003
2
0
0
0
1
0
-0.42656
1.000003
0
0
0
1
0
-0.42656
1.000003
2
0
0
0
1
0
-0.42656
1.000003
0
0
0
1
0
-0.42656
1.000003
mouth
True
False
False
True
False
0.18
0.05
0.05
0
0
0.01
13
0
0
0
0
0
CuteMouth
7
2
0
0
0
1
-0.0932
0.099864
0.999993
0
0
0
1
-0.0932
0.099864
0.999993
3
0
0
0
1
-0.0932
0.099864
0.999993
0
0
0
1
-0.0932
0.099864
0.999993
0
0
0
1
-0.0932
0.099864
0.999993
3
0
0
0
1
-0.0932
0.099864
0.999993
0
0
0
1
-0.0932
0.099864
0.999993
0
0
0
1
-0.0932
0.099864
0.999993
3
0
0
0
1
-0.0932
0.099864
0.999993
0
0
0
1
-0.0932
0.099864
0.999993
0
0
0
1
-0.0932
0.099864
0.999993
2
0
0
0
1
-0.0932
0.099864
0.999993
0
0
0
1
-0.0932
0.099864
0.999993
2
0
0
0
1
-0.0932
0.099864
0.999993
0
0
0
1
-0.0932
0.099864
0.999993
2
0
0
0
1
-0.0932
0.099864
0.999993
0
0
0
1
-0.0932
0.099864
0.999993
hornbump
False
True
False
True
True
0.070999
0.021
0.081
0
0
0
2
0
0
0
-5
0
None
7
2
0.083418
0.041688
-0.01233
0.995565
-0.59074
0.999998
0.202312
0.083418
0.041688
-0.01233
0.995565
-0.59074
0.999998
0.202312
3
0.083418
0.041688
-0.01233
0.995565
-0.59074
0.999998
0.202312
0.083418
0.041688
-0.01233
0.995565
-0.59074
0.999998
0.202312
0.083418
0.041688
-0.01233
0.995565
-0.59074
0.999998
0.202312
3
0.083418
0.041688
-0.01233
0.995565
-0.59074
0.999998
0.202312
0.083418
0.041688
-0.01233
0.995565
-0.59074
0.999998
0.202312
0.083418
0.041688
-0.01233
0.995565
-0.59074
0.999998
0.202312
3
0.083418
0.041688
-0.01233
0.995565
-0.59074
0.999998
0.202312
0.083418
0.041688
-0.01233
0.995565
-0.59074
0.999998
0.202312
0.083418
0.041688
-0.01233
0.995565
-0.59074
0.999998
0.202312
2
0.083418
0.041688
-0.01233
0.995565
-0.59074
0.999998
0.202312
0.083418
0.041688
-0.01233
0.995565
-0.59074
0.999998
0.202312
2
0.083418
0.041688
-0.01233
0.995565
-0.59074
0.999998
0.202312
0.083418
0.041688
-0.01233
0.995565
-0.59074
0.999998
0.202312
2
0.083418
0.041688
-0.01233
0.995565
-0.59074
0.999998
0.202312
0.083418
0.041688
-0.01233
0.995565
-0.59074
0.999998
0.202312
snouttip
False
False
False
True
False
0.070999
0.021
0.070999
0
0.02
-0.06
13
0
0
-7
2
0
None
7
2
0.043619
0
0
0.999048
0
0.919621
1.000024
0.043619
0
0
0.999048
0
0.919621
1.000024
3
0.043619
0
0
0.999048
0
0.919621
1.000024
0.043619
0
0
0.999048
0
0.919621
1.000024
0.043619
0
0
0.999048
0
0.919621
1.000024
3
0.043619
0
0
0.999048
0
0.919621
1.000024
0.043619
0
0
0.999048
0
0.919621
1.000024
0.043619
0
0
0.999048
0
0.919621
1.000024
3
0.043619
0
0
0.999048
0
0.919621
1.000024
0.043619
0
0
0.999048
0
0.919621
1.000024
0.043619
0
0
0.999048
0
0.919621
1.000024
2
0.043619
0
0
0.999048
0
0.919621
1.000024
0.043619
0
0
0.999048
0
0.919621
1.000024
2
0.043619
0
0
0.999048
0
0.919621
1.000024
0.043619
0
0
0.999048
0
0.919621
1.000024
2
0.043619
0
0
0.999048
0
0.919621
1.000024
0.043619
0
0
0.999048
0
0.919621
1.000024
tail
False
False
False
True
False
0.141
0.121
0.211
0
0
-0.18
0
1
18
0
-6
4
0
None
7
2
-0.04361
0
0
0.999048
-0.02493
0
-0.99999
-0.04357
-0.04357
0.001902
0.998097
-0.02493
0
-0.99999
3
-0.04345
0.087072
-0.0038
0.995246
-0.02493
0
-0.99999
-0.04324
-0.1304
0.005693
0.990501
-0.02493
0
-0.99999
-0.04361
0
0
0.999048
-0.02493
0
-0.99999
3
-0.04361
0
0
0.999048
-0.02493
0
-0.99999
-0.04361
0
0
0.999048
-0.02493
0
-0.99999
-0.04361
0
0
0.999048
-0.02493
0
-0.99999
3
0.173648
0
0
0.984807
-0.02493
0
-0.99999
-0.04361
0
0
0.999048
-0.02493
0
-0.99999
-0.04361
0
0
0.999048
-0.02493
0
-0.99999
2
0.706434
-0.04295
-0.00757
0.706433
-0.02493
0
-0.99999
0.706434
-0.04295
-0.00757
0.706433
-0.02493
0
-0.99999
2
-0.04361
0
0
0.999048
-0.02493
0
-0.99999
-0.04361
0
0
0.999048
-0.02493
0
-0.99999
2
-0.04361
0
0
0.999048
-0.02493
0
-0.99999
-0.04361
0
0
0.999048
-0.02493
0
-0.99999
tailext
False
False
False
True
False
0.081000
0.061
0.221
0
0
-0.14
17
0
0
0
-4
0
None
7
2
-0.03869
0.461309
-0.02014
0.886166
0.035556
0
-1
-0.04345
-0.08707
0.003801
0.995246
0.035556
0
-1
3
-0.03869
0.461309
-0.02014
0.886166
0.035556
0
-1
-0.04258
-0.21623
0.00944
0.975366
0.035556
0
-1
-0.04357
0.043577
-0.0019
0.998097
0.035556
0
-1
3
-0.03869
0.461309
-0.02014
0.886166
0.035556
0
-1
-0.03869
0.461309
-0.02014
0.886166
0.035556
0
-1
-0.03869
0.461309
-0.02014
0.886166
0.035556
0
-1
3
0.662396
0.012689
-0.03832
0.748065
0.035556
0
-1
-0.03869
0.461309
-0.02014
0.886166
0.035556
0
-1
0.173482
-0.04213
0.011289
0.98387
0.035556
0
-1
2
0.419002
0.113039
-0.06526
0.898554
0.035556
0
-1
0.419002
0.113039
-0.06526
0.898554
0.035556
0
-1
2
-0.03869
0.461309
-0.02014
0.886166
0.035556
0
-1
-0.03869
0.461309
-0.02014
0.886166
0.035556
0
-1
2
-0.03869
0.461309
-0.02014
0.886166
0.035556
0
-1
-0.03869
0.461309
-0.02014
0.886166
0.035556
0
-1
