30
0.674365
0.913725
0.8
0.290196
perk_giant
false
0.255712
spotted
strider
girafa
manchado
galope
жирафа
пятнистый
галоп
jerapah
tutul
pejalan
jirafa
manchado
caminante
ยีราฟ
ด่าง
จ็อกเกอร์
manchada
пятнистая
manchada
M
M
M
пятнистое
false
Uncooked Meat
Bones
?
?
?
16
torso
False
False
False
False
False
0.124987
0.194856
0.225908
0
0
0
-1
4
1
5
6
7
0
0
0
0
giraffeSpots
7
2
-0.15643
0
0
0.987688
0
0
0
-0.24192
0
0
0.970295
0
0.02
0
3
-0.15643
0
0
0.987688
0
0
0
-0.15643
0
0
0.987688
0
0
0
-0.10452
0
0
0.994522
0
0
0
3
-0.15583
0.086082
-0.01363
0.983929
0
0
0
-0.22495
0
0
0.97437
0
0
0
-0.15583
-0.08608
0.013634
0.983929
0
0
0
3
0.061048
0
0
0.998134
0
-0.16
-0.28
-0.15643
0
0
0.987688
0
-0.14
0.34
-0.32556
0
0
0.945518
0
-0.14
0.34
2
-0.40673
0
0
0.913545
0
-0.08
0
-0.44619
0
0
0.894934
0
-0.08
0
2
-0.99984
0
0
0.017452
0
-0.04
-0.57999
-0.99984
0
0
0.017452
0
-0.06
-0.57999
2
-0.32556
0
0
0.945518
0
0
0
-0.44619
0
0
0.894934
0
0
0
neck
False
False
False
True
False
0.047355
0.070645
0.272488
0
0
0.16
0
1
2
0
0
0
0
giraffeSpots
7
2
-0.40673
0
0
0.913545
0
0.39632
1.000002
-0.10452
0
0
0.994522
0
0.39632
1.000002
3
-0.51503
0
0
0.857167
0
0.39632
1.000002
-0.40673
0
0
0.913545
0
0.39632
1.000002
-0.40673
0
0
0.913545
0
0.39632
1.000002
3
-0.40673
0
0
0.913545
0
0.39632
1.000002
-0.40673
0
0
0.913545
0
0.39632
1.000002
-0.40673
0
0
0.913545
0
0.39632
1.000002
3
0.551937
0
0
0.833885
0
0.290698
0.999999
0.317304
0
0
0.948323
0
0.39632
1.000002
-0.06975
0
0
0.997564
0
0.39632
1.000002
2
-0.40673
0
0
0.913545
0
-0.09182
0.999998
-0.40673
0
0
0.913545
0
-0.09182
0.999998
2
0.104528
0
0
0.994522
0
0.39632
1.000002
0.104528
0
0
0.994522
0
0.39632
1.000002
2
0.190809
0
0
0.981627
0
0.347213
1.000002
0.358368
0
0
0.93358
0
0.054114
1.000002
head
False
False
False
False
False
0.070644
0.078408
0.078408
0
0
0
1
4
3
4
12
13
0
0
0
0
giraffeSpots
7
2
0
0
0
1
0
-0.13444
1.000002
-0.12186
0
0
0.992546
0
-0.13444
1.000002
3
0
0
0
1
0
-0.13444
1.000002
0
0
0
1
0
-0.13444
1.000002
0
0
0
1
0
-0.13444
1.000002
3
0
0
0
1
0
-0.13444
1.000002
0
0
0
1
0
-0.13444
1.000002
0
0
0
1
0
-0.13444
1.000002
3
0.843391
0
0
0.537299
0
-0.13444
1.000002
0.793353
0
0
0.608761
0
-0.13444
1.000002
-0.38268
0
0
0.923879
0
-0.13444
1.000002
2
0.043619
0
0
0.999048
0
-0.13444
1.000002
0.043619
0
0
0.999048
0
-0.13444
1.000002
2
-0.9848
0
0
-0.17364
0
-0.13444
1.000002
-0.9848
0
0
-0.17364
0
-0.13444
1.000002
2
0
0
0
1
0
-0.13444
1.000002
0
0
0
1
0
-0.13444
1.000002
snout
False
False
False
True
False
0.039592
0.039592
0.101697
0
0
0.02
2
1
15
0
0
0
0
None
7
2
0.190746
-0.00242
0
0.981636
0.026202
-0.52301
0.999995
0.190746
-0.00242
0
0.981636
0.026202
-0.52301
0.999995
3
0.190746
-0.00242
0
0.981636
0.026202
-0.52301
0.999995
0.190746
-0.00242
0
0.981636
0.026202
-0.52301
0.999995
0.190746
-0.00242
0
0.981636
0.026202
-0.52301
0.999995
3
0.190746
-0.00242
0
0.981636
0.026202
-0.52301
0.999995
0.190746
-0.00242
0
0.981636
0.026202
-0.52301
0.999995
0.190746
-0.00242
0
0.981636
0.026202
-0.52301
0.999995
3
0.190746
-0.00242
0
0.981636
0.026202
-0.52301
0.999995
0.190746
-0.00242
0
0.981636
0.026202
-0.52301
0.999995
0.190746
-0.00242
0
0.981636
0.026202
-0.52301
0.999995
2
0.190746
-0.00242
0
0.981636
0.026202
-0.52301
0.999995
0.190746
-0.00242
0
0.981636
0.026202
-0.52301
0.999995
2
0.190746
-0.00242
0
0.981636
0.026202
-0.52301
0.999995
0.190746
-0.00242
0
0.981636
0.026202
-0.52301
0.999995
2
0.190746
-0.00242
0
0.981636
0.026202
-0.52301
0.999995
0.190746
-0.00242
0
0.981636
0.026202
-0.52301
0.999995
eyes
True
True
False
True
False
0.038815
0.038815
0.038815
0
0
0.01
2
0
0
0
0
0
RegularEye
7
2
0
-0.24192
0
0.970295
-0.99999
0.146844
0.918445
0
-0.24192
0
0.970295
-0.99999
0.146844
0.918445
3
0
-0.24192
0
0.970295
-0.99999
0.146844
0.918445
0
-0.24192
0
0.970295
-0.99999
0.146844
0.918445
0
-0.24192
0
0.970295
-0.99999
0.146844
0.918445
3
0
-0.24192
0
0.970295
-0.99999
0.146844
0.918445
0
-0.24192
0
0.970295
-0.99999
0.146844
0.918445
0
-0.24192
0
0.970295
-0.99999
0.146844
0.918445
3
0
-0.24192
0
0.970295
-0.99999
0.146844
0.918445
0
-0.24192
0
0.970295
-0.99999
0.146844
0.918445
0
-0.24192
0
0.970295
-0.99999
0.146844
0.918445
2
0
-0.24192
0
0.970295
-0.99999
0.146844
0.918445
0
-0.24192
0
0.970295
-0.99999
0.146844
0.918445
2
0
-0.24192
0
0.970295
-0.99999
0.146844
0.918445
0
-0.24192
0
0.970295
-0.99999
0.146844
0.918445
2
0
-0.24192
0
0.970295
-0.99999
0.146844
0.918445
0
-0.24192
0
0.970295
-0.99999
0.146844
0.918445
shoulder
False
True
True
False
False
0.047355
0.070645
0.140513
0
0
0
0
1
8
0
0
0
0
giraffeSpots
7
2
-0.75183
0.057179
-0.06577
0.653562
-0.99999
-0.94834
0.533789
-0.72857
0.054848
-0.06773
0.679403
-1
-0.98213
0.533792
3
-0.59952
0.042253
-0.07622
0.795596
-0.97544
-0.99999
0.301307
-0.78501
0.060543
-0.06269
0.613319
-0.99999
-0.72315
0.473768
-0.80593
0.062694
-0.06054
0.585548
-0.97864
-1
0.649291
3
-0.74084
0.125182
-0.144
0.644005
-1
-0.98213
0.533792
-0.75183
0.057179
-0.06577
0.653562
-0.99999
-0.59609
0.533784
-0.74908
-0.07995
0.091975
0.651169
-1
-0.98213
0.533792
3
-0.64458
0.255423
-0.33905
0.635852
-0.99999
-0.45592
0.31148
-0.75183
0.057179
-0.06577
0.653562
-0.99999
-0.94834
0.533789
-0.94471
0.077998
-0.03888
0.316097
-0.99999
-0.94834
0.533789
2
-0.90759
0.004204
0.113793
0.404101
-1
-0.30519
0.22552
-0.90759
0.004204
0.113793
0.404101
-1
-0.30519
0.22552
2
-0.77418
-0.05484
-0.06773
-0.62692
-0.99999
-0.94834
0.533789
-0.77418
-0.05484
-0.06773
-0.62692
-0.99999
-0.94834
0.533789
2
-0.7166
0.07051
0.051228
-0.69201
-0.99999
-0.40761
0.533785
-0.51307
0.054848
0.067732
-0.8539
-0.99999
0.077063
0.42876
hip
False
True
True
False
False
0.039592
0.078408
0.13275
0
0
0
0
1
10
0
0
0
0
giraffeSpots
7
2
-0.68199
0
0
0.731353
-0.99999
-0.79809
-0.83096
-0.79863
0
0
0.601815
-0.99999
-0.79809
-0.83096
3
-0.68199
0
0
0.731353
-0.99999
-0.64887
-0.64423
-0.71933
0
0
0.694658
-0.99999
-0.72617
-0.4937
-0.68199
0
0
0.731353
-0.92316
-0.9316
-0.99999
3
-0.67536
0.101784
-0.09491
0.724236
-0.99999
-0.79809
-0.83096
-0.68199
0
0
0.731353
-1
-0.48951
-0.75991
-0.66946
-0.13954
0.130131
0.717916
-0.99999
-0.79809
-0.83096
3
-0.46947
0
0
0.882947
-0.94719
-0.90253
-1
-0.68199
0
0
0.731353
-0.99999
-0.79809
-0.83096
-0.68199
0
0
0.731353
-0.95548
-0.89076
-1
2
-0.99939
0
0
0.034899
-0.99999
-0.29501
-0.87673
-0.99939
0
0
0.034899
-0.99999
-0.29501
-0.87673
2
-0.83867
0
0
-0.54463
-0.99999
-0.79809
-0.83096
-0.83867
0
0
-0.54463
-0.99999
-0.79809
-0.83096
2
-0.68199
0
0
0.731353
-0.99999
-0.79809
-0.83096
-0.68199
0
0
0.731353
-0.99999
-0.79809
-0.83096
tail
False
False
False
False
False
0.016302
0.024065
0.124987
0
0
0.06
0
0
0
0
0
0
None
7
2
-0.76604
0
0
-0.64278
0.035806
-0.03001
-1
-0.76604
0
0
-0.64278
0.035806
-0.03001
-1
3
-0.76604
0
0
-0.64278
0.035806
-0.03001
-1
-0.76604
0
0
-0.64278
0.035806
-0.03001
-1
-0.76604
0
0
-0.64278
0.035806
-0.03001
-1
3
-0.76604
0
0
-0.64278
0.035806
-0.03001
-1
-0.76604
0
0
-0.64278
0.035806
-0.03001
-1
-0.76604
0
0
-0.64278
0.035806
-0.03001
-1
3
-0.76604
0
0
-0.64278
0.035806
-0.03001
-1
-0.76604
0
0
-0.64278
0.035806
-0.03001
-1
-0.76604
0
0
-0.64278
0.035806
-0.03001
-1
2
-0.76604
0
0
-0.64278
0.035806
-0.03001
-1
-0.76604
0
0
-0.64278
0.035806
-0.03001
-1
2
0.499999
0
0
-0.86602
0.035806
-0.03001
-1
0.499999
0
0
-0.86602
0.035806
-0.03001
-1
2
-0.76604
0
0
-0.64278
0.035806
-0.03001
-1
-0.76604
0
0
-0.64278
0.035806
-0.03001
-1
arm
False
False
True
False
False
0.024065
0.039592
0.194856
0
0
-0.16
5
1
9
0
-4
4
0
None
7
2
-0.76408
0.024921
-0.05517
0.642265
-0.34446
0.132621
-1
-0.7052
0.020017
-0.05714
0.706415
-0.34446
0.132621
-1
3
-0.61385
0.012904
-0.05915
0.787093
-0.34446
0.132621
-1
-0.64095
0.014961
-0.05866
0.76519
-0.34446
0.132621
-1
-0.82703
0.030552
-0.05227
0.558878
-0.34444
-0.12635
-1
3
-0.75413
0.09192
-0.13474
0.636141
-0.34446
0.132621
-1
-0.64095
0.014961
-0.05866
0.76519
-0.34446
0.132621
-1
-0.75233
-0.14215
0.144461
0.62683
-0.34446
0.132621
-1
3
-0.76408
0.024921
-0.05517
0.642265
-0.34446
0.132621
-1
-0.76408
0.024921
-0.05517
0.642265
-0.34446
0.132621
-1
-0.864
0.034124
-0.05001
0.499825
-0.34446
0.132621
-1
2
-0.83753
-0.06182
0.095432
0.534419
-0.34446
0.132621
-1
-0.83753
-0.06182
0.095432
0.534419
-0.34446
0.132621
-1
2
-0.76519
-0.05001
-0.03412
-0.64095
-0.34446
0.132621
-1
-0.76519
-0.05001
-0.03412
-0.64095
-0.34446
0.132621
-1
2
-0.63764
0.121563
0.080803
-0.75637
-0.34446
0.132621
-1
-0.38069
0.091639
0.113618
-0.9131
-0.34446
0.132621
-1
hand
False
False
True
False
False
0.047355
0.039592
0.047355
0
-0.02
0
8
0
0
5
-12
0
None
7
2
0
0
0
1
0.191428
-0.67941
-0.99999
0.190809
0
0
0.981627
0.191441
-0.09087
-1
3
0
0
0
1
0.191428
-0.67941
-0.99999
0
0
0
1
0.191595
-0.1597
-1
0
0
0
1
0.191428
-0.67941
-0.99999
3
0
0
0
1
0.191428
-0.67941
-0.99999
0
0
0
1
0.191428
-0.67941
-0.99999
0
0
0
1
0.191428
-0.67941
-0.99999
3
0
0
0
1
0.191428
-0.67941
-0.99999
0
0
0
1
0.191428
-0.67941
-0.99999
0
0
0
1
0.191428
-0.67941
-0.99999
2
0
0
0
1
0.191428
-0.67941
-0.99999
0
0
0
1
0.191428
-0.67941
-0.99999
2
-0.9848
0
0
0.173648
0.191428
-0.67941
-0.99999
-0.9848
0
0
0.173648
0.191428
-0.67941
-0.99999
2
0
0
0
1
0.191428
-0.67941
-0.99999
0
0
0
1
0.191428
-0.67941
-0.99999
leg
False
False
True
False
False
0.031829
0.039592
0.171566
0
0
-0.14
6
1
11
0
-4
4
0
None
7
2
-0.60181
0
0
0.798635
0.082238
0.441221
-0.99999
-0.60181
0
0
0.798635
0.082238
0.441221
-0.99999
3
-0.42261
0
0
0.906307
0.082238
0.441221
-0.99999
-0.7071
0
0
0.707106
0.082238
0.441221
-0.99999
-0.60181
0
0
0.798635
0.082238
0.441221
-0.99999
3
-0.59267
0.138681
-0.1045
0.786502
0.082238
0.441221
-0.99999
-0.4848
0
0
0.874619
0.082238
0.441221
-0.99999
-0.58393
-0.1932
0.145592
0.774912
0.082238
0.441221
-0.99999
3
-0.60181
0
0
0.798635
0.082238
0.441221
-0.99999
-0.60181
0
0
0.798635
0.082238
0.441221
-0.99999
-0.60181
0
0
0.798635
0.082238
0.441221
-0.99999
2
-0.99862
0
0
0.052335
0.082161
0.304364
-1
-0.99862
0
0
0.052335
0.082161
0.304364
-1
2
-0.891
0
0
-0.45399
0.082238
0.441221
-0.99999
-0.891
0
0
-0.45399
0.082238
0.441221
-0.99999
2
-0.60181
0
0
0.798635
0.082238
0.441221
-0.99999
-0.60181
0
0
0.798635
0.082238
0.441221
-0.99999
foot
False
False
True
False
False
0.039592
0.031829
0.047355
0
0
0
10
0
0
5
-12
0
None
7
2
0
0
0
1
-0.07332
-0.47095
-0.99999
0
0
0
1
-0.07332
-0.47095
-0.99999
3
0
0
0
1
-0.07332
-0.47095
-0.99999
0
0
0
1
-0.07332
-0.47095
-0.99999
0
0
0
1
-0.07332
-0.47095
-0.99999
3
0
0
0
1
-0.07332
-0.47095
-0.99999
0.34202
0
0
0.939692
-0.07332
-0.47095
-0.99999
0.34202
0
0
0.939692
-0.07332
-0.47095
-0.99999
3
0
0
0
1
-0.07332
-0.47095
-0.99999
0
0
0
1
-0.07332
-0.47095
-0.99999
0
0
0
1
-0.07332
-0.47095
-0.99999
2
-0.67559
0
0
0.737277
-0.07332
-0.47095
-0.99999
-0.67559
0
0
0.737277
-0.07332
-0.47095
-0.99999
2
-0.9848
0
0
0.173648
-0.07332
-0.47095
-0.99999
-0.9848
0
0
0.173648
-0.07332
-0.47095
-0.99999
2
0
0
0
1
-0.07332
-0.47095
-0.99999
0
0
0
1
-0.07332
-0.47095
-0.99999
ear
False
True
False
True
False
0.070643
0.031829
0.016302
0
0
0
2
0
0
-4
4
0
None
7
2
-0.10446
-0.01761
-0.32546
0.939601
-1
0.617092
-0.43393
-0.10446
-0.01761
-0.32546
0.939601
-1
0.617092
-0.43393
3
-0.10446
-0.01761
-0.32546
0.939601
-1
0.617092
-0.43393
-0.10446
-0.01761
-0.32546
0.939601
-1
0.617092
-0.43393
-0.10446
-0.01761
-0.32546
0.939601
-1
0.617092
-0.43393
3
-0.10446
-0.01761
-0.32546
0.939601
-1
0.617092
-0.43393
-0.10446
-0.01761
-0.32546
0.939601
-1
0.617092
-0.43393
-0.10446
-0.01761
-0.32546
0.939601
-1
0.617092
-0.43393
3
-0.10446
-0.01761
-0.32546
0.939601
-1
0.617092
-0.43393
-0.10446
-0.01761
-0.32546
0.939601
-1
0.617092
-0.43393
-0.10446
-0.01761
-0.32546
0.939601
-1
0.617092
-0.43393
2
-0.10446
-0.01761
-0.32546
0.939601
-1
0.617092
-0.43393
-0.10446
-0.01761
-0.32546
0.939601
-1
0.617092
-0.43393
2
-0.10446
-0.01761
-0.32546
0.939601
-1
0.617092
-0.43393
-0.10446
-0.01761
-0.32546
0.939601
-1
0.617092
-0.43393
2
-0.10446
-0.01761
-0.32546
0.939601
-1
0.617092
-0.43393
-0.10446
-0.01761
-0.32546
0.939601
-1
0.617092
-0.43393
hornbump
False
True
False
True
True
0.031829
0.024065
0.039592
0
0
0
2
1
14
0
0
0
0
None
7
2
0
0
0
1
-0.55112
0.999998
-0.04352
0
0
0
1
-0.55112
0.999998
-0.04352
3
0
0
0
1
-0.55112
0.999998
-0.04352
0
0
0
1
-0.55112
0.999998
-0.04352
0
0
0
1
-0.55112
0.999998
-0.04352
3
0
0
0
1
-0.55112
0.999998
-0.04352
0
0
0
1
-0.55112
0.999998
-0.04352
0
0
0
1
-0.55112
0.999998
-0.04352
3
0
0
0
1
-0.55112
0.999998
-0.04352
0
0
0
1
-0.55112
0.999998
-0.04352
0
0
0
1
-0.55112
0.999998
-0.04352
2
0
0
0
1
-0.55112
0.999998
-0.04352
0
0
0
1
-0.55112
0.999998
-0.04352
2
0
0
0
1
-0.55112
0.999998
-0.04352
0
0
0
1
-0.55112
0.999998
-0.04352
2
0
0
0
1
-0.55112
0.999998
-0.04352
0
0
0
1
-0.55112
0.999998
-0.04352
horn
False
False
False
True
True
0.024065
0.039592
0.016302
0
0.02
0
13
0
0
0
-14
0
None
7
2
-0.12096
-0.12096
0.014852
0.985147
0
1.000004
0.221168
-0.12096
-0.12096
0.014852
0.985147
0
1.000004
0.221168
3
-0.12096
-0.12096
0.014852
0.985147
0
1.000004
0.221168
-0.12096
-0.12096
0.014852
0.985147
0
1.000004
0.221168
-0.12096
-0.12096
0.014852
0.985147
0
1.000004
0.221168
3
-0.12096
-0.12096
0.014852
0.985147
0
1.000004
0.221168
-0.12096
-0.12096
0.014852
0.985147
0
1.000004
0.221168
-0.12096
-0.12096
0.014852
0.985147
0
1.000004
0.221168
3
-0.12096
-0.12096
0.014852
0.985147
0
1.000004
0.221168
-0.12096
-0.12096
0.014852
0.985147
0
1.000004
0.221168
-0.12096
-0.12096
0.014852
0.985147
0
1.000004
0.221168
2
-0.12096
-0.12096
0.014852
0.985147
0
1.000004
0.221168
-0.12096
-0.12096
0.014852
0.985147
0
1.000004
0.221168
2
-0.12096
-0.12096
0.014852
0.985147
0
1.000004
0.221168
-0.12096
-0.12096
0.014852
0.985147
0
1.000004
0.221168
2
-0.12096
-0.12096
0.014852
0.985147
0
1.000004
0.221168
-0.12096
-0.12096
0.014852
0.985147
0
1.000004
0.221168
mouth
True
False
False
True
False
0.031052
0.054342
0.038815
0
0
0.01
3
0
0
0
0
0
CuteMouth
7
2
0
0
0
1
0
0.13464
0.999998
0
0
0
1
0
0.13464
0.999998
3
0
0
0
1
0
0.13464
0.999998
0
0
0
1
0
0.13464
0.999998
0
0
0
1
0
0.13464
0.999998
3
0
0
0
1
0
0.13464
0.999998
0
0
0
1
0
0.13464
0.999998
0
0
0
1
0
0.13464
0.999998
3
0
0
0
1
0
0.13464
0.999998
0
0
0
1
0
0.13464
0.999998
0
0
0
1
0
0.13464
0.999998
2
0
0
0
1
0
0.13464
0.999998
0
0
0
1
0
0.13464
0.999998
2
0
0
0
1
0
0.13464
0.999998
0
0
0
1
0
0.13464
0.999998
2
0
0
0
1
0
0.13464
0.999998
0
0
0
1
0
0.13464
0.999998
