30
0.584963
0.301960
0.298039
0.262745
perk_ram
false
0.540188
horned
rammer
bode
com chifres
carneiro
козел
рогатый
баран
kambing
bertanduk
dorongan-kuat-kuat
cabra
con cuernos
estiba
แพะ
เขา
กระทุ้ง
com chifres
рогатая
con cuernos
M
M
F
рогатое
false
Fur
Uncooked Meat
Bones
?
?
18
torso
False
False
False
False
False
0.171
0.181
0.361
0
0
0
-1
4
1
6
7
8
0
0
0
0
None
7
2
0.034899
0
0
0.99939
0
0
0
-0.06975
0
0
0.997564
0
0.04
0
3
0.121869
0
0
0.992546
0
0
0
-0.03489
0
0
0.99939
0
0
0
0.034899
0
0
0.99939
0
0
0
3
0.034814
0.069713
0.002434
0.996956
0
0
0
-0.05232
0.017322
0.002126
0.998477
0
0
0
0.034766
-0.0871
-0.00304
0.995587
0
0
0
3
0.25038
0
0
0.968147
0
-0.18
-0.26
0.034899
0
0
0.99939
0
0
0.36
0.165047
0
0
0.986285
0
0
0.44
2
-0.43051
0
0
0.902585
0
-0.04
0.18
-0.46947
0
0
0.882947
0
-0.02
0.18
2
-0.99939
0
0
0.034899
0
-0.16
-0.55999
-0.99939
0
0
0.034899
0
-0.18
-0.55999
2
-0.30901
0
0
0.951056
0
0
0
-0.43051
0
0
0.902585
0
0
0
neck
False
False
False
True
False
0.080999
0.101
0.141
0
0
0
0
1
2
0
0
0
0
None
7
2
-0.25881
0
0
0.965925
0
0.722784
1.000001
-0.03489
0
0
0.99939
0
0.399282
1
3
-0.25881
0
0
0.965925
0
0.450213
0.999999
-0.25881
0
0
0.965925
0
0.722784
1.000001
-0.25881
0
0
0.965925
0
0.722784
1.000001
3
-0.25881
0
0
0.965925
0
0.722784
1.000001
-0.25881
0
0
0.965925
0
0.722784
1.000001
-0.25881
0
0
0.965925
0
0.722784
1.000001
3
0.087155
0
0
0.996194
0
0.501731
1.000004
-0.04361
0
0
0.999048
0
0.227945
1.000004
-0.34202
0
0
0.939692
0
0.935122
1.000001
2
-0.25881
0
0
0.965925
0
-0.12126
1.000001
-0.25881
0
0
0.965925
0
-0.12126
1.000001
2
0.300705
0
0
0.953717
0
0.472149
0.999998
0.300705
0
0
0.953717
0
0.472149
0.999998
2
-0.25881
0
0
0.965925
0
0.722784
1.000001
-0.25881
0
0
0.965925
0
-0.04455
1
head
False
False
False
False
False
0.141
0.131
0.101
0
0
0
1
5
3
4
5
13
14
0
0
-1
0
None
7
2
-0.13915
-0.00596
-0.01639
0.990117
0
-0.14436
1.000002
-0.0339
0.048308
0
0.998256
0
0.299132
1.000003
3
0.224916
-0.01144
-0.01317
0.974221
0
-0.14436
1.000002
-0.13915
-0.00596
-0.01639
0.990117
0
-0.14436
1.000002
-0.17362
-0.00539
-0.01659
0.984657
0
-0.14436
1.000002
3
-0.13915
-0.00596
-0.01639
0.990117
0
-0.14436
1.000002
-0.13915
-0.00596
-0.01639
0.990117
0
-0.14436
1.000002
-0.13915
-0.00596
-0.01639
0.990117
0
-0.14436
1.000002
3
0.787891
-0.01718
-0.00303
0.615567
0
-0.14436
1.000002
0.56632
-0.01548
-0.00805
0.824
0
-0.14436
1.000002
-0.09583
-0.00667
-0.01612
0.995244
0
-0.14436
1.000002
2
-0.00872
-0.00805
-0.01548
0.999809
0
-0.14436
1.000002
-0.00872
-0.00805
-0.01548
0.999809
0
-0.14436
1.000002
2
-0.99011
-0.01639
0.005969
-0.13915
0
-0.14436
1.000002
-0.99011
-0.01639
0.005969
-0.13915
0
-0.14436
1.000002
2
-0.13915
-0.00596
-0.01639
0.990117
0
-0.14436
1.000002
-0.13915
-0.00596
-0.01639
0.990117
0
-0.14436
1.000002
snout
False
False
False
True
False
0.070999
0.080999
0.101
0
0
0.02
2
1
17
0
0
-1
0
None
7
2
0.173585
-0.00241
0
0.984815
0.026195
-0.41636
1.000007
0.173585
-0.00241
0
0.984815
0.026195
-0.41636
1.000007
3
0.173585
-0.00241
0
0.984815
0.026195
-0.41636
1.000007
0.173585
-0.00241
0
0.984815
0.026195
-0.41636
1.000007
0.173585
-0.00241
0
0.984815
0.026195
-0.41636
1.000007
3
0.173585
-0.00241
0
0.984815
0.026195
-0.41636
1.000007
0.173585
-0.00241
0
0.984815
0.026195
-0.41636
1.000007
0.173585
-0.00241
0
0.984815
0.026195
-0.41636
1.000007
3
0.173585
-0.00241
0
0.984815
0.026195
-0.41636
1.000007
0.173585
-0.00241
0
0.984815
0.026195
-0.41636
1.000007
0.173585
-0.00241
0
0.984815
0.026195
-0.41636
1.000007
2
0.173585
-0.00241
0
0.984815
0.026195
-0.41636
1.000007
0.173585
-0.00241
0
0.984815
0.026195
-0.41636
1.000007
2
0.173585
-0.00241
0
0.984815
0.026195
-0.41636
1.000007
0.173585
-0.00241
0
0.984815
0.026195
-0.41636
1.000007
2
0.173585
-0.00241
0
0.984815
0.026195
-0.41636
1.000007
0.173585
-0.00241
0
0.984815
0.026195
-0.41636
1.000007
hornbump
False
True
False
True
True
0.051
0.031
0.061
0
0
0
2
1
15
0
-2
5
0
None
7
2
-0.12186
0
0
0.992546
-0.5523
1.000009
-0.41948
-0.12186
0
0
0.992546
-0.5523
1.000009
-0.41948
3
-0.12186
0
0
0.992546
-0.5523
1.000009
-0.41948
-0.12186
0
0
0.992546
-0.5523
1.000009
-0.41948
-0.12186
0
0
0.992546
-0.5523
1.000009
-0.41948
3
-0.12186
0
0
0.992546
-0.5523
1.000009
-0.41948
-0.12186
0
0
0.992546
-0.5523
1.000009
-0.41948
-0.12186
0
0
0.992546
-0.5523
1.000009
-0.41948
3
-0.12186
0
0
0.992546
-0.5523
1.000009
-0.41948
-0.12186
0
0
0.992546
-0.5523
1.000009
-0.41948
-0.12186
0
0
0.992546
-0.5523
1.000009
-0.41948
2
-0.12186
0
0
0.992546
-0.5523
1.000009
-0.41948
-0.12186
0
0
0.992546
-0.5523
1.000009
-0.41948
2
-0.12186
0
0
0.992546
-0.5523
1.000009
-0.41948
-0.12186
0
0
0.992546
-0.5523
1.000009
-0.41948
2
-0.12186
0
0
0.992546
-0.5523
1.000009
-0.41948
-0.12186
0
0
0.992546
-0.5523
1.000009
-0.41948
eyes
True
True
False
True
False
0.059999
0.06
0.05
0
0
0.01
2
0
0
0
0
0
SeriousEye
7
2
0
0
0
1
-0.80001
0.131735
1.000001
0
0
0
1
-0.80001
0.131735
1.000001
3
0
0
0
1
-0.80001
0.131735
1.000001
0
0
0
1
-0.80001
0.131735
1.000001
0
0
0
1
-0.80001
0.131735
1.000001
3
0
0
0
1
-0.80001
0.131735
1.000001
0
0
0
1
-0.80001
0.131735
1.000001
0
0
0
1
-0.80001
0.131735
1.000001
3
0
0
0
1
-0.80001
0.131735
1.000001
0
0
0
1
-0.80001
0.131735
1.000001
0
0
0
1
-0.80001
0.131735
1.000001
2
0
0
0
1
-0.80001
0.131735
1.000001
0
0
0
1
-0.80001
0.131735
1.000001
2
0
0
0
1
-0.80001
0.131735
1.000001
0
0
0
1
-0.80001
0.131735
1.000001
2
0
0
0
1
-0.80001
0.131735
1.000001
0
0
0
1
-0.80001
0.131735
1.000001
shoulder
False
True
True
False
False
0.051
0.091
0.161
0
0
0
0
1
9
0
0
-1
0
None
7
2
-0.69465
0
0
0.71934
-1
-0.37945
0.636007
-0.69465
0
0
0.71934
-0.99999
-0.8442
0.636024
3
-0.58778
0
0
0.809017
-1
-0.65603
0.345682
-0.71933
0
0
0.694658
-0.99999
-0.41948
0.517336
-0.77714
0
0
0.62932
-0.94085
-0.99999
0.733602
3
-0.6861
0.112529
-0.10866
0.710483
-1
-0.74058
0.636019
-0.69465
0
0
0.71934
-1
-0.13876
0.547275
-0.68789
-0.10011
0.096677
0.712339
-1
-0.56914
0.510137
3
-0.69726
0.251063
-0.28881
0.606119
-1
-0.37945
0.636007
-0.91706
0
0
0.398749
-1
-0.37945
0.636007
-0.98162
0
0
0.190809
-1
-0.37945
0.636007
2
-0.59482
0
0
0.803857
-1
-0.37945
0.636007
-0.66261
0
0
0.748956
-1
-0.37945
0.636007
2
-0.71934
0
0
-0.69465
-1
-0.37945
0.636007
-0.71934
0
0
-0.69465
-1
-0.37945
0.636007
2
-0.76533
0.10928
0.13495
-0.61975
-1
0.074868
0.636023
-0.57885
0.070629
0.158635
-0.79672
-1
0.612992
0.419401
hip
False
True
True
False
False
0.051
0.101
0.161
0
0
0
0
1
11
0
0
-1
0
None
7
2
-0.55919
0
0
0.829037
-1
-0.47916
-0.71995
-0.55919
0
0
0.829037
-1
-0.47916
-0.71995
3
-0.65605
0
0
0.754709
-1
-0.54074
-0.56566
-0.77714
0
0
0.62932
-1
-0.65525
-0.37351
-0.55919
0
0
0.829037
-1
-0.76494
-0.89304
3
-0.54697
0.172366
-0.11626
0.810921
-0.99999
-0.83776
-0.69329
-0.55919
0
0
0.829037
-0.99999
-0.24699
-0.71996
-0.5523
-0.12969
0.087477
0.81883
-1
-0.47916
-0.71995
3
-0.55919
0
0
0.829037
-0.8014
-0.99999
-0.57699
-0.3665
0
0
0.930417
-0.98328
-0.99999
-0.99237
-0.3665
0
0
0.930417
-0.98328
-0.99999
-0.99237
2
-0.99073
0.00911
-0.08667
0.10413
-1
-0.47916
-0.71995
-0.99073
0.00911
-0.08667
0.10413
-1
-0.47916
-0.71995
2
-0.82903
0
0
-0.55919
-1
-0.47916
-0.71995
-0.82903
0
0
-0.55919
-1
-0.47916
-0.71995
2
-0.55919
0
0
0.829037
-1
-0.47916
-0.71995
-0.55919
0
0
0.829037
-1
-0.47916
-0.71995
tail
False
False
False
False
False
0.061
0.041
0.111
0
0
0.04
0
0
0
-2
7
0
None
7
2
-0.7071
0
0
0.707106
0.031321
1.000004
-0.87474
-0.93969
0
0
0.34202
0.035806
0.90559
-0.99999
3
-0.7071
0
0
0.707106
0.031321
1.000004
-0.87474
-0.7071
0
0
0.707106
0.031321
1.000004
-0.87474
-0.7071
0
0
0.707106
0.031321
1.000004
-0.87474
3
-0.7071
0
0
0.707106
0.031321
1.000004
-0.87474
-0.7071
0
0
0.707106
0.031321
1.000004
-0.87474
-0.7071
0
0
0.707106
0.031321
1.000004
-0.87474
3
-0.7071
0
0
0.707106
0.031321
1.000004
-0.87474
-0.7071
0
0
0.707106
0.031321
1.000004
-0.87474
-0.7071
0
0
0.707106
0.031321
1.000004
-0.87474
2
-0.7071
0
0
0.707106
0.031321
1.000004
-0.87474
-0.7071
0
0
0.707106
0.031321
1.000004
-0.87474
2
-0.7071
0
0
-0.7071
0.031321
1.000004
-0.87474
-0.7071
0
0
-0.7071
0.031321
1.000004
-0.87474
2
-0.7071
0
0
0.707106
0.031321
1.000004
-0.87474
-0.7071
0
0
0.707106
0.031321
1.000004
-0.87474
arm
False
False
True
False
False
0.031
0.041
0.141
0
0
-0.14
6
1
10
0
-2
8
0
None
7
2
-0.69465
0
0
0.719339
-0.44363
0
-1
-0.69465
0
0
0.719339
-0.44363
0
-1
3
-0.69465
0
0
0.719339
-0.44363
0
-1
-0.4848
0
0
0.874619
-0.44363
0
-1
-0.84804
0
0
0.529919
-0.44356
-0.36677
-1
3
-0.68189
0.137256
-0.13254
0.706123
-0.44363
0
-1
-0.57357
0
0
0.819151
-0.44363
0
-1
-0.68189
-0.13725
0.132547
0.706123
-0.44363
0
-1
3
-0.82121
0.148059
-0.09073
0.543551
-0.44363
0
-1
-0.06975
0
0
0.997564
-0.44363
0
-1
-0.89879
0
0
0.43837
-0.44363
0
-1
2
-0.69399
-0.01563
0.040722
0.718655
-0.44363
0
-1
-0.69399
-0.01563
0.040722
0.718655
-0.44363
0
-1
2
-0.71933
0
0
-0.69465
-0.44363
0
-1
-0.71933
0
0
-0.69465
-0.44363
0
-1
2
-0.58554
0.07051
0.051228
-0.80593
-0.44363
0
-1
-0.31609
0.051842
0.07006
-0.94471
-0.44363
0
-1
hand
False
False
True
False
False
0.041
0.041
0.041
0
-0.02
0
9
0
0
0
0
0
None
7
2
0
0
0
1
0.191454
-0.0552
-1
0
0
0
1
0.191454
-0.0552
-1
3
0
0
0
1
0.191454
-0.0552
-1
0
0
0
1
0.191454
-0.0552
-1
0
0
0
1
0.191454
-0.0552
-1
3
0
0
0
1
0.191454
-0.0552
-1
0
0
0
1
0.191454
-0.0552
-1
0
0
0
1
0.191454
-0.0552
-1
3
0
0
0
1
0.191454
-0.0552
-1
0
0
0
1
0.191454
-0.0552
-1
0
0
0
1
0.191454
-0.0552
-1
2
0
0
0
1
0.191454
-0.0552
-1
0
0
0
1
0.191454
-0.0552
-1
2
-1
0
0
0
0.191454
-0.0552
-1
-1
0
0
0
0.191454
-0.0552
-1
2
0.984807
0
0
0.173648
0.191454
-0.0552
-1
0.984807
0
0
0.173648
0.191454
-0.0552
-1
leg
False
False
True
False
False
0.031
0.041
0.161
0
0
-0.16
7
1
12
0
-2
8
0
None
7
2
-0.62932
0
0
0.777146
-0.33145
0
-1
-0.62932
0
0
0.777146
-0.33145
0
-1
3
-0.62932
0
0
0.777146
-0.33145
0
-1
-0.78801
0
0
0.615661
-0.33145
0
-1
-0.62932
0
0
0.777146
-0.33145
0
-1
3
-0.61975
0.13495
-0.10928
0.765339
-0.33145
0
-1
-0.49999
0
0
0.866025
-0.33145
0
-1
-0.61319
-0.17481
0.141566
0.757227
-0.33145
0
-1
3
-0.62932
0
0
0.777146
-0.33145
0
-1
-0.40673
0
0
0.913545
-0.33145
0
-1
-0.40673
0
0
0.913545
-0.33145
0
-1
2
-0.99433
0.00532
-0.08699
0.060815
-0.33145
0
-1
-0.99433
0.00532
-0.08699
0.060815
-0.33145
0
-1
2
-0.77714
0
0
-0.62932
-0.33145
0
-1
-0.77714
0
0
-0.62932
-0.33145
0
-1
2
-0.62932
0
0
0.777146
-0.33145
0
-1
-0.62932
0
0
0.777146
-0.33145
0
-1
foot
False
False
True
False
False
0.031
0.041
0.041
0
0
0
11
0
0
0
0
0
None
7
2
0
0
0
1
-0.07332
0
-0.99999
0
0
0
1
-0.07332
0
-0.99999
3
0
0
0
1
-0.07332
0
-0.99999
0
0
0
1
-0.07332
0
-0.99999
0
0
0
1
-0.07332
0
-0.99999
3
0
0
0
1
-0.07332
0
-0.99999
0
0
0
1
-0.07332
0
-0.99999
0
0
0
1
-0.07332
0
-0.99999
3
0
0
0
1
-0.07332
0
-0.99999
0
0
0
1
-0.07332
0
-0.99999
0
0
0
1
-0.07332
0
-0.99999
2
-0.53729
0
0
0.843391
-0.07332
0
-0.99999
-0.5
0
0
0.866025
-0.07332
0
-0.99999
2
-1
0
0
0
-0.07332
0
-0.99999
-1
0
0
0
-0.07332
0
-0.99999
2
0
0
0
1
-0.07332
0
-0.99999
0
0
0
1
-0.07332
0
-0.99999
goatee
False
False
False
True
False
0.031
0.051000
0.081000
0
0
-0.06
2
0
0
-2
7
0
None
7
2
-0.61566
0
0
0.78801
0
-1
0.498008
-0.61566
0
0
0.78801
0
-1
0.498008
3
-0.61566
0
0
0.78801
0
-1
0.498008
-0.61566
0
0
0.78801
0
-1
0.498008
-0.61566
0
0
0.78801
0
-1
0.498008
3
-0.61566
0
0
0.78801
0
-1
0.498008
-0.61566
0
0
0.78801
0
-1
0.498008
-0.61566
0
0
0.78801
0
-1
0.498008
3
-0.61566
0
0
0.78801
0
-1
0.498008
-0.61566
0
0
0.78801
0
-1
0.498008
-0.61566
0
0
0.78801
0
-1
0.498008
2
-0.61566
0
0
0.78801
0
-1
0.498008
-0.61566
0
0
0.78801
0
-1
0.498008
2
-0.61566
0
0
0.78801
0
-1
0.498008
-0.61566
0
0
0.78801
0
-1
0.498008
2
-0.61566
0
0
0.78801
0
-1
0.498008
-0.61566
0
0
0.78801
0
-1
0.498008
ear
False
True
False
True
False
0.090999
0.041
0.021
0
0
0
2
0
0
-2
7
0
None
7
2
-0.13917
0
0
0.990268
-0.99999
0.387006
-0.24611
-0.13917
0
0
0.990268
-0.99999
0.387006
-0.24611
3
-0.13917
0
0
0.990268
-0.99999
0.387006
-0.24611
-0.13917
0
0
0.990268
-0.99999
0.387006
-0.24611
-0.13917
0
0
0.990268
-0.99999
0.387006
-0.24611
3
-0.13917
0
0
0.990268
-0.99999
0.387006
-0.24611
-0.13917
0
0
0.990268
-0.99999
0.387006
-0.24611
-0.13917
0
0
0.990268
-0.99999
0.387006
-0.24611
3
-0.13917
0
0
0.990268
-0.99999
0.387006
-0.24611
-0.13917
0
0
0.990268
-0.99999
0.387006
-0.24611
-0.13917
0
0
0.990268
-0.99999
0.387006
-0.24611
2
-0.13917
0
0
0.990268
-0.99999
0.387006
-0.24611
-0.13917
0
0
0.990268
-0.99999
0.387006
-0.24611
2
-0.13917
0
0
0.990268
-0.99999
0.387006
-0.24611
-0.13917
0
0
0.990268
-0.99999
0.387006
-0.24611
2
-0.13917
0
0
0.990268
-0.99999
0.387006
-0.24611
-0.13917
0
0
0.990268
-0.99999
0.387006
-0.24611
horn
False
False
False
True
True
0.041
0.031000
0.111
0
0
0.04
4
1
16
0
-13
10
0
None
7
2
-0.84675
-0.08118
0.031409
0.524808
0
1.000017
-0.24272
-0.84675
-0.08118
0.031409
0.524808
0
1.000017
-0.24272
3
-0.84675
-0.08118
0.031409
0.524808
0
1.000017
-0.24272
-0.84675
-0.08118
0.031409
0.524808
0
1.000017
-0.24272
-0.84675
-0.08118
0.031409
0.524808
0
1.000017
-0.24272
3
-0.84675
-0.08118
0.031409
0.524808
0
1.000017
-0.24272
-0.84675
-0.08118
0.031409
0.524808
0
1.000017
-0.24272
-0.84675
-0.08118
0.031409
0.524808
0
1.000017
-0.24272
3
-0.84675
-0.08118
0.031409
0.524808
0
1.000017
-0.24272
-0.84675
-0.08118
0.031409
0.524808
0
1.000017
-0.24272
-0.84675
-0.08118
0.031409
0.524808
0
1.000017
-0.24272
2
-0.84675
-0.08118
0.031409
0.524808
0
1.000017
-0.24272
-0.84675
-0.08118
0.031409
0.524808
0
1.000017
-0.24272
2
-0.84675
-0.08118
0.031409
0.524808
0
1.000017
-0.24272
-0.84675
-0.08118
0.031409
0.524808
0
1.000017
-0.24272
2
-0.84675
-0.08118
0.031409
0.524808
0
1.000017
-0.24272
-0.84675
-0.08118
0.031409
0.524808
0
1.000017
-0.24272
hornext
False
False
False
True
True
0.041
0.031
0.071
0
0
0.06
15
0
0
-13
10
0
None
7
2
-0.20791
0
0
0.978147
0
0
0.999992
-0.20791
0
0
0.978147
0
0
0.999992
3
-0.20791
0
0
0.978147
0
0
0.999992
-0.20791
0
0
0.978147
0
0
0.999992
-0.20791
0
0
0.978147
0
0
0.999992
3
-0.20791
0
0
0.978147
0
0
0.999992
-0.20791
0
0
0.978147
0
0
0.999992
-0.20791
0
0
0.978147
0
0
0.999992
3
-0.20791
0
0
0.978147
0
0
0.999992
-0.20791
0
0
0.978147
0
0
0.999992
-0.20791
0
0
0.978147
0
0
0.999992
2
-0.20791
0
0
0.978147
0
0
0.999992
-0.20791
0
0
0.978147
0
0
0.999992
2
-0.20791
0
0
0.978147
0
0
0.999992
-0.20791
0
0
0.978147
0
0
0.999992
2
-0.20791
0
0
0.978147
0
0
0.999992
-0.20791
0
0
0.978147
0
0
0.999992
mouth
True
False
False
True
False
0.07
0.1
0.05
0
0
0.01
3
0
0
0
0
0
SeriousMouth
7
2
0
0
0
1
0
-0.79465
1.000003
0
0
0
1
0
-0.79465
1.000003
3
0
0
0
1
0
-0.79465
1.000003
0
0
0
1
0
-0.79465
1.000003
0
0
0
1
0
-0.79465
1.000003
3
0
0
0
1
0
-0.79465
1.000003
0
0
0
1
0
-0.79465
1.000003
0
0
0
1
0
-0.79465
1.000003
3
0
0
0
1
0
-0.79465
1.000003
0
0
0
1
0
-0.79465
1.000003
0
0
0
1
0
-0.79465
1.000003
2
0
0
0
1
0
-0.79465
1.000003
0
0
0
1
0
-0.79465
1.000003
2
0
0
0
1
0
-0.79465
1.000003
0
0
0
1
0
-0.79465
1.000003
2
0
0
0
1
0
-0.79465
1.000003
0
0
0
1
0
-0.79465
1.000003
