30
0.366774
0.725490
0.752941
0.513725
perk_screech
false
0.705644
flying
pigeon
gansa
voador
pombo
Гусь
летающий
голубь
angsa
terbang
merpati
ganso
volador
paloma
ห่าน
บิน
นกพิราบ
voadora
летающая
voladora
M
M
F
летающее
false
Feathers
Uncooked Meat
Bones
?
?
13
torso
False
False
False
False
False
0.161
0.131
0.241
0
0
0
-1
4
1
5
6
7
0
0
0
0
None
7
2
-0.20791
0
0
0.978147
0
0
0
-0.05233
0
0
0.998629
0
0.02
0
3
-0.08715
0
0
0.996194
0
0
0
-0.20791
0
0
0.978147
0
0
0
-0.15643
0
0
0.987688
0
0
0
3
-0.20677
0.102244
-0.02173
0.972789
0
0
0
-0.20791
0
0
0.978147
0
0
0
-0.20636
-0.1192
0.025338
0.970856
0
0
0
3
0.182235
0
0
0.983255
0
-0.12
-0.24
-0.03489
0
0
0.99939
0
0
0.18
-0.03489
0
0
0.99939
0
0
0.24
2
-0.3746
0
0
0.927183
0
0.099999
0.18
-0.41469
0
0
0.909961
0
0.099999
0.18
2
-0.99862
0
0
0.052336
0
-0.32
-0.48
-0.99862
0
0
0.052336
0
-0.34
-0.48
2
-0.3746
0
0
0.927183
0
0
0
-0.49242
0
0
0.870355
0
0
0
neck
False
False
False
True
False
0.061
0.041
0.161
0
0
0.099999
0
1
2
0
0
-18
0
None
7
2
-0.62932
0
0
0.777146
0
1.000004
0.919845
-0.29237
0
0
0.956304
0
0.654354
0.999996
3
-0.27563
0
0
0.961261
0
0.519937
1.000002
-0.15643
0
0
0.987688
0
0.485441
0.999995
-0.29237
0
0
0.956304
0
0.506082
1.000007
3
-0.62932
0
0
0.777146
0
1.000004
0.919845
-0.62932
0
0
0.777146
0
1.000004
0.919845
-0.62932
0
0
0.777146
0
1.000004
0.919845
3
0.104528
0
0
0.994521
0
0.390372
1.000002
0.190809
0
0
0.981627
0
0.668737
1.000007
-0.32556
0
0
0.945518
0
0.668737
1.000007
2
-0.44619
0
0
0.894934
0
0.128166
0.999998
-0.44619
0
0
0.894934
0
0.128166
0.999998
2
-0.02617
0
0
0.999657
0
0.310295
1.000001
-0.02617
0
0
0.999657
0
0.310295
1.000001
2
0.275637
0
0
0.961261
0
0.471569
0.999996
0.398749
0
0
0.91706
0
0.147293
1.000002
head
False
False
False
False
False
0.051
0.071
0.071
0
0
0
1
3
3
4
11
0
0
-18
0
None
7
2
-0.01745
0
0
0.999847
0
-0.80042
0.999999
-0.01745
0
0
0.999847
0
-0.38268
0.999998
3
-0.01745
0
0
0.999847
0
-0.80042
0.999999
-0.01745
0
0
0.999847
0
-0.80042
0.999999
-0.01745
0
0
0.999847
0
-0.80042
0.999999
3
-0.01745
0
0
0.999847
0
-0.80042
0.999999
-0.01745
0
0
0.999847
0
-0.80042
0.999999
-0.01745
0
0
0.999847
0
-0.80042
0.999999
3
0.66262
0
0
0.748955
0
-0.14552
1.000005
0.484809
0
0
0.874619
0
0.128579
0.999994
-0.06104
0
0
0.998134
0
0.128579
0.999994
2
0.113203
0
0
0.993571
0
-0.80042
0.999999
0.113203
0
0
0.993571
0
-0.80042
0.999999
2
-0.97029
0
0
0.241921
0
-0.80042
0.999999
-0.97029
0
0
0.241921
0
-0.80042
0.999999
2
-0.01745
0
0
0.999847
0
-0.80042
0.999999
-0.01745
0
0
0.999847
0
-0.80042
0.999999
snout
False
False
False
True
False
0.051
0.031
0.061
0
0
0.04
2
1
12
0
2
-14
0
None
7
2
0.017388
-0.00233
0
0.999845
0.026196
-0.52483
0.999999
0.017388
-0.00233
0
0.999845
0.026196
-0.52483
0.999999
3
0.017388
-0.00233
0
0.999845
0.026196
-0.52483
0.999999
0.017388
-0.00233
0
0.999845
0.026196
-0.52483
0.999999
0.017388
-0.00233
0
0.999845
0.026196
-0.52483
0.999999
3
0.017388
-0.00233
0
0.999845
0.026196
-0.52483
0.999999
0.017388
-0.00233
0
0.999845
0.026196
-0.52483
0.999999
0.017388
-0.00233
0
0.999845
0.026196
-0.52483
0.999999
3
0.017388
-0.00233
0
0.999845
0.026196
-0.52483
0.999999
0.017388
-0.00233
0
0.999845
0.026196
-0.52483
0.999999
0.017388
-0.00233
0
0.999845
0.026196
-0.52483
0.999999
2
0.017388
-0.00233
0
0.999845
0.026196
-0.52483
0.999999
0.017388
-0.00233
0
0.999845
0.026196
-0.52483
0.999999
2
0.017388
-0.00233
0
0.999845
0.026196
-0.52483
0.999999
0.017388
-0.00233
0
0.999845
0.026196
-0.52483
0.999999
2
0.017388
-0.00233
0
0.999845
0.026196
-0.52483
0.999999
0.017388
-0.00233
0
0.999845
0.026196
-0.52483
0.999999
eyes
True
True
False
True
False
0.06
0.06
0.05
0
0
0.01
2
0
0
0
0
0
DerpyEye
7
2
-0.01713
-0.19077
0.00333
0.981477
-0.99297
0.340884
1.000002
-0.01713
-0.19077
0.00333
0.981477
-0.90786
0.34475
1.000003
3
-0.01713
-0.19077
0.00333
0.981477
-0.99297
0.340884
1.000002
-0.01713
-0.19077
0.00333
0.981477
-0.99297
0.340884
1.000002
-0.01713
-0.19077
0.00333
0.981477
-0.99297
0.340884
1.000002
3
-0.01713
-0.19077
0.00333
0.981477
-0.99297
0.340884
1.000002
-0.01713
-0.19077
0.00333
0.981477
-0.99297
0.340884
1.000002
-0.01713
-0.19077
0.00333
0.981477
-0.99297
0.340884
1.000002
3
-0.01713
-0.19077
0.00333
0.981477
-0.99297
0.340884
1.000002
-0.01713
-0.19077
0.00333
0.981477
-0.99297
0.340884
1.000002
-0.01713
-0.19077
0.00333
0.981477
-0.99297
0.340884
1.000002
2
-0.01713
-0.19077
0.00333
0.981477
-0.99297
0.340884
1.000002
-0.01713
-0.19077
0.00333
0.981477
-0.99297
0.340884
1.000002
2
-0.01713
-0.19077
0.00333
0.981477
-0.99297
0.340884
1.000002
-0.01713
-0.19077
0.00333
0.981477
-0.99297
0.340884
1.000002
2
-0.01713
-0.19077
0.00333
0.981477
-0.99297
0.340884
1.000002
-0.01713
-0.19077
0.00333
0.981477
-0.99297
0.340884
1.000002
shoulder
False
True
False
False
False
0.031
0.031
0.121
0
0
0
0
1
10
0
3
-7
0
None
7
2
-0.78801
0
0
0.615661
-0.99999
0.032122
0.49266
-0.73063
0.295193
0.230631
0.570831
-0.99999
0.032122
0.49266
3
-0.78801
0
0
0.615661
-0.99999
0.032122
0.49266
-0.79799
0.344396
-0.19202
0.45577
-0.99999
0.032122
0.49266
-0.78801
0
0
0.615661
-0.99999
0.032122
0.49266
3
-0.78801
0
0
0.615661
-0.99999
0.032122
0.49266
-0.81379
0.219846
-0.262
0.469846
-0.99999
0.421772
0.692009
-0.78801
0
0
0.615661
-0.99999
0.032122
0.49266
3
-0.78801
0
0
0.615661
-0.99999
0.032122
0.49266
-0.5586
0.580818
-0.50883
0.302819
-0.99999
0.819364
0.849294
-0.38816
0.623662
-0.65652
0.171319
-0.92033
0.999999
0.872035
2
-0.93667
0
0
0.350207
-0.99999
0.032122
0.49266
-0.93667
0
0
0.350207
-0.99999
0.032122
0.49266
2
-0.79863
0
0
-0.60181
-0.99999
0.032122
0.49266
-0.79863
0
0
-0.60181
-0.99999
0.032122
0.49266
2
-0.57853
0.269515
0.210568
-0.74048
-0.82006
1.000002
0.404078
-0.32908
0.193722
0.281867
-0.88018
-0.62678
1.000007
0.259752
hip
False
True
True
False
False
0.070999
0.090999
0.051
0
0
0
0
1
8
0
3
-8
0
None
7
2
-0.69465
0
0
0.719339
-0.6649
-1
-0.07051
-0.69465
0
0
0.719339
-0.52194
-1
-0.03431
3
-0.69465
0
0
0.719339
-0.67108
-0.99999
-0.25903
-0.80901
0
0
0.587785
-1
-0.9262
-0.01652
-0.79863
0
0
0.601815
-0.58872
-0.99999
0.33688
3
-0.68789
0.100112
-0.09667
0.712339
-0.6649
-1
-0.07051
-0.69465
0
0
0.719339
-1
-0.58784
-0.28105
-0.67947
-0.14955
0.144427
0.70362
-0.49491
-0.99999
-0.08873
3
-0.69465
0
0
0.719339
-0.6649
-1
-0.07051
-0.69465
0
0
0.719339
-0.6649
-1
-0.07051
-0.69465
0
0
0.719339
-0.6649
-1
-0.07051
2
-0.98162
0
0
0.190808
-0.66963
-1
-0.07109
-0.98162
0
0
0.190808
-0.66963
-1
-0.07109
2
-0.87461
0
0
-0.4848
-0.6649
-1
-0.07051
-0.87461
0
0
-0.4848
-0.6649
-1
-0.07051
2
-0.69465
0
0
0.719339
-0.6649
-1
-0.07051
-0.69465
0
0
0.719339
-0.6649
-1
-0.07051
tail
False
False
False
False
False
0.121
0.061
0.181
0
0
0.04
0
0
0
0
-7
0
None
7
2
-0.99984
0
0
0.017452
0.035807
0.72622
-0.99999
-0.9848
0
0
0.173648
0.035806
0.967606
-1
3
-0.99984
0
0
0.017452
0.035807
0.72622
-0.99999
-0.99984
0
0
0.017452
0.035807
0.72622
-0.99999
-0.99984
0
0
0.017452
0.035807
0.72622
-0.99999
3
-0.99984
0
0
0.017452
0.035807
0.72622
-0.99999
-0.99984
0
0
0.017452
0.035807
0.72622
-0.99999
-0.99984
0
0
0.017452
0.035807
0.72622
-0.99999
3
-0.87881
0
0
0.477159
0.035807
0.72622
-0.99999
-0.98162
0
0
0.190809
0.035807
0.72622
-0.99999
-0.98768
0
0
-0.15643
0.035806
0.443011
-1
2
-0.99984
0
0
0.017452
0.035807
0.72622
-0.99999
-0.99984
0
0
0.017452
0.035807
0.72622
-0.99999
2
0.069756
0
0
-0.99756
0.035807
0.72622
-0.99999
0.069756
0
0
-0.99756
0.035807
0.72622
-0.99999
2
-0.99984
0
0
0.017452
0.035807
0.72622
-0.99999
-0.99984
0
0
0.017452
0.035807
0.72622
-0.99999
leg
False
False
True
False
False
0.021
0.021
0.091000
0
0
-0.08
6
1
9
0
0
-18
0
None
7
2
-0.62932
0
0
0.777146
-0.33145
0.240073
-1
-0.62932
0
0
0.777146
-0.33145
0.240073
-1
3
-0.54463
0
0
0.83867
-0.3314
0.312494
-0.99998
-0.46947
0
0
0.882947
-0.33151
0.125051
-1
-0.79863
0
0
0.601815
-0.3626
-0.32742
-1.00001
3
-0.61062
0.188008
-0.15224
0.754061
-0.33145
0.240073
-1
-0.46947
0
0
0.882947
-0.33145
0.240073
-1
-0.61975
-0.13495
0.10928
0.765339
-0.33145
0.240073
-1
3
-0.62932
0
0
0.777146
-0.33145
0.240073
-1
-0.62932
0
0
0.777146
-0.33145
0.240073
-1
-0.62932
0
0
0.777146
-0.33145
0.240073
-1
2
-0.98069
0.043612
0
0.190627
-0.33146
0.426689
-0.99999
-0.98069
0.043612
0
0.190627
-0.33146
0.426689
-0.99999
2
-0.91354
0
0
-0.40673
-0.33145
0.240073
-1
-0.91354
0
0
-0.40673
-0.33145
0.240073
-1
2
-0.62932
0
0
0.777146
-0.33145
0.240073
-1
-0.62932
0
0
0.777146
-0.33145
0.240073
-1
foot
False
False
True
False
False
0.051
0.021
0.071
0
0
0.02
8
0
0
0
-18
0
None
7
2
0
-0.32556
0
0.945518
-0.07331
-0.96067
-0.99999
0
-0.12186
0
0.992546
-0.07331
-0.96067
-0.99999
3
0
-0.32556
0
0.945518
-0.07331
-0.96067
-0.99999
0.115229
-0.32314
0.039676
0.93847
-0.07331
-0.96067
-0.99999
0
-0.32556
0
0.945518
-0.07331
-0.96067
-0.99999
3
0
-0.32556
0
0.945518
-0.07331
-0.96067
-0.99999
0.196584
-0.31845
0.067689
0.924856
-0.07331
-0.96067
-0.99999
0
-0.12186
0
0.992546
-0.07331
-0.96067
-0.99999
3
0
-0.32556
0
0.945518
-0.07331
-0.96067
-0.99999
0
-0.32556
0
0.945518
-0.07331
-0.96067
-0.99999
0
-0.32556
0
0.945518
-0.07331
-0.96067
-0.99999
2
-0.43659
-0.28878
-0.15033
0.838685
-0.0733
-0.91316
-0.99999
-0.43659
-0.28878
-0.15033
0.838685
-0.0733
-0.91316
-0.99999
2
-0.9133
-0.08426
0.314474
0.244718
-0.07331
-0.96067
-0.99999
-0.9133
-0.08426
0.314474
0.244718
-0.07331
-0.96067
-0.99999
2
0
-0.32556
0
0.945518
-0.07331
-0.96067
-0.99999
0
-0.32556
0
0.945518
-0.07331
-0.96067
-0.99999
wing
False
False
False
True
False
0.031
0.141
0.101
0
0.099999
0
5
0
0
3
-13
0
None
7
2
0
0
0
1
-1.00001
0.629116
0.080697
0
0
0
1
-1.00001
0.629116
0.080697
3
0
0
0
1
-1.00001
0.629116
0.080697
0
0
0
1
-1.00003
0.750251
-0.17103
0
0
0
1
-1.00001
0.629116
0.080697
3
0
0
0
1
-1.00001
0.629116
0.080697
0
0
0
1
-1.00001
0.629116
0.080697
0
0
0
1
-1.00001
0.629116
0.080697
3
0
0
0
1
-1.00001
0.629116
0.080697
0
0
0
1
-1.00004
0.659019
-0.11041
0
0
0
1
-1.00004
0.659019
-0.11041
2
0
0
0
1
-1.00001
0.629116
0.080697
0
0
0
1
-1.00001
0.629116
0.080697
2
0
0
0
1
-1.00001
0.629116
0.080697
0
0
0
1
-1.00001
0.629116
0.080697
2
0
0
0
1
-1.00001
0.629116
0.080697
0
0
0
1
-1.00001
0.629116
0.080697
sideburns
False
True
False
False
False
0.011
0.051
0.041
0
0
0
2
0
0
0
-3
0
None
7
2
0
0.216439
0
0.976296
-1
-0.25333
-0.2012
0
0.173648
0
0.984807
-1
-0.25333
-0.2012
3
0
0.173648
0
0.984807
-1
-0.25333
-0.2012
0
0.173648
0
0.984807
-1
-0.25333
-0.2012
0
0.173648
0
0.984807
-1
-0.25333
-0.2012
3
0
0.173648
0
0.984807
-1
-0.25333
-0.2012
0
0.173648
0
0.984807
-1
-0.25333
-0.2012
0
0.173648
0
0.984807
-1
-0.25333
-0.2012
3
0
0.173648
0
0.984807
-1
-0.25333
-0.2012
0
0.173648
0
0.984807
-1
-0.25333
-0.2012
0
0.173648
0
0.984807
-1
-0.25333
-0.2012
2
0
0.216439
0
0.976296
-1
-0.25333
-0.2012
0
0.216439
0
0.976296
-1
-0.25333
-0.2012
2
-0.94302
0.056018
-0.20906
0.252684
-1
-0.25333
-0.2012
-0.94302
0.056018
-0.20906
0.252684
-1
-0.25333
-0.2012
2
0
0.173648
0
0.984807
-1
-0.25333
-0.2012
0
0.173648
0
0.984807
-1
-0.25333
-0.2012
mouth
True
False
False
False
False
0.1
0.1
0.05
0
0
0.01
3
0
0
0
0
0
PlainMouth
7
2
0
0
0
1
-0.19371
-0.75329
0.999998
0
0
0
1
-0.19371
-0.75329
0.999998
3
0
0
0
1
-0.19371
-0.75329
0.999998
0
0
0
1
-0.19371
-0.75329
0.999998
0
0
0
1
-0.19371
-0.75329
0.999998
3
0
0
0
1
-0.19371
-0.75329
0.999998
0
0
0
1
-0.19371
-0.75329
0.999998
0
0
0
1
-0.19371
-0.75329
0.999998
3
0
0
0
1
-0.19371
-0.75329
0.999998
0
0
0
1
-0.19371
-0.75329
0.999998
0
0
0
1
-0.19371
-0.75329
0.999998
2
0
0
0
1
-0.19371
-0.75329
0.999998
0
0
0
1
-0.19371
-0.75329
0.999998
2
-0.96592
0
0
0.258819
-0.19371
-0.75329
0.999998
-0.96592
0
0
0.258819
-0.19371
-0.75329
0.999998
2
0
0
0
1
-0.19371
-0.75329
0.999998
0
0
0
1
-0.19371
-0.75329
0.999998
