30
0.586915
0.572549
0.627451
0.627451
perk_rage
false
0.774751
silverback
ape
gorila
de costas prateadas
macaco
горилла
серебряный
обезьяна
gorilla
punggung-perak
kera
gorila
espalda plateada
mono
กอริลลา
เงินกลับ
ลิง
de costas prateadas
серебряная
espalda plateada
M
F
M
серебряное
false
Uncooked Meat
Bones
?
?
?
15
torso
False
False
False
False
False
0.211
0.211
0.361
0
0
0
-1
3
1
5
6
0
0
0
0
None
7
2
-0.06975
0
0
0.997564
0
0
0
-0.12186
0
0
0.992546
0
0.02
0
3
0.069756
0
0
0.997564
0
0
0
-0.05233
0
0
0.998629
0
0
0
-0.05233
0
0
0.998629
0
0
0
3
-0.06958
0.069586
-0.00486
0.995134
0
0
0
-0.13917
0
0
0.990268
0
0
0
-0.06958
-0.06958
0.004865
0.995134
0
0
0
3
0.147809
0
0
0.989015
0
-0.12
-0.2
0.147809
0
0
0.989015
0
0
0.12
-0.24192
0
0
0.970295
0
0.02
0.24
2
-0.66262
0
0
0.748955
0
-0.04
0.16
-0.69465
0
0
0.719339
0
-0.04
0.16
2
-0.99984
0
0
0.017452
0
-0.14
-0.6
-0.99984
0
0
0.017452
0
-0.16
-0.6
2
-0.24192
0
0
0.970295
0
0
0
-0.3665
0
0
0.930417
0
0
0
neck
False
False
False
True
False
0.121
0.181
0.111
0
0
0
0
1
2
0
0
-2
0
None
7
2
-0.13917
0
0
0.990268
0.071318
-0.1136
1.000003
-0.22495
0
0
0.97437
0.071317
0.497622
1
3
-0.13917
0
0
0.990268
0.071318
-0.1136
1.000003
-0.13917
0
0
0.990268
0.071318
-0.1136
1.000003
-0.13917
0
0
0.990268
0.071318
-0.1136
1.000003
3
-0.13917
0
0
0.990268
0.071318
-0.1136
1.000003
-0.13917
0
0
0.990268
0.071318
-0.1136
1.000003
-0.13917
0
0
0.990268
0.071318
-0.1136
1.000003
3
-0.13917
0
0
0.990268
0.071318
-0.1136
1.000003
-0.13917
0
0
0.990268
0.071319
-0.1076
1
-0.13917
0
0
0.990268
0.071319
-0.1076
1
2
0.121869
0
0
0.992546
0.071315
-0.39515
1.000001
0.121869
0
0
0.992546
0.071315
-0.39515
1.000001
2
-0.13917
0
0
0.990268
0.071318
-0.1136
1.000003
-0.13917
0
0
0.990268
0.071318
-0.1136
1.000003
2
-0.13917
0
0
0.990268
0.071318
-0.1136
1.000003
0.078459
0
0
0.996917
0.071317
-0.4715
1.000002
head
False
False
False
False
False
0.131
0.161
0.111
0
0
0
1
4
3
4
11
12
0
0
-10
0
None
7
2
0.104528
0
0
0.994522
0
-0.04072
0.999998
-0.10452
0
0
0.994522
0
0.121458
1.000006
3
-0.03489
0
0
0.99939
0
0.164336
1.000005
0.104528
0
0
0.994522
0
-0.04072
0.999998
0.104528
0
0
0.994522
0
-0.04072
0.999998
3
0.104528
0
0
0.994522
0
-0.04072
0.999998
0.104528
0
0
0.994522
0
-0.04072
0.999998
0.104528
0
0
0.994522
0
-0.04072
0.999998
3
0.438371
0
0
0.898794
0
-0.04072
0.999998
0.477158
0
0
0.878817
0
-0.04072
0.999998
0.477158
0
0
0.878817
0
-0.04072
0.999998
2
0.061048
0
0
0.998134
0
-0.99999
0.691293
0.061048
0
0
0.998134
0
-0.99999
0.691293
2
-0.98162
0
0
0.190809
0
-0.04072
0.999998
-0.98162
0
0
0.190809
0
-0.04072
0.999998
2
0.104528
0
0
0.994522
0
-0.04072
0.999998
0.104528
0
0
0.994522
0
-0.04072
0.999998
snout
False
False
False
True
False
0.060998
0.081
0.021
0
0
0
2
2
13
14
0
0
-9
0
None
7
2
0.034835
-0.00234
0
0.99939
0.026195
-0.41636
1.000007
0.034835
-0.00234
0
0.99939
0.026195
-0.41636
1.000007
3
0.034835
-0.00234
0
0.99939
0.026195
-0.41636
1.000007
0.034835
-0.00234
0
0.99939
0.026195
-0.41636
1.000007
0.034835
-0.00234
0
0.99939
0.026195
-0.41636
1.000007
3
0.034835
-0.00234
0
0.99939
0.026195
-0.41636
1.000007
0.034835
-0.00234
0
0.99939
0.026195
-0.41636
1.000007
0.034835
-0.00234
0
0.99939
0.026195
-0.41636
1.000007
3
0.034835
-0.00234
0
0.99939
0.026195
-0.41636
1.000007
0.034835
-0.00234
0
0.99939
0.026195
-0.41636
1.000007
0.034835
-0.00234
0
0.99939
0.026195
-0.41636
1.000007
2
0.034835
-0.00234
0
0.99939
0.026195
-0.41636
1.000007
0.034835
-0.00234
0
0.99939
0.026195
-0.41636
1.000007
2
0.034835
-0.00234
0
0.99939
0.026195
-0.41636
1.000007
0.034835
-0.00234
0
0.99939
0.026195
-0.41636
1.000007
2
0.034835
-0.00234
0
0.99939
0.026195
-0.41636
1.000007
0.034835
-0.00234
0
0.99939
0.026195
-0.41636
1.000007
eyes
True
True
False
True
False
0.06
0.06
0.05
0
0
0.01
2
0
0
0
0
0
SeriousEye
7
2
0
0
0
1
-0.80001
0.131735
1.000001
0
0
0
1
-0.80001
0.131735
1.000001
3
0
0
0
1
-0.80001
0.131735
1.000001
0
0
0
1
-0.80001
0.131735
1.000001
0
0
0
1
-0.80001
0.131735
1.000001
3
0
0
0
1
-0.80001
0.131735
1.000001
0
0
0
1
-0.80001
0.131735
1.000001
0
0
0
1
-0.80001
0.131735
1.000001
3
0
0
0
1
-0.80001
0.131735
1.000001
0
0
0
1
-0.80001
0.131735
1.000001
0
0
0
1
-0.80001
0.131735
1.000001
2
0
0
0
1
-0.80001
0.131735
1.000001
0
0
0
1
-0.80001
0.131735
1.000001
2
0
0
0
1
-0.80001
0.131735
1.000001
0
0
0
1
-0.80001
0.131735
1.000001
2
0
0
0
1
-0.80001
0.131735
1.000001
0
0
0
1
-0.80001
0.131735
1.000001
shoulder
False
True
True
False
False
0.111
0.131
0.191
0.02
0
-0.08
0
1
7
0
0
-12
0
None
7
2
-0.60009
0.274525
-0.23035
0.715164
-0.99999
-0.13679
0.67875
-0.64278
0
0
0.766044
-0.99999
-0.11128
0.818391
3
-0.60009
0.274525
-0.23035
0.715164
-1
-0.33766
0.371904
-0.69378
0.303913
-0.1899
0.624687
-0.99999
-0.07671
0.585871
-0.73567
0.31642
-0.16824
0.574769
-1
-0.32634
0.923396
3
-0.60776
0.249399
-0.20927
0.724309
-0.99999
-0.13679
0.67875
-0.62874
0.159269
-0.13364
0.749304
-0.99999
0.169911
0.610942
-0.64239
0.026734
-0.02243
0.765577
-0.99999
-0.29038
0.554029
3
-0.35726
0.192551
-0.30224
0.862515
-1
0.264271
0.484706
-0.818
0.154791
-0.12884
0.538803
-0.99999
-0.13679
0.67875
-0.9671
0.201167
0.009583
-0.15538
-0.99999
-0.13679
0.67875
2
-0.59826
0.28231
-0.2375
0.71132
-0.99999
-0.13679
0.67875
-0.59826
0.28231
-0.2375
0.71132
-0.99999
-0.13679
0.67875
2
-0.76474
-0.20555
-0.29355
-0.53548
-0.99999
-0.13679
0.67875
-0.76474
-0.20555
-0.29355
-0.53548
-0.99999
-0.13679
0.67875
2
-0.66014
0.205551
0.293557
-0.66014
-0.99999
-0.13679
0.67875
-0.472
-0.00124
0.28259
-0.83507
-1
0.435942
0.474459
hip
False
True
False
False
False
0.111
0.131
0.201
0
0
0
0
1
9
0
0
-2
0
None
7
2
-0.55919
0
0
0.829037
-0.72959
-0.0517
-0.99999
-0.55919
0
0
0.829037
-0.7085
-0.25998
-1
3
-0.68199
0
0
0.731353
-0.99999
-0.22635
-0.70915
-0.81915
0
0
0.573576
-0.99999
-0.51862
-0.39878
-0.55919
0
0
0.829037
-1
-0.71689
-0.86995
3
-0.55069
0.14396
-0.0971
0.816442
-0.88287
-0.54449
-0.99999
-0.55919
0
0
0.829037
-0.9996
0.285798
-1
-0.55375
-0.11537
0.077824
0.820969
-0.72959
-0.3277
-1
3
-0.52249
0
0
0.85264
-0.72967
-0.75117
-0.99999
-0.4848
0
0
0.874619
-0.72949
-0.75871
-1
-0.4848
0
0
0.874619
-0.72949
-0.75871
-1
2
-0.98901
0
0
0.147809
-0.64149
-0.99999
-0.73909
-0.98901
0
0
0.147809
-0.64149
-0.99999
-0.73909
2
-0.87461
0
0
-0.4848
-0.72959
-0.0517
-0.99999
-0.87461
0
0
-0.4848
-0.72959
-0.0517
-0.99999
2
-0.55919
0
0
0.829037
-0.72959
-0.0517
-0.99999
-0.55919
0
0
0.829037
-0.72959
-0.0517
-0.99999
arm
False
False
True
False
False
0.131
0.090997
0.171
0
0
-0.12
5
1
8
0
0
-13
0
None
7
2
-0.69465
0
0
0.719339
-0.03206
-0.1696
-0.99999
-0.69465
0
0
0.719339
-0.03206
-0.1696
-0.99999
3
-0.57357
0
0
0.819151
-0.03209
0.162702
-1
-0.6841
0.124912
-0.12062
0.708411
-0.03206
-0.1696
-0.99999
-0.78693
0.032221
-0.04124
0.614817
-0.03206
-0.1696
-0.99999
3
-0.67402
0.174024
-0.16805
0.697972
-0.03206
-0.1696
-0.99999
-0.69465
0
0
0.719339
-0.03206
-0.1696
-0.99999
-0.69465
0
0
0.719339
-0.03206
-0.1696
-0.99999
3
-0.83309
0.022791
0.037191
0.551411
-0.03206
-0.1696
-0.99999
-0.99452
0
0
0.104528
-0.03206
-0.1696
-0.99999
-0.58778
0
0
-0.80901
-0.03206
-0.1696
-0.99999
2
-0.92584
-0.05052
0.210459
0.309782
-0.03206
-0.1696
-0.99999
-0.92584
-0.05052
0.210459
0.309782
-0.03206
-0.1696
-0.99999
2
-0.77714
0
0
-0.62932
-0.03206
-0.1696
-0.99999
-0.77714
0
0
-0.62932
-0.03206
-0.1696
-0.99999
2
0.656058
0
0
0.754709
-0.03206
-0.1696
-0.99999
0.543551
-0.1448
-0.09584
0.821217
-0.03206
-0.1696
-0.99999
hand
False
False
True
False
False
0.070999
0.071
0.091
0
-0.02
0
7
0
0
0
-5
0
None
7
2
0
0
0
1
0.191318
0.060081
-1
0
0
0
1
0.191318
0.060081
-1
3
0
0
0
1
0.191318
0.060081
-1
0
0
0
1
0.191318
0.060081
-1
0
0
0
1
0.191318
0.060081
-1
3
0
0
0
1
0.191318
0.060081
-1
0
0
0
1
0.191318
0.060081
-1
0
0
0
1
0.191318
0.060081
-1
3
0
0
0
1
0.191318
0.060081
-1
0
0
0
1
0.191318
0.060081
-1
0
0
0
1
0.191318
0.060081
-1
2
0
0
0
1
0.191318
0.060081
-1
0
0
0
1
0.191318
0.060081
-1
2
-0.99619
0
0
0.087155
0.191318
0.060081
-1
-0.99619
0
0
0.087155
0.191318
0.060081
-1
2
0
0
0
1
0.191318
0.060081
-1
0
0
0
1
0.191318
0.060081
-1
leg
False
False
False
False
False
0.101
0.101
0.131
0
0
-0.1
6
1
10
0
0
-7
0
None
7
2
-0.62932
0
0
0.777146
-0.06816
0
-1
-0.62932
0
0
0.777146
-0.06816
0
-1
3
-0.42261
0
0
0.906307
-0.06816
0
-1
-0.62932
0
0
0.777146
-0.06816
0
-1
-0.62932
0
0
0.777146
-0.06816
0
-1
3
-0.61975
0.13495
-0.10928
0.765339
-0.06816
0
-1
-0.5047
-0.02713
-0.0335
0.862211
-0.06816
0
-1
-0.61775
-0.14828
0.12008
0.762867
-0.06816
0
-1
3
-0.62932
0
0
0.777146
-0.06816
0
-1
-0.44619
0
0
0.894934
-0.06816
0
-1
-0.44619
0
0
0.894934
-0.06816
0
-1
2
-0.52249
0
0
0.85264
-0.06816
0
-1
-0.52249
0
0
0.85264
-0.06816
0
-1
2
-0.82903
0
0
-0.55919
-0.06816
0
-1
-0.82903
0
0
-0.55919
-0.06816
0
-1
2
-0.62932
0
0
0.777146
-0.06816
0
-1
-0.62932
0
0
0.777146
-0.06816
0
-1
foot
False
False
False
False
False
0.090998
0.031
0.131
0
0
0
9
0
0
0
-10
0
None
7
2
0
-0.10452
0
0.994522
-0.07333
-0.55534
-0.99999
0
-0.10452
0
0.994522
-0.07333
-0.55534
-0.99999
3
0.257401
-0.10096
0.027053
0.960634
-0.07333
-0.55534
-0.99999
0
-0.10452
0
0.994522
-0.07333
-0.55534
-0.99999
0
-0.10452
0
0.994522
-0.07333
-0.55534
-0.99999
3
0
-0.10452
0
0.994522
-0.07333
-0.55534
-0.99999
0
-0.10452
0
0.994522
-0.07333
-0.55534
-0.99999
0
-0.10452
0
0.994522
-0.07333
-0.55534
-0.99999
3
0
-0.10452
0
0.994522
-0.07333
-0.55534
-0.99999
0
-0.10452
0
0.994522
-0.07333
-0.55534
-0.99999
0
-0.10452
0
0.994522
-0.07333
-0.55534
-0.99999
2
0.257401
-0.10096
0.027053
0.960634
-0.07333
-0.55534
-0.99999
0.257401
-0.10096
0.027053
0.960634
-0.07333
-0.55534
-0.99999
2
-0.99073
-0.00911
0.10413
0.086678
-0.07333
-0.55534
-0.99999
-0.99073
-0.00911
0.10413
0.086678
-0.07333
-0.55534
-0.99999
2
0
-0.10452
0
0.994522
-0.07333
-0.55534
-0.99999
0
-0.10452
0
0.994522
-0.07333
-0.55534
-0.99999
ear
False
True
False
True
False
0.031
0.041
0.021
0
0
0
2
0
0
0
-15
0
None
7
2
-0.1192
-0.02533
-0.20636
0.970856
-1
0.469889
-0.47678
-0.1192
-0.02533
-0.20636
0.970856
-1
0.469889
-0.47678
3
-0.1192
-0.02533
-0.20636
0.970856
-1
0.469889
-0.47678
-0.1192
-0.02533
-0.20636
0.970856
-1
0.469889
-0.47678
-0.1192
-0.02533
-0.20636
0.970856
-1
0.469889
-0.47678
3
-0.1192
-0.02533
-0.20636
0.970856
-1
0.469889
-0.47678
-0.1192
-0.02533
-0.20636
0.970856
-1
0.469889
-0.47678
-0.1192
-0.02533
-0.20636
0.970856
-1
0.469889
-0.47678
3
-0.1192
-0.02533
-0.20636
0.970856
-1
0.469889
-0.47678
-0.1192
-0.02533
-0.20636
0.970856
-1
0.469889
-0.47678
-0.1192
-0.02533
-0.20636
0.970856
-1
0.469889
-0.47678
2
-0.1192
-0.02533
-0.20636
0.970856
-1
0.469889
-0.47678
-0.1192
-0.02533
-0.20636
0.970856
-1
0.469889
-0.47678
2
-0.1192
-0.02533
-0.20636
0.970856
-1
0.469889
-0.47678
-0.1192
-0.02533
-0.20636
0.970856
-1
0.469889
-0.47678
2
-0.1192
-0.02533
-0.20636
0.970856
-1
0.469889
-0.47678
-0.1192
-0.02533
-0.20636
0.970856
-1
0.469889
-0.47678
headcrest
False
False
False
True
True
0.121
0.131
0.131
0
-0.02
0.02
2
0
0
0
-12
0
None
7
2
0
0
0
1
0.074099
0.969958
-0.99999
0
0
0
1
0.074099
0.969958
-0.99999
3
0
0
0
1
0.074099
0.969958
-0.99999
0
0
0
1
0.074099
0.969958
-0.99999
0
0
0
1
0.074099
0.969958
-0.99999
3
0
0
0
1
0.074099
0.969958
-0.99999
0
0
0
1
0.074099
0.969958
-0.99999
0
0
0
1
0.074099
0.969958
-0.99999
3
0
0
0
1
0.074099
0.969958
-0.99999
0
0
0
1
0.074099
0.969958
-0.99999
0
0
0
1
0.074099
0.969958
-0.99999
2
0
0
0
1
0.074084
0.970094
-1.00001
0
0
0
1
0.074084
0.970094
-1.00001
2
0
0
0
1
0.074099
0.969958
-0.99999
0
0
0
1
0.074099
0.969958
-0.99999
2
0
0
0
1
0.074099
0.969958
-0.99999
0
0
0
1
0.074099
0.969958
-0.99999
mouth
True
False
False
True
False
0.11
0.059999
0.05
0
0
0.01
3
0
0
0
0
0
FishMouth
7
2
0.130526
0
0
0.991444
-0.14086
-0.47517
0.999986
0.130526
0
0
0.991444
-0.14081
-0.50161
0.999981
3
0.130526
0
0
0.991444
-0.14087
-0.20712
0.99999
0.130526
0
0
0.991444
-0.14087
-0.20712
0.99999
0.130526
0
0
0.991444
-0.14087
-0.20712
0.99999
3
0.130526
0
0
0.991444
-0.14087
-0.20712
0.99999
0.130526
0
0
0.991444
-0.14087
-0.20712
0.99999
0.130526
0
0
0.991444
-0.14087
-0.20712
0.99999
3
0.130526
0
0
0.991444
-0.14087
-0.20712
0.99999
0.130526
0
0
0.991444
-0.14087
-0.20712
0.99999
0.130526
0
0
0.991444
-0.14087
-0.20712
0.99999
2
0.130526
0
0
0.991444
-0.14086
-0.47517
0.999986
0.130526
0
0
0.991444
-0.14086
-0.47517
0.999986
2
0.130526
0
0
0.991444
-0.14086
-0.47517
0.999986
0.130526
0
0
0.991444
-0.14086
-0.47517
0.999986
2
0.130526
0
0
0.991444
-0.14087
-0.20712
0.99999
0.130526
0
0
0.991444
-0.14087
-0.20712
0.99999
snouttip
False
False
False
True
False
0.051
0.031
0.011
0
0
0
3
0
0
0
-4
0
pigSnout
7
2
-0.13052
0
0
0.991444
0
0.510621
0.999975
-0.13052
0
0
0.991444
0
0.510621
0.999975
3
-0.13052
0
0
0.991444
0
0.510621
0.999975
-0.13052
0
0
0.991444
0
0.510621
0.999975
-0.13052
0
0
0.991444
0
0.510621
0.999975
3
-0.13052
0
0
0.991444
0
0.510621
0.999975
-0.13052
0
0
0.991444
0
0.510621
0.999975
-0.13052
0
0
0.991444
0
0.510621
0.999975
3
-0.13052
0
0
0.991444
0
0.510621
0.999975
-0.13052
0
0
0.991444
0
0.510621
0.999975
-0.13052
0
0
0.991444
0
0.510621
0.999975
2
-0.13052
0
0
0.991444
0
0.601565
1.000006
-0.13052
0
0
0.991444
0
0.601565
1.000006
2
-0.13052
0
0
0.991444
0
0.601565
1.000006
-0.13052
0
0
0.991444
0
0.601565
1.000006
2
-0.13052
0
0
0.991444
0
0.510621
0.999975
-0.13052
0
0
0.991444
0
0.510621
0.999975
