30
0.361085
0.137254
0.690196
0.137254
perk_dash
false
0.773969
hopping
hopper
gafanhoto
saltando
saltidor
кузнечик
прыжки
джемпер
belalang
yang melompat
peloncat
saltamontes
saltando
saltador
ตั๊กแตน
กระโดด
จัมเปอร์
saltanda
прыжки
saltando
M
M
M
прыжки
false
Bug Meat
?
?
?
?
18
torso
False
False
False
False
False
0.111
0.111
0.181
0
0
0
-1
5
1
4
5
10
16
0
0
-2
0
None
7
2
0.026176
0
0
0.999657
0
0
0
0.026176
0
0
0.999657
0
0
0
3
-0.06104
0
0
0.998134
0
0
0
-0.06104
0
0
0.998134
0
0
0
0.113203
0
0
0.993571
0
0
0
3
0.026176
0
0
0.999657
0
0
0
0.026176
0
0
0.999657
0
0
0
0.026176
0
0
0.999657
0
0
0
3
0.199368
0
0
0.979924
0
-0.18
-0.26
0.241922
0
0
0.970295
0
0.08
0.22
0.241922
0
0
0.970295
0
0.08
0.22
2
-0.51503
0
0
0.857167
0
0.2
0.24
-0.55193
0
0
0.833885
0
0.2
0.24
2
-0.99965
0
0
0.026177
0
-0.32
-0.4
-0.99965
0
0
0.026177
0
-0.34
-0.4
2
0.026176
0
0
0.999657
0
0
0
0.026176
0
0
0.999657
0
0
0
neck
False
False
False
True
False
0.121
0.111
0.101
0
0
0.06
0
1
2
0
0
0
0
None
7
2
0
0
0
1
0
0.28409
1.000002
0.043619
0
0
0.999048
0
0.28409
1.000002
3
0
0
0
1
0
0.28409
1.000002
0
0
0
1
0
0.28409
1.000002
0
0
0
1
0
0.28409
1.000002
3
0
0
0
1
0
0.28409
1.000002
0
0
0
1
0
0.28409
1.000002
0
0
0
1
0
0.28409
1.000002
3
0
0
0
1
0
0.28409
1.000002
0.216439
0
0
0.976296
0
0.28409
1.000002
0.216439
0
0
0.976296
0
0.28409
1.000002
2
0.300705
0
0
0.953716
0
0.013681
0.999997
0.300705
0
0
0.953716
0
0.013681
0.999997
2
0
0
0
1
0
0.28409
1.000002
0
0
0
1
0
0.28409
1.000002
2
0
0
0
1
0
0.28409
1.000002
0
0
0
1
0
0.28409
1.000002
head
False
False
False
False
False
0.090999
0.091
0.051
0
0
0
1
3
3
13
14
0
2
-5
0
None
7
2
0.113203
0
0
0.993571
0.013187
0.005518
1.000024
0.156434
0
0
0.987688
0.013187
0.005518
1.000024
3
0.113203
0
0
0.993571
0.013187
0.005518
1.000024
0.113203
0
0
0.993571
0.013187
0.005518
1.000024
0.113203
0
0
0.993571
0.013187
0.005518
1.000024
3
0.113203
0
0
0.993571
0.013187
0.005518
1.000024
0.113203
0
0
0.993571
0.013187
0.005518
1.000024
0.113203
0
0
0.993571
0.013187
0.005518
1.000024
3
0.559193
0
0
0.829037
0.013187
0.005518
1.000024
0.522498
0
0
0.85264
0.013187
0.005518
1.000024
-0.3173
0
0
0.948323
0.013187
0.005518
1.000024
2
0.113203
0
0
0.993571
0.013187
0.005518
1.000024
0.113203
0
0
0.993571
0.013187
0.005518
1.000024
2
-0.99357
0
0
0.113203
0.013187
0.005518
1.000024
-0.99357
0
0
0.113203
0.013187
0.005518
1.000024
2
0.113203
0
0
0.993571
0.013187
0.005518
1.000024
0.113203
0
0
0.993571
0.013187
0.005518
1.000024
eyes
True
True
False
True
False
0.079999
0.08
0.05
0
0
0.01
2
0
0
0
0
0
NinjaEye
7
2
0.024167
-0.13705
-0.17195
0.975223
-0.73001
-0.01437
0.999999
0.024167
-0.13705
-0.17195
0.975223
-0.73001
-0.01437
0.999999
3
0.024167
-0.13705
-0.17195
0.975223
-0.73001
-0.01437
0.999999
0.024167
-0.13705
-0.17195
0.975223
-0.73001
-0.01437
0.999999
0.024167
-0.13705
-0.17195
0.975223
-0.73001
-0.01437
0.999999
3
0.024167
-0.13705
-0.17195
0.975223
-0.73001
-0.01437
0.999999
0.024167
-0.13705
-0.17195
0.975223
-0.73001
-0.01437
0.999999
0.024167
-0.13705
-0.17195
0.975223
-0.73001
-0.01437
0.999999
3
0.024167
-0.13705
-0.17195
0.975223
-0.73001
-0.01437
0.999999
0.024167
-0.13705
-0.17195
0.975223
-0.73001
-0.01437
0.999999
0.024167
-0.13705
-0.17195
0.975223
-0.73001
-0.01437
0.999999
2
0.024167
-0.13705
-0.17195
0.975223
-0.73001
-0.01437
0.999999
0.024167
-0.13705
-0.17195
0.975223
-0.73001
-0.01437
0.999999
2
0.024167
-0.13705
-0.17195
0.975223
-0.73001
-0.01437
0.999999
0.024167
-0.13705
-0.17195
0.975223
-0.73001
-0.01437
0.999999
2
0.024167
-0.13705
-0.17195
0.975223
-0.73001
-0.01437
0.999999
0.024167
-0.13705
-0.17195
0.975223
-0.73001
-0.01437
0.999999
shoulder
False
True
True
False
False
0.031000
0.031000
0.111
0
0
-0.06
0
1
6
-7
-9
1
0
None
7
2
-0.45092
0.563704
-0.51856
0.458261
-0.99999
-0.85803
0.747156
-0.40642
0.560861
-0.56091
0.453461
-0.99999
-0.85803
0.747156
3
-0.29224
0.38168
-0.66406
0.572645
-0.99999
-0.85803
0.747156
-0.37764
0.652972
-0.56767
0.329778
-0.99999
-0.85803
0.747156
-0.56785
0.693548
-0.32505
0.301456
-0.99999
-0.85803
0.747156
3
-0.45092
0.563704
-0.51856
0.458261
-0.99999
-0.85803
0.747156
-0.45092
0.563704
-0.51856
0.458261
-0.99999
-0.85803
0.747156
-0.45092
0.563704
-0.51856
0.458261
-0.99999
-0.85803
0.747156
3
-0.45092
0.563704
-0.51856
0.458261
-0.99999
-0.27602
0.62236
-0.45092
0.563704
-0.51856
0.458261
-0.99999
-0.09802
0.747096
-0.66673
0.245968
-0.3586
0.605287
-1
-0.6807
0.747065
2
-0.60707
0.453212
-0.29873
0.580361
-0.8249
-1
0.616361
-0.60707
0.453212
-0.29873
0.580361
-0.8249
-1
0.616361
2
-0.45826
-0.51856
-0.5637
-0.45092
-0.99999
-0.85803
0.747156
-0.45826
-0.51856
-0.5637
-0.45092
-0.99999
-0.85803
0.747156
2
-0.45092
0.563704
-0.51856
0.458261
-0.99999
-0.85803
0.747156
-0.45092
0.563704
-0.51856
0.458261
-0.99999
-0.85803
0.747156
hip
False
True
True
False
False
0.041000
0.041000
0.181
0
0
-0.14
0
1
8
0
0
-3
0
None
7
2
0.202136
0.386557
-0.76829
0.468442
-0.90691
-0.17203
-1
0.249186
0.458124
-0.72846
0.444261
-0.90691
-0.17203
-1
3
0.031055
0.276004
-0.79383
0.541005
-0.90691
-0.17203
-1
0.285155
0.529273
-0.69268
0.398423
-0.90691
-0.17203
-1
0.332478
0.462028
-0.72152
0.394201
-0.90691
-0.17203
-1
3
0.202136
0.386557
-0.76829
0.468442
-0.90691
-0.17203
-1
0.202136
0.386557
-0.76829
0.468442
-0.90691
-0.17203
-1
0.202136
0.386557
-0.76829
0.468442
-0.90691
-0.17203
-1
3
0.202136
0.386557
-0.76829
0.468442
-0.90691
-0.17203
-1
0.202136
0.386557
-0.76829
0.468442
-0.90691
-0.17203
-1
0.116544
0.202601
-0.84525
0.480533
-0.90691
-0.17203
-1
2
-0.08296
0.751029
-0.63009
0.179019
-0.90691
-0.17203
-1
-0.08296
0.751029
-0.63009
0.179019
-0.90691
-0.17203
-1
2
-0.46844
-0.76829
-0.38655
0.202136
-0.90691
-0.17203
-1
-0.46844
-0.76829
-0.38655
0.202136
-0.90691
-0.17203
-1
2
0.202136
0.386557
-0.76829
0.468442
-0.90691
-0.17203
-1
0.202136
0.386557
-0.76829
0.468442
-0.90691
-0.17203
-1
arm
False
False
True
False
False
0.011
0.021
0.151
0
0
-0.1
4
1
7
-7
-9
1
0
None
7
2
-0.75925
-0.12892
-0.14454
0.621298
0.189457
-0.09502
-0.99999
-0.75925
-0.12892
-0.14454
0.621298
0.189457
-0.09502
-0.99999
3
-0.63983
-0.15206
-0.11995
0.743703
0.189457
-0.09502
-0.99999
-0.70997
0.008607
-0.30545
0.634475
0.189457
-0.09502
-0.99999
-0.85561
-0.10186
-0.16473
0.480015
0.189457
-0.09502
-0.99999
3
-0.75925
-0.12892
-0.14454
0.621298
0.189457
-0.09502
-0.99999
-0.75925
-0.12892
-0.14454
0.621298
0.189457
-0.09502
-0.99999
-0.75925
-0.12892
-0.14454
0.621298
0.189457
-0.09502
-0.99999
3
-0.56932
0.015702
-0.37696
0.730426
0.189457
-0.09502
-0.99999
-0.75925
-0.12892
-0.14454
0.621298
0.189457
-0.09502
-0.99999
-0.75925
-0.12892
-0.14454
0.621298
0.189457
-0.09502
-0.99999
2
-0.75925
-0.12892
-0.14454
0.621298
0.189457
-0.09502
-0.99999
-0.75925
-0.12892
-0.14454
0.621298
0.189457
-0.09502
-0.99999
2
-0.62129
-0.14454
0.128922
-0.75925
0.189457
-0.09502
-0.99999
-0.62129
-0.14454
0.128922
-0.75925
0.189457
-0.09502
-0.99999
2
-0.75925
-0.12892
-0.14454
0.621298
0.189457
-0.09502
-0.99999
-0.75925
-0.12892
-0.14454
0.621298
0.189457
-0.09502
-0.99999
hand
False
False
True
False
False
0.011
0.021
0.070999
0
-0.02
0.04
6
0
0
-9
-11
0
None
7
2
0
-0.13917
0
0.990268
0.147063
-0.57498
-0.99999
0
-0.13917
0
0.990268
0.147063
-0.57498
-0.99999
3
0
-0.61566
0
0.78801
0.147063
-0.57498
-0.99999
-0.14563
-0.53636
-0.09457
0.825929
0.147063
-0.57498
-0.99999
0
-0.13917
0
0.990268
0.147063
-0.57498
-0.99999
3
0
-0.13917
0
0.990268
0.147063
-0.57498
-0.99999
0
-0.13917
0
0.990268
0.147063
-0.57498
-0.99999
0
-0.13917
0
0.990268
0.147063
-0.57498
-0.99999
3
0
-0.13917
0
0.990268
0.147063
-0.57498
-0.99999
0
-0.13917
0
0.990268
0.147063
-0.57498
-0.99999
0
-0.13917
0
0.990268
0.147063
-0.57498
-0.99999
2
0
-0.13917
0
0.990268
0.147063
-0.57498
-0.99999
0
-0.13917
0
0.990268
0.147063
-0.57498
-0.99999
2
-0.99026
0
0.139173
0
0.147063
-0.57498
-0.99999
-0.99026
0
0.139173
0
0.147063
-0.57498
-0.99999
2
0
-0.13917
0
0.990268
0.147063
-0.57498
-0.99999
0
-0.13917
0
0.990268
0.147063
-0.57498
-0.99999
leg
False
False
True
False
False
0.021
0.021
0.280999
0
0
-0.34
5
1
9
-7
-9
1
0
None
7
2
-0.6328
0.178465
-0.13694
0.740916
-0.2932
0.159393
-0.99999
-0.6328
0.178465
-0.13694
0.740916
-0.2932
0.159393
-0.99999
3
-0.45743
0.144595
-0.17232
0.860317
-0.2932
0.159393
-0.99999
-0.75184
0.199534
-0.10387
0.619775
-0.2932
0.159393
-0.99999
-0.66451
0.184269
-0.12902
0.712608
-0.2932
0.159393
-0.99999
3
-0.6328
0.178465
-0.13694
0.740916
-0.2932
0.159393
-0.99999
-0.6328
0.178465
-0.13694
0.740916
-0.2932
0.159393
-0.99999
-0.6328
0.178465
-0.13694
0.740916
-0.2932
0.159393
-0.99999
3
-0.6328
0.178465
-0.13694
0.740916
-0.2932
0.159393
-0.99999
-0.6328
0.178465
-0.13694
0.740916
-0.2932
0.159393
-0.99999
-0.6328
0.178465
-0.13694
0.740916
-0.2932
0.159393
-0.99999
2
-0.67323
0.121459
-0.07061
0.725957
-0.2932
0.159393
-0.99999
-0.67323
0.121459
-0.07061
0.725957
-0.2932
0.159393
-0.99999
2
-0.74091
-0.13694
-0.17846
-0.6328
-0.2932
0.159393
-0.99999
-0.74091
-0.13694
-0.17846
-0.6328
-0.2932
0.159393
-0.99999
2
-0.6328
0.178465
-0.13694
0.740916
-0.2932
0.159393
-0.99999
-0.6328
0.178465
-0.13694
0.740916
-0.2932
0.159393
-0.99999
foot
False
False
True
False
False
0.011
0.021
0.091000
0
0
0.08
8
0
0
-9
-11
0
None
7
2
0
-0.99144
0
0.130526
0.13029
-0.13534
-1
0
-0.99144
0
0.130526
0.13029
-0.13534
-1
3
0
-0.99144
0
0.130526
0.13029
-0.13534
-1
0
-0.46174
0
0.887011
0.13029
-0.13534
-1
0
-0.76604
0
0.642787
0.13029
-0.13534
-1
3
0
-0.99144
0
0.130526
0.13029
-0.13534
-1
0
-0.99144
0
0.130526
0.13029
-0.13534
-1
0
-0.99144
0
0.130526
0.13029
-0.13534
-1
3
0
-0.99144
0
0.130526
0.13029
-0.13534
-1
0
-0.99144
0
0.130526
0.13029
-0.13534
-1
0
-0.99144
0
0.130526
0.13029
-0.13534
-1
2
0.013116
-0.9528
0.300419
0.0416
0.13029
-0.13534
-1
0.013116
-0.9528
0.300419
0.0416
0.13029
-0.13534
-1
2
-0.13052
0
0.991444
0
0.13029
-0.13534
-1
-0.13052
0
0.991444
0
0.13029
-0.13534
-1
2
0
-0.99144
0
0.130526
0.13029
-0.13534
-1
0
-0.99144
0
0.130526
0.13029
-0.13534
-1
extrahip
False
True
True
False
False
0.031
0.041
0.101
0
0
-0.09999
0
1
11
-7
-9
1
0
None
7
2
0.150464
0.642889
-0.13079
0.739558
-0.99999
-0.98197
0.018788
0.118062
0.647982
-0.10263
0.745417
-0.99999
-0.98197
0.018788
3
0.098447
0.508697
-0.12157
0.846613
-0.99999
-0.98197
0.018788
0.201735
0.726709
-0.13352
0.642936
-0.99999
-0.98197
0.018788
0.125018
0.865475
-0.01832
0.484754
-0.99999
-0.98197
0.018788
3
0.118062
0.647982
-0.10263
0.745417
-0.99999
-0.98197
0.018788
0.118062
0.647982
-0.10263
0.745417
-0.99999
-0.98197
0.018788
0.118062
0.647982
-0.10263
0.745417
-0.99999
-0.98197
0.018788
3
0.150464
0.642889
-0.13079
0.739558
-0.99999
-0.98197
0.018788
0.150464
0.642889
-0.13079
0.739558
-0.99999
-0.98197
0.018788
0.150464
0.642889
-0.13079
0.739558
-0.99999
-0.98197
0.018788
2
0.118062
0.647982
-0.10263
0.745417
-1
-0.4058
0.0253
0.118062
0.647982
-0.10263
0.745417
-1
-0.4058
0.0253
2
-0.73955
-0.13079
-0.64288
0.150464
-0.99999
-0.98197
0.018788
-0.73955
-0.13079
-0.64288
0.150464
-0.99999
-0.98197
0.018788
2
0.118062
0.647982
-0.10263
0.745417
-0.99999
-0.98197
0.018788
0.118062
0.647982
-0.10263
0.745417
-0.99999
-0.98197
0.018788
extraleg
False
False
True
False
False
0.021
0.021
0.151
0
0.02
-0.16
10
1
12
-7
-9
1
0
None
7
2
-0.43968
0.528628
0.412948
0.597244
-0.16136
1.000006
-0.92774
-0.43968
0.528628
0.412948
0.597244
-0.16136
1.000006
-0.92774
3
-0.38202
0.446149
0.466806
0.661135
-0.16136
1.000006
-0.92774
-0.42436
0.608982
0.321202
0.588122
-0.16136
1.000006
-0.92774
-0.56205
0.579833
0.365401
0.462997
-0.16136
1.000006
-0.92774
3
-0.43968
0.528628
0.412948
0.597244
-0.16136
1.000006
-0.92774
-0.43968
0.528628
0.412948
0.597244
-0.16136
1.000006
-0.92774
-0.43968
0.528628
0.412948
0.597244
-0.16136
1.000006
-0.92774
3
-0.43968
0.528628
0.412948
0.597244
-0.16136
1.000006
-0.92774
-0.43968
0.528628
0.412948
0.597244
-0.16136
1.000006
-0.92774
-0.43968
0.528628
0.412948
0.597244
-0.16136
1.000006
-0.92774
2
-0.55853
0.426719
0.517576
0.487922
-0.16136
1.000006
-0.92774
-0.55853
0.426719
0.517576
0.487922
-0.16136
1.000006
-0.92774
2
-0.59724
0.412949
-0.52862
-0.43968
-0.16136
1.000006
-0.92774
-0.59724
0.412949
-0.52862
-0.43968
-0.16136
1.000006
-0.92774
2
-0.43968
0.528628
0.412948
0.597244
-0.16136
1.000006
-0.92774
-0.43968
0.528628
0.412948
0.597244
-0.16136
1.000006
-0.92774
extrafoot
False
False
True
False
False
0.011
0.021
0.071000
0
-0.02
0.06
11
0
0
-9
-11
0
None
7
2
0
-0.96592
0
0.258819
-0.01457
-0.31209
-1
0
-0.96592
0
0.258819
-0.01457
-0.31209
-1
3
0
-0.84339
0
0.537299
-0.01457
-0.31209
-1
-0.09998
-0.63728
-0.0839
0.759491
-0.01457
-0.31209
-1
0
-0.13052
0
0.991444
-0.01457
-0.31209
-1
3
0
-0.96592
0
0.258819
-0.01457
-0.31209
-1
0
-0.96592
0
0.258819
-0.01457
-0.31209
-1
0
-0.96592
0
0.258819
-0.01457
-0.31209
-1
3
0
-0.96592
0
0.258819
-0.01457
-0.31209
-1
0
-0.96592
0
0.258819
-0.01457
-0.31209
-1
0
-0.96592
0
0.258819
-0.01457
-0.31209
-1
2
0.066987
-0.93301
0.25
0.25
-0.01457
-0.31209
-1
0.066987
-0.93301
0.25
0.25
-0.01457
-0.31209
-1
2
-0.25881
0
0.965925
0
-0.01457
-0.31209
-1
-0.25881
0
0.965925
0
-0.01457
-0.31209
-1
2
0
-0.96592
0
0.258819
-0.01457
-0.31209
-1
0
-0.96592
0
0.258819
-0.01457
-0.31209
-1
chomper
False
True
False
True
False
0.021
0.051
0.021
0
-0.04
0
2
0
0
0
0
0
None
7
2
0
0
0.156434
0.987688
-0.53399
-1.00001
0.272914
0
0
0.156434
0.987688
-0.53399
-1.00001
0.272914
3
0
0
0.156434
0.987688
-0.53399
-1.00001
0.272914
0
0
0.156434
0.987688
-0.53399
-1.00001
0.272914
0
0
0.156434
0.987688
-0.53399
-1.00001
0.272914
3
0
0
0.156434
0.987688
-0.53399
-1.00001
0.272914
0
0
0.156434
0.987688
-0.53399
-1.00001
0.272914
0
0
0.156434
0.987688
-0.53399
-1.00001
0.272914
3
0
0
0.156434
0.987688
-0.53399
-1.00001
0.272914
0
0
0.156434
0.987688
-0.53399
-1.00001
0.272914
0
0
0.156434
0.987688
-0.53399
-1.00001
0.272914
2
0
0
0.156434
0.987688
-0.53399
-1.00001
0.272914
0
0
0.156434
0.987688
-0.53399
-1.00001
0.272914
2
0
0
0.156434
0.987688
-0.53399
-1.00001
0.272914
0
0
0.156434
0.987688
-0.53399
-1.00001
0.272914
2
0
0
0.156434
0.987688
-0.53399
-1.00001
0.272914
0
0
0.156434
0.987688
-0.53399
-1.00001
0.272914
waspantler
False
True
False
True
True
0.011
0.021
0.061
0
0
0.04
2
1
15
0
-9
-16
0
None
7
2
-0.69278
-0.16344
0.039535
0.701268
-0.40656
0.999993
0.924798
-0.66153
-0.16156
0.046627
0.730819
-0.40656
0.999993
0.924798
3
-0.69278
-0.16344
0.039535
0.701268
-0.40656
0.999993
0.924798
-0.69278
-0.16344
0.039535
0.701268
-0.40656
0.999993
0.924798
-0.69278
-0.16344
0.039535
0.701268
-0.40656
0.999993
0.924798
3
-0.69278
-0.16344
0.039535
0.701268
-0.40656
0.999993
0.924798
-0.69278
-0.16344
0.039535
0.701268
-0.40656
0.999993
0.924798
-0.69278
-0.16344
0.039535
0.701268
-0.40656
0.999993
0.924798
3
-0.93831
-0.16323
-0.0404
0.302141
-0.40656
0.999993
0.924798
-0.69278
-0.16344
0.039535
0.701268
-0.40656
0.999993
0.924798
-0.69278
-0.16344
0.039535
0.701268
-0.40656
0.999993
0.924798
2
-0.69278
-0.16344
0.039535
0.701268
-0.40656
0.999993
0.924798
-0.69278
-0.16344
0.039535
0.701268
-0.40656
0.999993
0.924798
2
-0.69278
-0.16344
0.039535
0.701268
-0.40656
0.999993
0.924798
-0.69278
-0.16344
0.039535
0.701268
-0.40656
0.999993
0.924798
2
-0.69278
-0.16344
0.039535
0.701268
-0.40656
0.999993
0.924798
-0.69278
-0.16344
0.039535
0.701268
-0.40656
0.999993
0.924798
waspantlerext
False
False
False
True
True
0.011
0.011
0.111
0
0
0.099999
14
0
0
-9
-16
0
None
7
2
-0.15583
0.034054
-0.08022
0.983929
0
0
1.000003
-0.06949
0.026932
-0.08289
0.993768
0
0
1.000003
3
-0.15583
0.034054
-0.08022
0.983929
0
0
1.000003
0.190082
0.004561
-0.08703
0.977891
0
0
1.000003
-0.15583
0.034054
-0.08022
0.983929
0
0
1.000003
3
-0.15583
0.034054
-0.08022
0.983929
0
0
1.000003
-0.15583
0.034054
-0.08022
0.983929
0
0
1.000003
-0.15583
0.034054
-0.08022
0.983929
0
0
1.000003
3
-0.15583
0.034054
-0.08022
0.983929
0
0
1.000003
-0.15583
0.034054
-0.08022
0.983929
0
0
1.000003
-0.15583
0.034054
-0.08022
0.983929
0
0
1.000003
2
-0.15583
0.034054
-0.08022
0.983929
0
0
1.000003
-0.15583
0.034054
-0.08022
0.983929
0
0
1.000003
2
-0.15583
0.034054
-0.08022
0.983929
0
0
1.000003
-0.15583
0.034054
-0.08022
0.983929
0
0
1.000003
2
-0.15583
0.034054
-0.08022
0.983929
0
0
1.000003
-0.15583
0.034054
-0.08022
0.983929
0
0
1.000003
assextender
False
False
False
True
False
0.091
0.111
0.041
0
0
-0.02
0
1
17
0
0
0
0
None
7
2
0
0
0
1
-0.12002
-0.03307
-1
0
0
0
1
-0.12002
-0.03307
-1
3
0
0
0
1
-0.12002
-0.03307
-1
0
0
0
1
-0.12002
-0.03307
-1
0
0
0
1
-0.12002
-0.03307
-1
3
0
0
0
1
-0.12002
-0.03307
-1
0
0
0
1
-0.12002
-0.03307
-1
0
0
0
1
-0.12002
-0.03307
-1
3
0
0
0
1
-0.12002
-0.03307
-1
-0.21643
0
0
0.976296
-0.12002
-0.03307
-1
-0.21643
0
0
0.976296
-0.12002
-0.03307
-1
2
-0.79335
0
0
0.608761
-0.12002
-0.03307
-1
-0.79335
0
0
0.608761
-0.12002
-0.03307
-1
2
0
0
0
1
-0.12002
-0.03307
-1
0
0
0
1
-0.12002
-0.03307
-1
2
0
0
0
1
-0.12002
-0.03307
-1
0
0
0
1
-0.12002
-0.03307
-1
bigass
False
False
False
False
False
0.101
0.131
0.201
0
0
-0.18
16
0
0
0
-2
0
None
7
2
0.061048
0
0
0.998134
0.121423
-0.13816
-0.99999
0.061048
0
0
0.998134
0.121423
-0.13816
-0.99999
3
-0.02617
0
0
0.999657
0.121423
-0.13816
-0.99999
0.061048
0
0
0.998134
0.121423
-0.13816
-0.99999
0.233445
0
0
0.97237
0.121423
-0.13816
-0.99999
3
0.061048
0
0
0.998134
0.121423
-0.13816
-0.99999
0.061048
0
0
0.998134
0.121423
-0.13816
-0.99999
0.061048
0
0
0.998134
0.121423
-0.13816
-0.99999
3
0.438371
0
0
0.898794
0.121423
-0.13816
-0.99999
0.656059
0
0
0.754709
0.121423
-0.13816
-0.99999
0.233445
0
0
0.972369
0.121423
-0.13816
-0.99999
2
-0.99813
0
0
0.061047
0.121423
-0.13816
-0.99999
-0.99813
0
0
0.061047
0.121423
-0.13816
-0.99999
2
-0.99813
0
0
0.061048
0.121423
-0.13816
-0.99999
-0.99813
0
0
0.061048
0.121423
-0.13816
-0.99999
2
0.061048
0
0
0.998134
0.121423
-0.13816
-0.99999
0.061048
0
0
0.998134
0.121423
-0.13816
-0.99999
