30
0.575536
0.639215
0.490196
0.337254
perk_summon_pack
false
0.383690
great
dane
grande dinamarquês
grande
dinamarquês
немецкий дог
великий
датчанин
dane besar
yang enak
dane
gran danés
gran
danesa
เกรทเดน
ที่ดี
dane
grande
великая
grandiosa
M
M
F
великoe
false
Sharp Tooth
Fur
Uncooked Meat
Bones
?
15
torso
False
False
False
False
False
0.131
0.151
0.311
0
0
0
-1
4
1
5
6
7
0
0
0
0
None
7
2
-0.02617
0
0
0.999657
0
0
0
-0.02617
0
0
0.999657
0
0
0
3
0.061048
0
0
0.998134
0
0
0
-0.1132
0
0
0.993571
0
0
0
-0.02617
0
0
0.999657
0
0
0
3
0.017386
0.087142
0.001521
0.996043
0
0
0
-0.12186
0
0
0.992546
0
0
0
0.017322
-0.12185
-0.00212
0.992395
0
0
0
3
0.190809
0
0
0.981627
0
-0.08
-0.12
0.061048
0
0
0.998134
0
0
0.18
-0.19936
0
0
0.979924
0
0
0.26
2
-0.44619
0
0
0.894934
0
0
0.16
-0.4848
0
0
0.874619
0
0.02
0.16
2
-0.99984
0
0
0.017452
0
-0.12
-0.55999
-0.99984
0
0
0.017452
0
-0.14
-0.55999
2
-0.24192
0
0
0.970295
0
0
0
-0.40673
0
0
0.913545
0
0
0
neck
False
False
False
True
False
0.070999
0.121
0.141
0
0
0.02
0
1
2
0
-5
5
0
None
7
2
-0.3338
0
0
0.942641
-0.02271
0.754719
1
-0.3746
0
0
0.927183
-0.02271
0.754719
1
3
-0.3338
0
0
0.942641
-0.02271
0.754719
1
-0.3338
0
0
0.942641
-0.02271
0.754719
1
-0.3338
0
0
0.942641
-0.02271
0.754719
1
3
-0.52991
0
0
0.848048
-0.02029
0.999999
0.893208
-0.52991
0
0
0.848048
-0.02029
0.999999
0.893208
-0.52991
0
0
0.848048
-0.02029
0.999999
0.893208
3
-0.07845
0
0
0.996917
-0.02271
0.503004
0.999999
-0.03489
0
0
0.99939
-0.02271
0.293997
0.999999
-0.3338
0
0
0.942641
-0.02271
0.754719
1
2
-0.12186
0
0
0.992546
-0.02271
0.480143
1
-0.12186
0
0
0.992546
-0.02271
0.480143
1
2
-0.3338
0
0
0.942641
-0.02271
-0.13955
0.999999
-0.3338
0
0
0.942641
-0.02271
-0.13955
0.999999
2
-0.03489
0
0
0.99939
-0.02271
0.230347
0.999997
-0.03489
0
0
0.99939
-0.02271
0.230347
0.999997
head
False
False
False
False
False
0.101
0.121
0.081
0
0
0.02
1
3
3
4
12
0
0
0
0
None
7
2
0.008726
0
0
0.999961
0
-0.05643
0.999997
0.008726
0
0
0.999961
0
-0.05643
0.999997
3
0.008726
0
0
0.999961
0
-0.05643
0.999997
0.095845
0
0
0.995396
0
-0.05643
0.999997
0.095845
0
0
0.995396
0
-0.05643
0.999997
3
-0.12186
0
0
0.992546
0
-0.05643
0.999997
-0.12186
0
0
0.992546
0
-0.05643
0.999997
-0.12186
0
0
0.992546
0
-0.05643
0.999997
3
0.507538
0
0
0.861629
0
-0.08092
0.999993
0.052336
0
0
0.998629
0
-0.05643
0.999997
-0.45399
0
0
0.891006
0
-0.05643
0.999997
2
0.052336
0
0
0.998629
0
-0.26848
0.999993
0.052336
0
0
0.998629
0
-0.26848
0.999993
2
-0.99862
0
0
0.052336
0
-0.05643
0.999997
-0.99862
0
0
0.052336
0
-0.05643
0.999997
2
-0.12186
0
0
0.992546
0
-0.05643
0.999997
-0.12186
0
0
0.992546
0
-0.05643
0.999997
snout
False
False
False
True
False
0.051000
0.071000
0.121
0
0
0.02
2
2
13
14
0
0
-9
0
None
7
2
0.078395
-0.00237
0
0.996919
0.026194
-0.49372
1.000007
0.078395
-0.00237
0
0.996919
0.026194
-0.49372
1.000007
3
0.078395
-0.00237
0
0.996919
0.026194
-0.49372
1.000007
0.078395
-0.00237
0
0.996919
0.026194
-0.49372
1.000007
0.078395
-0.00237
0
0.996919
0.026194
-0.49372
1.000007
3
0.034835
-0.00234
0
0.99939
0.026194
-0.59795
1.000007
0.034835
-0.00234
0
0.99939
0.026194
-0.59795
1.000007
0.034835
-0.00234
0
0.99939
0.026194
-0.59795
1.000007
3
0.078395
-0.00237
0
0.996919
0.026194
-0.49372
1.000007
0.078395
-0.00237
0
0.996919
0.026194
-0.49372
1.000007
0.078395
-0.00237
0
0.996919
0.026194
-0.49372
1.000007
2
0.078395
-0.00237
0
0.996919
0.026194
-0.49372
1.000007
0.078395
-0.00237
0
0.996919
0.026194
-0.49372
1.000007
2
0.078395
-0.00237
0
0.996919
0.026194
-0.49372
1.000007
0.078395
-0.00237
0
0.996919
0.026194
-0.49372
1.000007
2
0.034835
-0.00234
0
0.99939
0.026194
-0.59795
1.000007
0.034835
-0.00234
0
0.99939
0.026194
-0.59795
1.000007
eyes
True
True
False
True
False
0.06
0.04
0.05
0
0
0.01
2
0
0
0
0
0
SeriousEye
7
2
0
0
0.043619
0.999048
-0.71861
0.315654
0.999982
0
0
0.043619
0.999048
-0.71861
0.315654
0.999982
3
0
0
0.043619
0.999048
-0.71861
0.315654
0.999982
0
0
0.043619
0.999048
-0.71861
0.315654
0.999982
0
0
0.043619
0.999048
-0.71861
0.315654
0.999982
3
0
0
0.043619
0.999048
-0.52637
0.117918
1.000007
0
0
0.043619
0.999048
-0.52637
0.117918
1.000007
0
0
0.043619
0.999048
-0.52637
0.117918
1.000007
3
0
0
0.043619
0.999048
-0.71861
0.315654
0.999982
0
0
0.043619
0.999048
-0.71861
0.315654
0.999982
0
0
0.043619
0.999048
-0.71861
0.315654
0.999982
2
0
0
0.043619
0.999048
-0.71861
0.315654
0.999982
0
0
0.043619
0.999048
-0.71861
0.315654
0.999982
2
0
0
0.043619
0.999048
-0.71861
0.315654
0.999982
0
0
0.043619
0.999048
-0.71861
0.315654
0.999982
2
0
0
0.043619
0.999048
-0.52637
0.117918
1.000007
0
0
0.043619
0.999048
-0.52637
0.117918
1.000007
shoulder
False
True
True
False
False
0.041
0.061000
0.121
0.02
0
-0.04
0
1
8
0
0
-7
0
None
7
2
-0.7009
0
0
0.71325
-1
-0.84
0.811797
-0.7009
0
0
0.71325
-1
-0.84
0.811797
3
-0.49242
0
0
0.870355
-1
-0.7497
0.717285
-0.7009
0
0
0.71325
-1
-0.84
0.811797
-0.88294
0
0
0.469471
-1
-0.84
0.811797
3
-0.73821
0.136402
-0.15691
0.641722
-1
-0.8175
0.683639
-0.66913
0
0
0.743144
-1
-0.43013
0.545969
-0.5944
-0.12493
0.094144
0.788803
-0.99273
-0.99999
0.325328
3
-0.45399
0
0
0.891006
-1
-0.43098
0.752961
-0.52991
0
0
0.848047
-1
-0.84
0.811797
-0.60181
0
0
0.798635
-1
-0.84
0.811797
2
-0.60181
0
0
0.798635
-0.99999
-0.85719
0.740885
-0.66913
0
0
0.743144
-0.99999
-0.85719
0.740885
2
-0.74314
0
0
-0.66913
-1
-0.84
0.811797
-0.74314
0
0
-0.66913
-1
-0.84
0.811797
2
-0.54256
0.073094
0.047468
-0.83547
-1
0.381152
0.545962
-0.26622
0.055437
0.067251
-0.95996
-1
0.947803
0.427673
hip
False
True
True
False
False
0.051
0.090999
0.151
0
0
-0.02
0
1
10
0
0
-7
0
None
7
2
-0.62271
0.019606
-0.05971
0.779922
-0.75477
-0.7234
-0.99999
-0.62271
0.019606
-0.05971
0.779922
-0.75477
-0.7234
-0.99999
3
-0.82841
0.036655
-0.05105
0.556572
-1
-0.6318
-0.99057
-0.62271
0.019606
-0.05971
0.779922
-0.75477
-0.7234
-0.99999
-0.43914
0.006216
-0.06254
0.896214
-0.75477
-0.7234
-0.99999
3
-0.49957
0.145179
-0.14165
0.842188
-1
-0.73568
-0.71863
-0.51558
0.011644
-0.06176
0.85453
-1
-0.32168
-0.71861
-0.5521
-0.19237
0.100913
0.804979
-1
-0.73568
-0.71863
3
-0.62271
0.019606
-0.05971
0.779922
-0.70735
-1
-0.83489
-0.55236
0.014327
-0.06119
0.831227
-0.75477
-0.7234
-0.99999
-0.62271
0.019606
-0.05971
0.779922
-0.75477
-0.7234
-0.99999
2
-0.99189
0.060243
-0.11023
0.019121
-0.75477
-0.7234
-0.99999
-0.99189
0.060243
-0.11023
0.019121
-0.75477
-0.7234
-0.99999
2
-0.80634
-0.0588
-0.02219
-0.58809
-0.75477
-0.7234
-0.99999
-0.80634
-0.0588
-0.02219
-0.58809
-0.75477
-0.7234
-0.99999
2
-0.51558
0.011644
-0.06176
0.85453
-1
-0.73568
-0.71863
-0.51558
0.011644
-0.06176
0.85453
-1
-0.73568
-0.71863
tail
False
False
False
False
False
0.041
0.041000
0.221000
0
0
0.14
0
0
0
0
-7
0
None
7
2
-0.92624
0.055385
0.216432
-0.30358
0.035807
0.490543
-1
-0.93092
-0.0781
-0.19529
-0.29855
0.035807
0.490543
-1
3
-0.94158
0.028715
0.134881
-0.30726
0.035807
0.490543
-1
-0.93856
-0.065
-0.15449
-0.30167
0.035807
0.490543
-1
-0.94975
0.001826
0.052304
-0.30859
0.035807
0.490543
-1
3
-0.90913
-0.04137
0.359982
0.205344
0.035806
0.519276
-0.99999
-0.97609
0.049284
-0.05796
0.20359
0.035806
0.519276
-0.99999
-0.87585
0.124916
-0.43474
0.168148
0.035804
0.726443
-1
3
-0.94975
0.001826
0.052304
-0.30859
0.035807
0.490543
-1
-0.94975
0.001826
0.052304
-0.30859
0.035807
0.490543
-1
-0.94975
0.001826
0.052304
-0.30859
0.035807
0.490543
-1
2
-0.97325
0.109515
0.194722
-0.05351
0.035807
0.490543
-1
-0.97325
0.109515
0.194722
-0.05351
0.035807
0.490543
-1
2
0.262897
0.218642
-0.04589
-0.9386
0.035807
0.490543
-1
0.262897
0.218642
-0.04589
-0.9386
0.035807
0.490543
-1
2
-0.9768
0.027733
0.044383
0.207626
0.035806
0.519276
-0.99999
-0.9768
0.027733
0.044383
0.207626
0.035806
0.519276
-0.99999
arm
False
False
True
False
False
0.031
0.041000
0.121
0
0
-0.1
5
1
9
0
-4
3
0
None
7
2
-0.72537
0
0
0.688354
-0.13781
0
-1
-0.72537
0
0
0.688354
-0.13781
0
-1
3
-0.4848
0
0
0.874619
-0.13781
0
-1
-0.72537
0
0
0.688354
-0.13781
0
-1
-0.93358
0
0
0.358367
-0.13781
0
-1
3
-0.78828
0.132222
-0.18198
0.57272
-0.1378
-0.25164
-0.99999
-0.52991
0
0
0.848048
-0.13782
0.136962
-0.99999
-0.6861
-0.11252
0.108668
0.710483
-0.13781
0
-1
3
-0.80901
0
0
0.587785
-0.13781
0
-1
-0.52249
0
0
0.85264
-0.13781
0
-1
-0.66262
0
0
0.748955
-0.13781
0
-1
2
-0.66262
0
0
0.748955
-0.13781
0
-1
-0.66262
0
0
0.748955
-0.13781
0
-1
2
-0.71933
0
0
-0.69465
-0.13781
0
-1
-0.71933
0
0
-0.69465
-0.13781
0
-1
2
-0.57885
0.140484
0.102067
-0.79672
-0.13781
0
-1
-0.22989
0.09073
0.148059
-0.95759
-0.13781
0
-1
hand
False
False
True
False
False
0.041
0.041
0.051
0
-0.02
0
8
0
0
0
-9
0
None
7
2
0.043453
-0.08707
0.003801
0.995246
0.191498
-0.41204
-1
0.043453
-0.08707
0.003801
0.995246
0.191498
-0.41204
-1
3
0.043453
-0.08707
0.003801
0.995246
0.191498
-0.41204
-1
0.043453
-0.08707
0.003801
0.995246
0.191498
-0.41204
-1
0.043453
-0.08707
0.003801
0.995246
0.191498
-0.41204
-1
3
0.043453
-0.08707
0.003801
0.995246
0.191498
-0.41204
-1
0.207911
0
0
0.978147
0.191498
-0.41204
-1
0.207911
0
0
0.978147
0.191498
-0.41204
-1
3
0.043453
-0.08707
0.003801
0.995246
0.191498
-0.41204
-1
0.043453
-0.08707
0.003801
0.995246
0.191498
-0.41204
-1
0.043453
-0.08707
0.003801
0.995246
0.191498
-0.41204
-1
2
0.043453
-0.08707
0.003801
0.995246
0.191498
-0.41204
-1
0.043453
-0.08707
0.003801
0.995246
0.191498
-0.41204
-1
2
-0.9924
0
0.087155
0.086824
0.191498
-0.41204
-1
-0.9924
0
0.087155
0.086824
0.191498
-0.41204
-1
2
-0.96592
0
0
-0.25881
0.191498
-0.41204
-1
-0.96592
0
0
-0.25881
0.191498
-0.41204
-1
leg
False
False
True
False
False
0.041
0.041
0.121
0
0
-0.12
6
1
11
0
-4
3
0
None
7
2
-0.59482
0
0
0.803856
-0.04329
0
-0.99999
-0.59482
0
0
0.803856
-0.04329
0
-0.99999
3
-0.83388
0
0
0.551936
-0.04329
0
-0.99999
-0.59482
0
0
0.803856
-0.04329
0
-0.99999
-0.3665
0
0
0.930417
-0.04329
0
-0.99999
3
-0.68189
0.137256
-0.13254
0.706123
-0.04329
0
-0.99999
-0.51503
0
0
0.857167
-0.04329
0
-0.99999
-0.70841
-0.12062
0.124912
0.684104
-0.04329
0
-0.99999
3
-0.59482
0
0
0.803856
-0.04329
0
-0.99999
-0.59482
0
0
0.803856
-0.04329
0
-0.99999
-0.59482
0
0
0.803856
-0.04329
0
-0.99999
2
-0.99129
0.002277
-0.1305
0.017302
-0.04329
0
-0.99999
-0.99129
0.002277
-0.1305
0.017302
-0.04329
0
-0.99999
2
-0.82903
0
0
-0.55919
-0.04329
0
-0.99999
-0.82903
0
0
-0.55919
-0.04329
0
-0.99999
2
-0.69465
0
0
0.719339
-0.04329
0
-0.99999
-0.69465
0
0
0.719339
-0.04329
0
-0.99999
foot
False
False
True
False
False
0.041
0.031
0.051
0
-0.02
0.02
10
0
0
0
-9
0
None
7
2
0.043453
-0.08641
-0.01137
0.995246
0.016866
0.11098
-0.99999
0.043453
-0.08641
-0.01137
0.995246
0.016866
0.11098
-0.99999
3
0.043453
-0.08641
-0.01137
0.995246
0.016866
0.11098
-0.99999
0.043453
-0.08641
-0.01137
0.995246
0.016866
0.11098
-0.99999
0.043453
-0.08641
-0.01137
0.995246
0.016866
0.11098
-0.99999
3
0.043453
-0.08641
-0.01137
0.995246
0.016867
-0.30397
-0.99999
0.241921
0
0
0.970295
0.016867
-0.30397
-0.99999
0.241921
0
0
0.970295
0.016867
-0.30397
-0.99999
3
0.043453
-0.08641
-0.01137
0.995246
0.016866
0.11098
-0.99999
0.043453
-0.08641
-0.01137
0.995246
0.016866
0.11098
-0.99999
0.043453
-0.08641
-0.01137
0.995246
0.016866
0.11098
-0.99999
2
-0.60644
-0.05888
-0.06425
0.790334
0.016866
0.11098
-0.99999
-0.57139
-0.06162
-0.06162
0.816034
0.016866
0.11098
-0.99999
2
-0.9924
-0.01513
0.085831
0.086824
0.016866
0.11098
-0.99999
-0.9924
-0.01513
0.085831
0.086824
0.016866
0.11098
-0.99999
2
0.043453
-0.08641
-0.01137
0.995246
0.016867
-0.30397
-0.99999
0.043453
-0.08641
-0.01137
0.995246
0.016867
-0.30397
-0.99999
ear
False
True
False
True
True
0.101
0.051
0.021
-0.06
0
0.02
2
0
0
0
-9
0
None
7
2
0.359669
-0.34732
-0.60159
0.622966
-0.4713
0.999997
-0.43794
0.359669
-0.34732
-0.60159
0.622966
-0.4713
0.999997
-0.43794
3
0.359669
-0.34732
-0.60159
0.622966
-0.4713
0.999997
-0.43794
0.359669
-0.34732
-0.60159
0.622966
-0.4713
0.999997
-0.43794
0.359669
-0.34732
-0.60159
0.622966
-0.4713
0.999997
-0.43794
3
0
0
-0.69465
0.719339
-0.85414
0.999997
-0.3401
0
0
-0.69465
0.719339
-0.85414
0.999997
-0.3401
0
0
-0.69465
0.719339
-0.85414
0.999997
-0.3401
3
0.359669
-0.34732
-0.60159
0.622966
-0.4713
0.999997
-0.43794
0.359669
-0.34732
-0.60159
0.622966
-0.4713
0.999997
-0.43794
0.359669
-0.34732
-0.60159
0.622966
-0.4713
0.999997
-0.43794
2
0.359669
-0.34732
-0.60159
0.622966
-0.4713
0.999997
-0.43794
0.359669
-0.34732
-0.60159
0.622966
-0.4713
0.999997
-0.43794
2
0.359669
-0.34732
-0.60159
0.622966
-0.4713
0.999997
-0.43794
0.359669
-0.34732
-0.60159
0.622966
-0.4713
0.999997
-0.43794
2
0
0
-0.69465
0.719339
-0.85414
0.999997
-0.3401
0
0
-0.69465
0.719339
-0.85414
0.999997
-0.3401
mouth
True
False
False
True
False
0.060000
0.069999
0.05
0
0
0.01
3
0
0
0
0
0
CowMouth
7
2
0
0
0
1
0.028038
-0.73616
1.000009
0
0
0
1
0.028038
-0.73616
1.000009
3
0
0
0
1
0.028038
-0.73616
1.000009
0
0
0
1
0.028038
-0.73616
1.000009
0
0
0
1
0.028038
-0.73616
1.000009
3
0
0
0
1
0.028037
-0.25077
0.999987
0
0
0
1
0.028037
-0.25077
0.999987
0
0
0
1
0.028037
-0.25077
0.999987
3
0
0
0
1
0.028038
-0.73616
1.000009
0
0
0
1
0.028038
-0.73616
1.000009
0
0
0
1
0.028038
-0.73616
1.000009
2
0
0
0
1
0.028038
-0.73616
1.000009
0
0
0
1
0.028038
-0.73616
1.000009
2
0
0
0
1
0.028038
-0.73616
1.000009
0
0
0
1
0.028038
-0.73616
1.000009
2
0
0
0
1
0.028037
-0.25077
0.999987
0
0
0
1
0.028037
-0.25077
0.999987
snouttip
False
False
False
True
False
0.041
0.031
0.021
0
0
0
3
0
0
0
-15
0
None
7
2
0
0
0
1
0
0.794088
0.999999
0
0
0
1
0
0.794088
0.999999
3
0
0
0
1
0
0.794088
0.999999
0
0
0
1
0
0.794088
0.999999
0
0
0
1
0
0.794088
0.999999
3
0
0
0
1
0
0.794088
0.999999
0
0
0
1
0
0.794088
0.999999
0
0
0
1
0
0.794088
0.999999
3
0
0
0
1
0
0.794088
0.999999
0
0
0
1
0
0.794088
0.999999
0
0
0
1
0
0.794088
0.999999
2
0
0
0
1
0
0.794088
0.999999
0
0
0
1
0
0.794088
0.999999
2
0
0
0
1
0
0.794088
0.999999
0
0
0
1
0
0.794088
0.999999
2
0
0
0
1
0
0.794088
0.999999
0
0
0
1
0
0.794088
0.999999
