30
0.153826
0.615686
0.454902
0.247058
perk_screech
false
0.272993
acoustic
strummer
violão
acústico
músico
гитара
акустический
музыкант
gitar
akustik
pemusik
guitarra
acústico
música
กี ต้าร์
อะคูสติก
นักดนตรี
acústica
акустическая
acústica
M
M
F
акустическoe
false
Stick
Metal Bar
?
?
?
7
torso
False
False
False
False
False
0.195804
0.077135
0.153422
0
0
0
-1
1
1
0
0
0
0
None
7
2
-0.69465
0
0
0.719339
0
0
0
-0.69465
0
0
0.719339
0
0
0
3
-0.69465
0
0
0.719339
0
0
0
-0.69465
0
0
0.719339
0
0
0
-0.69465
0
0
0.719339
0
0
0
3
-0.69465
0
0
0.719339
0
0
0
-0.69465
0
0
0.719339
0
0
0
-0.69465
0
0
0.719339
0
0
0
3
-0.52249
0
0
0.85264
0
0.18
0
-0.62932
0
0
0.777146
0
-0.22
0
-0.69465
0
0
0.719339
0
-0.3
0.06
2
-0.66262
0
0
0.748955
0
0.04
0.36
-0.66262
0
0
0.748955
0
0.04
0.36
2
-0.99813
0
0
0.061048
0
-0.48
-0.48
-0.99813
0
0
0.061048
0
-0.5
-0.48
2
-0.7547
0
0
0.656059
0
0
0
-0.7547
0
0
0.656059
0
0
0
neck
False
False
False
True
False
0.119517
0.068658
0.094086
0
0
0.06
0
1
2
0
0
0
0
None
7
2
0
0
0
1
0.071325
-0.00743
1
0
0
0
1
0.071325
-0.00743
1
3
0
0
0
1
0.071325
-0.00743
1
0
0
0
1
0.071325
-0.00743
1
0
0
0
1
0.071325
-0.00743
1
3
0
0
0
1
0.071325
-0.00743
1
0
0
0
1
0.071325
-0.00743
1
0
0
0
1
0.071325
-0.00743
1
3
0
0
0
1
0.071325
-0.00743
1
0
0
0
1
0.071325
-0.00743
1
0
0
0
1
0.071325
-0.00743
1
2
0
0
0
1
0.071325
-0.00743
1
0
0
0
1
0.071325
-0.00743
1
2
0
0
0
1
0.071325
-0.00743
1
0
0
0
1
0.071325
-0.00743
1
2
0
0
0
1
0.071325
-0.00743
1
0
0
0
1
0.071325
-0.00743
1
head
False
False
False
False
False
0.144946
0.119517
0.085611
0
0
0
1
3
3
4
6
0
0
0
0
None
7
2
0
0
0
1
-0.08274
0.008093
1
0
0
0
1
-0.08274
0.008093
1
3
0
0
0
1
-0.08274
0.008093
1
0
0
0
1
-0.08274
0.008093
1
0
0
0
1
-0.08274
0.008093
1
3
0
0
0
1
-0.08274
0.008093
1
0
0
0
1
-0.08274
0.008093
1
0
0
0
1
-0.08274
0.008093
1
3
0.258819
0
0
0.965925
-0.08274
0.008093
1
0.130526
0
0
0.991444
-0.08274
0.008093
1
-0.21643
0
0
0.976296
-0.08274
0.008093
1
2
0
0
0
1
-0.08274
0.008093
1
0
0
0
1
-0.08274
0.008093
1
2
-0.67559
0
0
0.737277
-0.08274
0.008093
1
-0.67559
0
0
0.737277
-0.08274
0.008093
1
2
0
0
0
1
-0.08274
0.008093
1
0
0
0
1
-0.08274
0.008093
1
guitar
False
False
False
True
False
0.060182
0.060182
0.0178
0
0
0
2
0
0
5
-12
0
None
7
2
0
0
0
1
0
-0.56782
1
0
0
0
1
0
-0.56782
1
3
0
0
0
1
0
-0.56782
1
0
0
0
1
0
-0.56782
1
0
0
0
1
0
-0.56782
1
3
0
0
0
1
0
-0.56782
1
0
0
0
1
0
-0.56782
1
0
0
0
1
0
-0.56782
1
3
0
0
0
1
0
-0.56782
1
0
0
0
1
0
-0.56782
1
0
0
0
1
0
-0.56782
1
2
0
0
0
1
0
-0.56782
1
0
0
0
1
0
-0.56782
1
2
0
0
0
1
0
-0.56782
1
0
0
0
1
0
-0.56782
1
2
0
0
0
1
0
-0.56782
1
0
0
0
1
0
-0.56782
1
guitar2
False
False
False
True
False
0.051706
0.195804
0.0178
0
0.08
0
2
1
5
0
0
5
0
None
7
2
0
0
0
1
-0.00457
0.999994
0.889112
0
0
0
1
-0.00457
0.999994
0.889112
3
0
0
0
1
-0.00457
0.999994
0.889112
0
0
0
1
-0.00457
0.999994
0.889112
0
0
0
1
-0.00457
0.999994
0.889112
3
0
0
0
1
-0.00457
0.999994
0.889112
0
0
0
1
-0.00457
0.999994
0.889112
0
0
0
1
-0.00457
0.999994
0.889112
3
0
0
0
1
-0.00457
0.999994
0.889112
0
0
0
1
-0.00457
0.999994
0.889112
0
0
0
1
-0.00457
0.999994
0.889112
2
0
0
0
1
-0.00457
0.999994
0.889112
0
0
0
1
-0.00457
0.999994
0.889112
2
0
0
0
1
-0.00457
0.999994
0.889112
0
0
0
1
-0.00457
0.999994
0.889112
2
0
0
0
1
-0.00457
0.999994
0.889112
0
0
0
1
-0.00457
0.999994
0.889112
guitartop
False
False
False
True
False
0.068658
0.068658
0.0178
0
0.06
0
4
0
0
5
-12
0
None
7
2
-0.12186
0
0
0.992546
0.001146
0.999999
0.094584
-0.12186
0
0
0.992546
0.001146
0.999999
0.094584
3
-0.12186
0
0
0.992546
0.001146
0.999999
0.094584
-0.12186
0
0
0.992546
0.001146
0.999999
0.094584
-0.12186
0
0
0.992546
0.001146
0.999999
0.094584
3
-0.12186
0
0
0.992546
0.001146
0.999999
0.094584
-0.12186
0
0
0.992546
0.001146
0.999999
0.094584
-0.12186
0
0
0.992546
0.001146
0.999999
0.094584
3
-0.12186
0
0
0.992546
0.001146
0.999999
0.094584
-0.12186
0
0
0.992546
0.001146
0.999999
0.094584
-0.12186
0
0
0.992546
0.001146
0.999999
0.094584
2
-0.12186
0
0
0.992546
0.001146
0.999999
0.094584
-0.12186
0
0
0.992546
0.001146
0.999999
0.094584
2
-0.12186
0
0
0.992546
0.001146
0.999999
0.094584
-0.12186
0
0
0.992546
0.001146
0.999999
0.094584
2
-0.12186
0
0
0.992546
0.001146
0.999999
0.094584
-0.12186
0
0
0.992546
0.001146
0.999999
0.094584
guitar35
False
False
False
True
True
0.085611
0.068658
0.085611
0
0
0
2
0
0
0
0
0
None
7
2
0
0
0
1
0.566433
1.000001
-0.00835
0
0
0
1
0.566433
1.000001
-0.00835
3
0
0
0
1
0.566433
1.000001
-0.00835
0
0
0
1
0.566433
1.000001
-0.00835
0
0
0
1
0.566433
1.000001
-0.00835
3
0
0
0
1
0.566433
1.000001
-0.00835
0
0
0
1
0.566433
1.000001
-0.00835
0
0
0
1
0.566433
1.000001
-0.00835
3
0
0
0
1
0.566433
1.000001
-0.00835
0
0
0
1
0.566433
1.000001
-0.00835
0
0
0
1
0.566433
1.000001
-0.00835
2
0
0
0
1
0.566433
1.000001
-0.00835
0
0
0
1
0.566433
1.000001
-0.00835
2
0
0
0
1
0.566433
1.000001
-0.00835
0
0
0
1
0.566433
1.000001
-0.00835
2
0
0
0
1
0.566433
1.000001
-0.00835
0
0
0
1
0.566433
1.000001
-0.00835
