30
0.255770
0.282353
0.168627
0.117647
perk_shrink
true
0.678676
spikey
spikeball
ouriço
cravado
bola de espinhos
eжик
колючий
шар шипов
landak
berduri
bola-paku
erizo
puntiagudo
bola de púas
เม่น
แหลม
ขัดขวางลูก
cravada
колючая
puntiaguda
M
M
F
колючee
false
Fur
Venom
Uncooked Meat
Bones
?
17
torso
False
False
False
False
False
0.251
0.090998
0.261
0
0
0
-1
4
1
5
6
16
0
-16
13
0
None
7
2
0.017452
0
0
0.999847
0
0
0
0.061048
0
0
0.998134
0
0
0
3
0.104528
0
0
0.994521
0
0
0
-0.15643
0
0
0.987688
0
0
0
-0.15643
0
0
0.987688
0
0
0
3
0.017386
0.087142
0.001521
0.996043
0
0
0
-0.12186
0
0
0.992546
0
0
0
0.017322
-0.12185
-0.00212
0.992395
0
0
0
3
0.147809
0
0
0.989015
0
0
-0.09999
-0.15643
0
0
0.987688
0
0
0.32
-0.15643
0
0
0.987688
0
0
0.28
2
-0.24192
0
0
0.970295
0
0.18
0.26
-0.28401
0
0
0.958819
0
0.18
0.26
2
-0.99984
0
0
0.017452
0
-0.48
-0.55999
-0.99984
0
0
0.017452
0
-0.5
-0.55999
2
-0.24192
0
0
0.970295
0
0
0
-0.40673
0
0
0.913545
0
0
0
neck
False
False
False
True
False
0.090999
0.081
0.101
0
0
0
0
1
2
0
0
0
0
None
7
2
0.052336
0
0
0.998629
-0.02271
0.077684
0.999995
0.052336
0
0
0.998629
-0.02271
0.077684
0.999995
3
0.052336
0
0
0.998629
-0.02271
0.077684
0.999995
0.052336
0
0
0.998629
-0.02271
0.077684
0.999995
0.052336
0
0
0.998629
-0.02271
0.077684
0.999995
3
-0.52991
0
0
0.848048
-0.02029
0.999999
0.893208
-0.52991
0
0
0.848048
-0.02029
0.999999
0.893208
-0.52991
0
0
0.848048
-0.02029
0.999999
0.893208
3
0.052336
0
0
0.998629
-0.02271
0.077684
0.999995
0.052336
0
0
0.998629
-0.02271
0.077684
0.999995
0.052336
0
0
0.998629
-0.02271
0.077684
0.999995
2
0.095845
0
0
0.995396
-0.02271
0.077684
0.999995
0.095845
0
0
0.995396
-0.02271
0.077684
0.999995
2
0.052336
0
0
0.998629
-0.02271
0.077684
0.999995
0.052336
0
0
0.998629
-0.02271
0.077684
0.999995
2
-0.03489
0
0
0.99939
-0.02271
0.230347
0.999997
-0.03489
0
0
0.99939
-0.02271
0.230347
0.999997
head
False
False
False
False
False
0.121
0.091
0.070999
0
0
0
1
5
3
4
11
12
15
0
-16
13
0
None
7
2
0.052336
0
0
0.998629
0
-0.05643
0.999997
0.052336
0
0
0.998629
0
-0.05643
0.999997
3
0.139173
0
0
0.990268
0
-0.05643
0.999997
-0.07845
0
0
0.996917
0
-0.05643
0.999997
0.095845
0
0
0.995396
0
-0.05643
0.999997
3
-0.12186
0
0
0.992546
0
-0.05643
0.999997
-0.12186
0
0
0.992546
0
-0.05643
0.999997
-0.12186
0
0
0.992546
0
-0.05643
0.999997
3
0.430511
0
0
0.902585
0
-0.05643
0.999997
-0.12186
0
0
0.992546
0
-0.05643
0.999997
0.267238
0
0
0.96363
0
-0.05643
0.999997
2
0.052336
0
0
0.998629
0
-0.05643
0.999997
0.052336
0
0
0.998629
0
-0.05643
0.999997
2
-0.99862
0
0
0.052336
0
-0.05643
0.999997
-0.99862
0
0
0.052336
0
-0.05643
0.999997
2
-0.12186
0
0
0.992546
0
-0.05643
0.999997
-0.12186
0
0
0.992546
0
-0.05643
0.999997
snout
False
False
False
True
False
0.041
0.031
0.081
0
0
0.02
2
2
13
14
-2
-8
14
0
None
7
2
0.034835
-0.00234
0
0.99939
0.026194
-0.46074
1.000006
0.034835
-0.00234
0
0.99939
0.026194
-0.46074
1.000006
3
0.034835
-0.00234
0
0.99939
0.026194
-0.46074
1.000006
0.034835
-0.00234
0
0.99939
0.026194
-0.46074
1.000006
0.034835
-0.00234
0
0.99939
0.026194
-0.46074
1.000006
3
0.034835
-0.00234
0
0.99939
0.026194
-0.59795
1.000007
0.034835
-0.00234
0
0.99939
0.026194
-0.59795
1.000007
0.034835
-0.00234
0
0.99939
0.026194
-0.59795
1.000007
3
0.034835
-0.00234
0
0.99939
0.026194
-0.46074
1.000006
0.034835
-0.00234
0
0.99939
0.026194
-0.46074
1.000006
0.034835
-0.00234
0
0.99939
0.026194
-0.46074
1.000006
2
0.034835
-0.00234
0
0.99939
0.026194
-0.46074
1.000006
0.034835
-0.00234
0
0.99939
0.026194
-0.46074
1.000006
2
0.034835
-0.00234
0
0.99939
0.026194
-0.46074
1.000006
0.034835
-0.00234
0
0.99939
0.026194
-0.46074
1.000006
2
0.034835
-0.00234
0
0.99939
0.026194
-0.59795
1.000007
0.034835
-0.00234
0
0.99939
0.026194
-0.59795
1.000007
eyes
True
True
False
True
False
0.05
0.05
0.05
0
0
0.01
2
0
0
0
0
0
BlackEye
7
2
0
0
0
1
-0.67013
0.13324
0.999992
0
0
0
1
-0.67013
0.13324
0.999992
3
0
0
0
1
-0.67013
0.13324
0.999992
0
0
0
1
-0.67013
0.13324
0.999992
0
0
0
1
-0.67013
0.13324
0.999992
3
0
0
0
1
-0.52637
0.117918
1.000007
0
0
0
1
-0.52637
0.117918
1.000007
0
0
0
1
-0.52637
0.117918
1.000007
3
0
0
0
1
-0.67013
0.13324
0.999992
0
0
0
1
-0.67013
0.13324
0.999992
0
0
0
1
-0.67013
0.13324
0.999992
2
0
0
0
1
-0.67013
0.13324
0.999992
0
0
0
1
-0.67013
0.13324
0.999992
2
0
0
0
1
-0.67013
0.13324
0.999992
0
0
0
1
-0.67013
0.13324
0.999992
2
0
0
0
1
-0.52637
0.117918
1.000007
0
0
0
1
-0.52637
0.117918
1.000007
shoulder
False
True
True
False
False
0.031
0.061
0.061
0
0
0
0
1
7
-2
-8
14
0
None
7
2
-0.60181
0
0
0.798635
-0.8512
-1
0.592245
-0.60181
0
0
0.798635
-0.8512
-1
0.592245
3
-0.49242
0
0
0.870355
-0.8512
-1
0.592245
-0.87958
0.026932
-0.08289
0.467685
-0.8512
-1
0.592245
-0.95105
0
0
0.309017
-0.74955
-1
0.708006
3
-0.73821
0.136402
-0.15691
0.641722
-1
-0.8175
0.683639
-0.66913
0
0
0.743144
-1
-0.43013
0.545969
-0.5944
-0.12493
0.094144
0.788803
-0.99273
-0.99999
0.325328
3
-0.29237
0
0
0.956304
-0.8512
-1
0.592245
-0.95105
0
0
0.309016
-0.80503
-1
0.739505
-0.9205
0
0
0.390731
-0.84403
-1
0.797253
2
-0.59267
-0.13868
0.104504
0.786502
-0.45267
-1
0.48159
-0.59267
-0.13868
0.104504
0.786502
-0.45267
-1
0.48159
2
-0.79863
0
0
-0.60181
-0.8512
-1
0.592245
-0.79863
0
0
-0.60181
-0.8512
-1
0.592245
2
-0.54256
0.073094
0.047468
-0.83547
-1
0.381152
0.545962
-0.26622
0.055437
0.067251
-0.95996
-1
0.947803
0.427673
hip
False
True
True
False
False
0.031
0.061
0.061
0
0
0
0
1
9
-2
-8
14
0
None
7
2
-0.36148
0.03092
0.026196
0.931496
-0.78293
-0.99999
-0.56263
-0.36148
0.03092
0.026196
0.931496
-0.78293
-0.99999
-0.56263
3
-0.51774
0.025901
0.031167
0.854574
-0.78293
-0.99999
-0.56263
-0.19424
0.034999
0.020429
0.980116
-0.78293
-0.99999
-0.56263
-0.2368
0.034075
0.021936
0.97071
-0.78293
-0.99999
-0.56263
3
-0.49957
0.145179
-0.14165
0.842188
-1
-0.73568
-0.71863
-0.51558
0.011644
-0.06176
0.85453
-1
-0.32168
-0.71861
-0.5521
-0.19237
0.100913
0.804979
-1
-0.73568
-0.71863
3
-0.36148
0.03092
0.026196
0.931496
-0.78293
-0.99999
-0.56263
-0.19424
0.034999
0.020429
0.980116
-0.84019
-1
-0.67237
-0.36148
0.03092
0.026196
0.931496
-0.81235
-1
-0.75886
2
-0.95906
-0.00195
0.040478
0.280273
-0.78293
-0.99999
-0.56263
-0.95906
-0.00195
0.040478
0.280273
-0.78293
-0.99999
-0.56263
2
-0.93149
0.026196
-0.03092
-0.36148
-0.78293
-0.99999
-0.56263
-0.93149
0.026196
-0.03092
-0.36148
-0.78293
-0.99999
-0.56263
2
-0.51558
0.011644
-0.06176
0.85453
-1
-0.73568
-0.71863
-0.51558
0.011644
-0.06176
0.85453
-1
-0.73568
-0.71863
arm
False
False
True
False
False
0.031
0.051000
0.071000
0
0
-0.02
5
1
8
-2
-8
14
0
None
7
2
-0.91706
0
0
0.398748
-0.13781
0
-1
-0.91706
0
0
0.398748
-0.13781
0
-1
3
-0.52249
0
0
0.85264
-0.13781
0
-1
-0.89537
0.031233
-0.08136
0.436702
-0.13781
0
-1
-0.97237
0
0
0.233445
-0.13781
0
-1
3
-0.78828
0.132222
-0.18198
0.57272
-0.1378
-0.25164
-0.99999
-0.52991
0
0
0.848048
-0.13782
0.136962
-0.99999
-0.6861
-0.11252
0.108668
0.710483
-0.13781
0
-1
3
-0.91706
0
0
0.398748
-0.13781
0
-1
-0.99756
0
0
-0.06975
-0.13781
0
-1
-0.97237
0
0
0.233445
-0.13781
0
-1
2
-0.71435
-0.11953
0.12596
0.677896
-0.13781
0
-1
-0.71435
-0.11953
0.12596
0.677896
-0.13781
0
-1
2
-0.39874
0
0
-0.91706
-0.13781
0
-1
-0.39874
0
0
-0.91706
-0.13781
0
-1
2
-0.57885
0.140484
0.102067
-0.79672
-0.13781
0
-1
-0.22989
0.09073
0.148059
-0.95759
-0.13781
0
-1
hand
False
False
True
False
False
0.041
0.031
0.061
0
-0.02
0
7
0
-2
-8
14
0
None
7
2
0
0
0
1
0.191498
-0.41204
-1
0
0
0
1
0.191498
-0.41204
-1
3
0
0
0
1
0.191498
-0.41204
-1
0
0
0
1
0.191498
-0.41204
-1
0
0
0
1
0.191498
-0.41204
-1
3
0
0
0
1
0.191498
-0.41204
-1
0.207911
0
0
0.978147
0.191498
-0.41204
-1
0.207911
0
0
0.978147
0.191498
-0.41204
-1
3
0
0
0
1
0.191498
-0.41204
-1
-0.38268
0
0
0.923879
0.191498
-0.41204
-1
-0.38268
0
0
0.923879
0.191498
-0.41204
-1
2
0
0
0
1
0.191498
-0.41204
-1
0
0
0
1
0.191498
-0.41204
-1
2
-1
0
0
0
0.191498
-0.41204
-1
-1
0
0
0
0.191498
-0.41204
-1
2
-0.96592
0
0
-0.25881
0.191498
-0.41204
-1
-0.96592
0
0
-0.25881
0.191498
-0.41204
-1
leg
False
False
True
False
False
0.031
0.051000
0.071000
0
0
-0.06
6
1
10
-2
-8
14
0
None
7
2
-0.91706
0
0
0.398748
-0.04329
0
-0.99999
-0.91706
0
0
0.398748
-0.04329
0
-0.99999
3
-0.96126
0
0
0.275637
-0.04329
0
-0.99999
-0.55919
0
0
0.829037
-0.04329
0
-0.99999
-0.28401
0
0
0.958819
-0.04329
0
-0.99999
3
-0.68189
0.137256
-0.13254
0.706123
-0.04329
0
-0.99999
-0.51503
0
0
0.857167
-0.04329
0
-0.99999
-0.70841
-0.12062
0.124912
0.684104
-0.04329
0
-0.99999
3
-0.91706
0
0
0.398748
-0.04329
0
-0.99999
-0.52249
0
0
0.85264
-0.04329
0
-0.99999
-0.66262
0
0
0.748955
-0.04329
0
-0.99999
2
-0.99984
0
0
0.017452
-0.04329
0
-0.99999
-0.99984
0
0
0.017452
-0.04329
0
-0.99999
2
-0.39874
0
0
-0.91706
-0.04329
0
-0.99999
-0.39874
0
0
-0.91706
-0.04329
0
-0.99999
2
-0.69465
0
0
0.719339
-0.04329
0
-0.99999
-0.69465
0
0
0.719339
-0.04329
0
-0.99999
foot
False
False
True
False
False
0.041
0.031
0.071
0
0
0
9
0
-2
-8
14
0
None
7
2
0
0
0
1
0.016867
-0.30397
-0.99999
0
0
0
1
0.016867
-0.30397
-0.99999
3
0
0
0
1
0.016867
-0.30397
-0.99999
0
0
0
1
0.016867
-0.30397
-0.99999
0.258819
0
0
0.965925
0.016867
-0.30397
-0.99999
3
0
0
0
1
0.016867
-0.30397
-0.99999
0.241921
0
0
0.970295
0.016867
-0.30397
-0.99999
0.241921
0
0
0.970295
0.016867
-0.30397
-0.99999
3
0
0
0
1
0.016867
-0.30397
-0.99999
0.258819
0
0
0.965925
0.016867
-0.30397
-0.99999
0.258819
0
0
0.965925
0.016867
-0.30397
-0.99999
2
-0.60876
0
0
0.793353
0.016867
-0.30397
-0.99999
-0.60876
0
0
0.793353
0.016867
-0.30397
-0.99999
2
-1
0
0
0
0.016867
-0.30397
-0.99999
-1
0
0
0
0.016867
-0.30397
-0.99999
2
0
0
0
1
0.016867
-0.30397
-0.99999
0
0
0
1
0.016867
-0.30397
-0.99999
ear
False
True
False
True
True
0.050997
0.051
0.021
-0.02
0
0
2
0
0
-13
2
0
None
7
2
-0.03637
-0.02407
-0.522
0.851828
-0.85414
0.999997
-0.3401
-0.03637
-0.02407
-0.522
0.851828
-0.85414
0.999997
-0.3401
3
-0.03637
-0.02407
-0.522
0.851828
-0.85414
0.999997
-0.3401
-0.03637
-0.02407
-0.522
0.851828
-0.85414
0.999997
-0.3401
-0.03637
-0.02407
-0.522
0.851828
-0.85414
0.999997
-0.3401
3
0
0
-0.69465
0.719339
-0.85414
0.999997
-0.3401
0
0
-0.69465
0.719339
-0.85414
0.999997
-0.3401
0
0
-0.69465
0.719339
-0.85414
0.999997
-0.3401
3
-0.03637
-0.02407
-0.522
0.851828
-0.85414
0.999997
-0.3401
-0.03637
-0.02407
-0.522
0.851828
-0.85414
0.999997
-0.3401
-0.03637
-0.02407
-0.522
0.851828
-0.85414
0.999997
-0.3401
2
-0.03637
-0.02407
-0.522
0.851828
-0.85414
0.999997
-0.3401
-0.03637
-0.02407
-0.522
0.851828
-0.85414
0.999997
-0.3401
2
-0.03637
-0.02407
-0.522
0.851828
-0.85414
0.999997
-0.3401
-0.03637
-0.02407
-0.522
0.851828
-0.85414
0.999997
-0.3401
2
0
0
-0.69465
0.719339
-0.85414
0.999997
-0.3401
0
0
-0.69465
0.719339
-0.85414
0.999997
-0.3401
sideburns
False
True
False
True
False
0.070999
0.071
0.081
0
0
0
2
0
0
-16
13
0
None
7
2
0.045211
0.382728
-0.01258
0.922668
-0.99999
-0.22729
-0.80404
0.045211
0.382728
-0.01258
0.922668
-0.99999
-0.22729
-0.80404
3
0.045211
0.382728
-0.01258
0.922668
-0.99999
-0.22729
-0.80404
0.045211
0.382728
-0.01258
0.922668
-0.99999
-0.22729
-0.80404
0.045211
0.382728
-0.01258
0.922668
-0.99999
-0.22729
-0.80404
3
0.045717
0.42261
-0.0106
0.905095
-0.99999
-0.29874
-0.13587
0.045717
0.42261
-0.0106
0.905095
-0.99999
-0.29874
-0.13587
0.045717
0.42261
-0.0106
0.905095
-0.99999
-0.29874
-0.13587
3
0.045211
0.382728
-0.01258
0.922668
-0.99999
-0.22729
-0.80404
0.045211
0.382728
-0.01258
0.922668
-0.99999
-0.22729
-0.80404
0.045211
0.382728
-0.01258
0.922668
-0.99999
-0.22729
-0.80404
2
0.045211
0.382728
-0.01258
0.922668
-0.99999
-0.22729
-0.80404
0.045211
0.382728
-0.01258
0.922668
-0.99999
-0.22729
-0.80404
2
0.045211
0.382728
-0.01258
0.922668
-0.99999
-0.22729
-0.80404
0.045211
0.382728
-0.01258
0.922668
-0.99999
-0.22729
-0.80404
2
0.045717
0.42261
-0.0106
0.905095
-0.99999
-0.29874
-0.13587
0.045717
0.42261
-0.0106
0.905095
-0.99999
-0.29874
-0.13587
mouth
True
False
False
True
False
0.059999
0.04
0.05
0
0
0.01
3
0
0
0
0
0
CuteMouth
7
2
0
0
0
1
-0.11537
-0.25127
0.999995
0
0
0
1
-0.11537
-0.25127
0.999995
3
0
0
0
1
-0.11537
-0.25127
0.999995
0
0
0
1
-0.11537
-0.25127
0.999995
0
0
0
1
-0.11537
-0.25127
0.999995
3
0
0
0
1
0.028037
-0.25077
0.999987
0
0
0
1
0.028037
-0.25077
0.999987
0
0
0
1
0.028037
-0.25077
0.999987
3
0
0
0
1
-0.11537
-0.25127
0.999995
0
0
0
1
-0.11537
-0.25127
0.999995
0
0
0
1
-0.11537
-0.25127
0.999995
2
0
0
0
1
-0.11537
-0.25127
0.999995
0
0
0
1
-0.11537
-0.25127
0.999995
2
0
0
0
1
-0.11537
-0.25127
0.999995
0
0
0
1
-0.11537
-0.25127
0.999995
2
0
0
0
1
0.028037
-0.25077
0.999987
0
0
0
1
0.028037
-0.25077
0.999987
snouttip
False
False
False
True
False
0.031
0.021
0.021
0
0
0
3
0
0
-13
4
0
None
7
2
0
0
0
1
0
0.794088
0.999999
0
0
0
1
0
0.794088
0.999999
3
0
0
0
1
0
0.794088
0.999999
0
0
0
1
0
0.794088
0.999999
0
0
0
1
0
0.794088
0.999999
3
0
0
0
1
0
0.794088
0.999999
0
0
0
1
0
0.794088
0.999999
0
0
0
1
0
0.794088
0.999999
3
0
0
0
1
0
0.794088
0.999999
0
0
0
1
0
0.794088
0.999999
0
0
0
1
0
0.794088
0.999999
2
0
0
0
1
0
0.794088
0.999999
0
0
0
1
0
0.794088
0.999999
2
0
0
0
1
0
0.794088
0.999999
0
0
0
1
0
0.794088
0.999999
2
0
0
0
1
0
0.794088
0.999999
0
0
0
1
0
0.794088
0.999999
headcrest
False
False
False
True
True
0.101
0.031
0.081
0
0.02
-0.02
2
0
0
0
0
0
None
7
2
0
0
0
1
0
1.000007
-0.04473
0
0
0
1
0
1.000007
-0.04473
3
0
0
0
1
0
1.000007
-0.04473
0
0
0
1
0
1.000007
-0.04473
0
0
0
1
0
1.000007
-0.04473
3
0
0
0
1
0
1.000007
-0.04473
0
0
0
1
0
1.000007
-0.04473
0
0
0
1
0
1.000007
-0.04473
3
0
0
0
1
0
1.000007
-0.04473
0
0
0
1
0
1.000007
-0.04473
0
0
0
1
0
1.000007
-0.04473
2
0
0
0
1
0
1.000007
-0.04473
0
0
0
1
0
1.000007
-0.04473
2
0
0
0
1
0
1.000007
-0.04473
0
0
0
1
0
1.000007
-0.04473
2
0
0
0
1
0
1.000007
-0.04473
0
0
0
1
0
1.000007
-0.04473
shell
False
False
False
True
False
0.261
0.161
0.271
0
0.08
0
0
0
0
0
0
0
pufferSpikes
7
2
0.130526
0
0
0.991444
0
0.999994
-0.01216
0.130526
0
0
0.991444
0
0.999994
-0.01216
3
0.130526
0
0
0.991444
0
0.999994
-0.01216
0.130526
0
0
0.991444
0
0.999994
-0.01216
0.130526
0
0
0.991444
0
0.999994
-0.01216
3
0.130526
0
0
0.991444
0
0.999994
-0.01216
0.130526
0
0
0.991444
0
0.999994
-0.01216
0.130526
0
0
0.991444
0
0.999994
-0.01216
3
0.130526
0
0
0.991444
0
0.999994
-0.01216
0.130526
0
0
0.991444
0
0.999994
-0.01216
0.130526
0
0
0.991444
0
0.999994
-0.01216
2
0.130526
0
0
0.991444
0
0.999994
-0.01216
0.130526
0
0
0.991444
0
0.999994
-0.01216
2
0.130526
0
0
0.991444
0
0.999994
-0.01216
0.130526
0
0
0.991444
0
0.999994
-0.01216
2
0.130526
0
0
0.991444
0
0.999994
-0.01216
0.130526
0
0
0.991444
0
0.999994
-0.01216
