30
0.398819
0.254902
0.313725
0.098039
perk_fireball
false
0.269158
sky
chopper
helicóptero
do céu
helicóptero
вертолет
небо
вертолет
helikopter
langit
helikopter
helicóptero
cielo
helicóptero
เฮลิคอปเตอร์
ท้องฟ้า
เฮลิคอปเตอร์
do céu
небо
cielo
M
M
M
небо
false
Metal Bar
?
?
?
?
24
torso
False
False
False
False
False
0.146567
0.216567
0.312236
0
0
0
-1
5
1
5
6
7
18
0
0
0
0
None
7
2
0.052336
0
0
0.998629
0
0
0
0.052336
0
0
0.998629
0
0
0
3
0.052336
0
0
0.998629
0
0
0
0.052336
0
0
0.998629
0
0
0
0.052336
0
0
0.998629
0
0
0
3
0.052336
0
0
0.998629
0
0
0
0.052336
0
0
0.998629
0
0
0
0.052336
0
0
0.998629
0
0
0
3
0.052336
0
0
0.998629
0
0
0
0.052336
0
0
0.998629
0
0
0
0.052336
0
0
0.998629
0
0
0
2
-0.07845
0
0
0.996917
0
0.22
0.18
-0.07845
0
0
0.996917
0
0.22
0.18
2
-0.99996
0
0
0.008726
0
-0.48
-0.48
-0.99996
0
0
0.008726
0
-0.5
-0.48
2
0.052336
0
0
0.998629
0
0
0
0.052336
0
0
0.998629
0
0
0
neck
False
False
False
True
False
0.104519
0.174519
0.099638
0
0
0
0
2
2
17
0
0
0
0
None
7
2
0.017452
0
0
0.999847
0
-0.14112
0.999998
0.017452
0
0
0.999847
0
-0.14112
0.999998
3
0.017452
0
0
0.999847
0
-0.14112
0.999998
0.017452
0
0
0.999847
0
-0.14112
0.999998
0.017452
0
0
0.999847
0
-0.14112
0.999998
3
0.017452
0
0
0.999847
0
-0.14112
0.999998
0.017452
0
0
0.999847
0
-0.14112
0.999998
0.017452
0
0
0.999847
0
-0.14112
0.999998
3
0.017452
0
0
0.999847
0
-0.14112
0.999998
0.017452
0
0
0.999847
0
-0.14112
0.999998
0.017452
0
0
0.999847
0
-0.14112
0.999998
2
0.017452
0
0
0.999847
0
-0.14112
0.999998
0.017452
0
0
0.999847
0
-0.14112
0.999998
2
0.017452
0
0
0.999847
0
-0.14112
0.999998
0.017452
0
0
0.999847
0
-0.14112
0.999998
2
0.017452
0
0
0.999847
0
-0.14112
0.999998
0.017452
0
0
0.999847
0
-0.14112
0.999998
head
False
False
False
False
False
0.096567
0.12759
0.070661
0
0
0
1
3
3
4
16
0
0
0
0
None
7
2
-0.25881
0
0
0.965925
0
0.020854
1
-0.25881
0
0
0.965925
0
0.020854
1
3
-0.25881
0
0
0.965925
0
0.020854
1
-0.25881
0
0
0.965925
0
0.020854
1
-0.25881
0
0
0.965925
0
0.020854
1
3
-0.25881
0
0
0.965925
0
0.020854
1
-0.25881
0
0
0.965925
0
0.020854
1
-0.25881
0
0
0.965925
0
0.020854
1
3
-0.25881
0
0
0.965925
0
0.020854
1
-0.25881
0
0
0.965925
0
0.020854
1
-0.25881
0
0
0.965925
0
0.020854
1
2
-0.25881
0
0
0.965925
0
0.020854
1
-0.25881
0
0
0.965925
0
0.020854
1
2
-0.95371
0
0
-0.3007
0
0.020854
1
-0.95371
0
0
-0.3007
0
0.020854
1
2
-0.25881
0
0
0.965925
0
0.020854
1
-0.25881
0
0
0.965925
0
0.020854
1
snout
False
False
False
True
False
0.091685
0.053732
0.066803
0
0
0
2
1
12
0
0
0
0
None
7
2
0.422559
-0.00241
0
0.906332
-0.03468
-1
0.843384
0.422559
-0.00241
0
0.906332
-0.03468
-1
0.843384
3
0.422559
-0.00241
0
0.906332
-0.03468
-1
0.843384
0.422559
-0.00241
0
0.906332
-0.03468
-1
0.843384
0.422559
-0.00241
0
0.906332
-0.03468
-1
0.843384
3
0.422559
-0.00241
0
0.906332
-0.03468
-1
0.843384
0.422559
-0.00241
0
0.906332
-0.03468
-1
0.843384
0.422559
-0.00241
0
0.906332
-0.03468
-1
0.843384
3
0.422559
-0.00241
0
0.906332
-0.03468
-1
0.843384
0.422559
-0.00241
0
0.906332
-0.03468
-1
0.843384
0.422559
-0.00241
0
0.906332
-0.03468
-1
0.843384
2
0.422559
-0.00241
0
0.906332
-0.03468
-1
0.843384
0.422559
-0.00241
0
0.906332
-0.03468
-1
0.843384
2
0.422559
-0.00241
0
0.906332
-0.03468
-1
0.843384
0.422559
-0.00241
0
0.906332
-0.03468
-1
0.843384
2
0.422559
-0.00241
0
0.906332
-0.03468
-1
0.843384
0.422559
-0.00241
0
0.906332
-0.03468
-1
0.843384
eyes
True
True
False
True
False
0.041811
0.001811
0.044881
0
0
0.03
2
0
0
0
0
0
RegularEye
7
2
0
0
0
1
-0.84643
0.25144
1.000015
0
0
0
1
-0.84643
0.25144
1.000015
3
0
0
0
1
-0.84643
0.25144
1.000015
0
0
0
1
-0.84643
0.25144
1.000015
0
0
0
1
-0.84643
0.25144
1.000015
3
0
0
0
1
-0.84643
0.25144
1.000015
0
0
0
1
-0.84643
0.25144
1.000015
0
0
0
1
-0.84643
0.25144
1.000015
3
0
0
0
1
-0.84643
0.25144
1.000015
0
0
0
1
-0.84643
0.25144
1.000015
0
0
0
1
-0.84643
0.25144
1.000015
2
0
0
0
1
-0.84643
0.25144
1.000015
0
0
0
1
-0.84643
0.25144
1.000015
2
0
0
0
1
-0.84643
0.25144
1.000015
0
0
0
1
-0.84643
0.25144
1.000015
2
0
0
0
1
-0.84643
0.25144
1.000015
0
0
0
1
-0.84643
0.25144
1.000015
shoulder
False
True
False
False
False
0.01885
0.057827
0.050661
0
0
-0.06
0
1
8
0
0
0
0
None
7
2
-0.4569
0.535439
-0.46111
0.54029
-1
-0.03102
0.65955
-0.4569
0.535439
-0.46111
0.54029
-1
-0.03102
0.65955
3
-0.4569
0.535439
-0.46111
0.54029
-1
-0.03102
0.65955
-0.4569
0.535439
-0.46111
0.54029
-1
-0.03102
0.65955
-0.4569
0.535439
-0.46111
0.54029
-1
-0.03102
0.65955
3
-0.4569
0.535439
-0.46111
0.54029
-1
-0.03102
0.65955
-0.4569
0.535439
-0.46111
0.54029
-1
-0.03102
0.65955
-0.4569
0.535439
-0.46111
0.54029
-1
-0.03102
0.65955
3
-0.4569
0.535439
-0.46111
0.54029
-1
-0.03102
0.65955
-0.4569
0.535439
-0.46111
0.54029
-1
-0.03102
0.65955
-0.4569
0.535439
-0.46111
0.54029
-1
-0.03102
0.65955
2
-0.4569
0.535439
-0.46111
0.54029
-1
-0.03102
0.65955
-0.4569
0.535439
-0.46111
0.54029
-1
-0.03102
0.65955
2
-0.51984
-0.48403
-0.51481
-0.48003
-1
-0.03102
0.65955
-0.51984
-0.48403
-0.51481
-0.48003
-1
-0.03102
0.65955
2
-0.4569
0.535439
-0.46111
0.54029
-1
-0.03102
0.65955
-0.4569
0.535439
-0.46111
0.54029
-1
-0.03102
0.65955
hip
False
True
True
False
False
0.025779
0.020661
0.049638
0
0
-0.02
0
1
10
0
-23
-8
0
None
7
2
-0.62957
0.304006
-0.29357
0.651943
-1
-0.94483
0.603393
-0.62957
0.304006
-0.29357
0.651943
-1
-0.94483
0.603393
3
-0.62957
0.304006
-0.29357
0.651943
-1
-0.94483
0.603393
-0.62957
0.304006
-0.29357
0.651943
-1
-0.94483
0.603393
-0.62957
0.304006
-0.29357
0.651943
-1
-0.94483
0.603393
3
-0.62957
0.304006
-0.29357
0.651943
-1
-0.94483
0.603393
-0.62957
0.304006
-0.29357
0.651943
-1
-0.94483
0.603393
-0.62957
0.304006
-0.29357
0.651943
-1
-0.94483
0.603393
3
-0.62957
0.304006
-0.29357
0.651943
-1
-0.94483
0.603393
-0.62957
0.304006
-0.29357
0.651943
-1
-0.94483
0.603393
-0.62957
0.304006
-0.29357
0.651943
-1
-0.94483
0.603393
2
-0.62957
0.304006
-0.29357
0.651943
-1
-0.94483
0.603393
-0.62957
0.304006
-0.29357
0.651943
-1
-0.94483
0.603393
2
-0.62386
-0.30655
-0.29091
-0.65741
-1
-0.94483
0.603393
-0.62386
-0.30655
-0.29091
-0.65741
-1
-0.94483
0.603393
2
-0.62957
0.304006
-0.29357
0.651943
-1
-0.94483
0.603393
-0.62957
0.304006
-0.29357
0.651943
-1
-0.94483
0.603393
tail
False
False
False
False
False
0.10759
0.12885
0.207591
0
0
0.2
0
2
13
14
0
0
-6
0
None
7
2
-0.99756
0
0
0.069756
0.035805
0.148878
-0.99999
-0.99756
0
0
0.069756
0.035805
0.148878
-0.99999
3
-0.99756
0
0
0.069756
0.035805
0.148878
-0.99999
-0.99756
0
0
0.069756
0.035805
0.148878
-0.99999
-0.99756
0
0
0.069756
0.035805
0.148878
-0.99999
3
-0.99756
0
0
0.069756
0.035805
0.148878
-0.99999
-0.99756
0
0
0.069756
0.035805
0.148878
-0.99999
-0.99756
0
0
0.069756
0.035805
0.148878
-0.99999
3
-0.99756
0
0
0.069756
0.035805
0.148878
-0.99999
-0.99756
0
0
0.069756
0.035805
0.148878
-0.99999
-0.99756
0
0
0.069756
0.035805
0.148878
-0.99999
2
-0.97029
0
0
0.241922
0.035805
0.148878
-0.99999
-0.97029
0
0
0.241922
0.035805
0.148878
-0.99999
2
-0.02617
0
0
-0.99965
0.035805
0.148878
-0.99999
-0.02617
0
0
-0.99965
0.035805
0.148878
-0.99999
2
-0.99756
0
0
0.069756
0.035805
0.148878
-0.99999
-0.99756
0
0
0.069756
0.035805
0.148878
-0.99999
arm
False
False
False
False
False
0.01885
0.058850
0.044283
0
0
-0.04
5
2
9
22
0
0
0
0
None
7
2
-0.47427
0.518092
-0.46908
0.535356
0.0758
-0.1359
-0.99997
-0.47427
0.518092
-0.46908
0.535356
0.0758
-0.1359
-0.99997
3
-0.47427
0.518092
-0.46908
0.535356
0.0758
-0.1359
-0.99997
-0.47427
0.518092
-0.46908
0.535356
0.0758
-0.1359
-0.99997
-0.47427
0.518092
-0.46908
0.535356
0.0758
-0.1359
-0.99997
3
-0.47427
0.518092
-0.46908
0.535356
0.0758
-0.1359
-0.99997
-0.47427
0.518092
-0.46908
0.535356
0.0758
-0.1359
-0.99997
-0.47427
0.518092
-0.46908
0.535356
0.0758
-0.1359
-0.99997
3
-0.47427
0.518092
-0.46908
0.535356
0.0758
-0.1359
-0.99997
-0.47427
0.518092
-0.46908
0.535356
0.0758
-0.1359
-0.99997
-0.47427
0.518092
-0.46908
0.535356
0.0758
-0.1359
-0.99997
2
-0.47427
0.518092
-0.46908
0.535356
0.0758
-0.1359
-0.99997
-0.47427
0.518092
-0.46908
0.535356
0.0758
-0.1359
-0.99997
2
-0.51415
-0.49123
-0.49713
-0.49717
0.0758
-0.1359
-0.99997
-0.51415
-0.49123
-0.49713
-0.49717
0.0758
-0.1359
-0.99997
2
-0.47427
0.518092
-0.46908
0.535356
0.0758
-0.1359
-0.99997
-0.47427
0.518092
-0.46908
0.535356
0.0758
-0.1359
-0.99997
hand
False
False
False
False
False
0.05885
0.01885
0.087591
-0.02
-0.02
0.079999
8
0
0
0
0
0
None
7
2
0.189177
-0.69659
0.064792
0.689037
-0.98752
-0.38173
-1.00003
0.189177
-0.69659
0.064792
0.689037
-0.98752
-0.38173
-1.00003
3
0.189177
-0.69659
0.064792
0.689037
-0.98752
-0.38173
-1.00003
0.189177
-0.69659
0.064792
0.689037
-0.98752
-0.38173
-1.00003
0.189177
-0.69659
0.064792
0.689037
-0.98752
-0.38173
-1.00003
3
0.189177
-0.69659
0.064792
0.689037
-0.98752
-0.38173
-1.00003
0.189177
-0.69659
0.064792
0.689037
-0.98752
-0.38173
-1.00003
0.189177
-0.69659
0.064792
0.689037
-0.98752
-0.38173
-1.00003
3
0.189177
-0.69659
0.064792
0.689037
-0.98752
-0.38173
-1.00003
0.189177
-0.69659
0.064792
0.689037
-0.98752
-0.38173
-1.00003
0.189177
-0.69659
0.064792
0.689037
-0.98752
-0.38173
-1.00003
2
0.189177
-0.69659
0.064792
0.689037
-0.98752
-0.38173
-1.00003
0.189177
-0.69659
0.064792
0.689037
-0.98752
-0.38173
-1.00003
2
-0.69663
0.095115
0.693103
0.158941
-0.98752
-0.38173
-1.00003
-0.69663
0.095115
0.693103
0.158941
-0.98752
-0.38173
-1.00003
2
0.189177
-0.69659
0.064792
0.689037
-0.98752
-0.38173
-1.00003
0.189177
-0.69659
0.064792
0.689037
-0.98752
-0.38173
-1.00003
leg
False
False
True
False
False
0.027826
0.016803
0.053732
0
0
-0.04
6
1
11
0
-23
-8
0
None
7
2
-0.62957
0.304006
-0.29357
0.651943
-0.33147
-0.39492
-1
-0.62957
0.304006
-0.29357
0.651943
-0.33147
-0.39492
-1
3
-0.62957
0.304006
-0.29357
0.651943
-0.33147
-0.39492
-1
-0.62957
0.304006
-0.29357
0.651943
-0.33147
-0.39492
-1
-0.62957
0.304006
-0.29357
0.651943
-0.33147
-0.39492
-1
3
-0.62957
0.304006
-0.29357
0.651943
-0.33147
-0.39492
-1
-0.62957
0.304006
-0.29357
0.651943
-0.33147
-0.39492
-1
-0.62957
0.304006
-0.29357
0.651943
-0.33147
-0.39492
-1
3
-0.62957
0.304006
-0.29357
0.651943
-0.33147
-0.39492
-1
-0.62957
0.304006
-0.29357
0.651943
-0.33147
-0.39492
-1
-0.62957
0.304006
-0.29357
0.651943
-0.33147
-0.39492
-1
2
-0.62957
0.304006
-0.29357
0.651943
-0.33147
-0.39492
-1
-0.62957
0.304006
-0.29357
0.651943
-0.33147
-0.39492
-1
2
-0.62386
-0.30655
-0.29091
-0.65741
-0.33147
-0.39492
-1
-0.62386
-0.30655
-0.29091
-0.65741
-0.33147
-0.39492
-1
2
-0.62957
0.304006
-0.29357
0.651943
-0.33147
-0.39492
-1
-0.62957
0.304006
-0.29357
0.651943
-0.33147
-0.39492
-1
foot
False
False
True
False
False
0.037826
0.036803
0.046803
0
-0.02
0
10
1
15
0
-23
-8
0
None
7
2
0
0
0
1
-0.0733
-0.03653
-1.00004
0
0
0
1
-0.0733
-0.03653
-1.00004
3
0
0
0
1
-0.0733
-0.03653
-1.00004
0
0
0
1
-0.0733
-0.03653
-1.00004
0
0
0
1
-0.0733
-0.03653
-1.00004
3
0
0
0
1
-0.0733
-0.03653
-1.00004
0
0
0
1
-0.0733
-0.03653
-1.00004
0
0
0
1
-0.0733
-0.03653
-1.00004
3
0
0
0
1
-0.0733
-0.03653
-1.00004
0
0
0
1
-0.0733
-0.03653
-1.00004
0
0
0
1
-0.0733
-0.03653
-1.00004
2
0
0
0
1
-0.0733
-0.03653
-1.00004
0
0
0
1
-0.0733
-0.03653
-1.00004
2
-0.99904
0
0
-0.04361
-0.0733
-0.03653
-1.00004
-0.99904
0
0
-0.04361
-0.0733
-0.03653
-1.00004
2
0
0
0
1
-0.0733
-0.03653
-1.00004
0
0
0
1
-0.0733
-0.03653
-1.00004
mouth
True
False
False
True
False
0.004881
0.029764
0.044882
0
0
0.01
3
0
0
0
0
0
AngryMouth
7
2
0
0
0
1
0
-0.08277
1.000003
0
0
0
1
0
-0.08277
1.000003
3
0
0
0
1
0
-0.08277
1.000003
0
0
0
1
0
-0.08277
1.000003
0
0
0
1
0
-0.08277
1.000003
3
0
0
0
1
0
-0.08277
1.000003
0
0
0
1
0
-0.08277
1.000003
0
0
0
1
0
-0.08277
1.000003
3
0
0
0
1
0
-0.08277
1.000003
0
0
0
1
0
-0.08277
1.000003
0
0
0
1
0
-0.08277
1.000003
2
0
0
0
1
0
-0.08277
1.000003
0
0
0
1
0
-0.08277
1.000003
2
0
0
0
1
0
-0.08277
1.000003
0
0
0
1
0
-0.08277
1.000003
2
0
0
0
1
0
-0.08277
1.000003
0
0
0
1
0
-0.08277
1.000003
tailext
False
False
False
True
False
0.021
0.111
0.221002
0
0
0.16
7
0
0
0
-6
0
None
7
2
0.422618
0
0
0.906307
0
-0.60613
1.000005
0.422618
0
0
0.906307
0
-0.60613
1.000005
3
0.422618
0
0
0.906307
0
-0.60613
1.000005
0.422618
0
0
0.906307
0
-0.60613
1.000005
0.422618
0
0
0.906307
0
-0.60613
1.000005
3
0.422618
0
0
0.906307
0
-0.60613
1.000005
0.422618
0
0
0.906307
0
-0.60613
1.000005
0.422618
0
0
0.906307
0
-0.60613
1.000005
3
0.422618
0
0
0.906307
0
-0.60613
1.000005
0.422618
0
0
0.906307
0
-0.60613
1.000005
0.422618
0
0
0.906307
0
-0.60613
1.000005
2
0.422618
0
0
0.906307
0
-0.60613
1.000005
0.422618
0
0
0.906307
0
-0.60613
1.000005
2
0.422618
0
0
0.906307
0
-0.60613
1.000005
0.422618
0
0
0.906307
0
-0.60613
1.000005
2
0.422618
0
0
0.906307
0
-0.60613
1.000005
0.422618
0
0
0.906307
0
-0.60613
1.000005
liftoff
False
True
False
True
False
0.161
0.021
0.090999
-0.08
0
0
7
0
0
0
-6
0
None
7
2
0
0.216439
0
0.976296
-1.00001
0.231465
0.492018
0
0.216439
0
0.976296
-1.00001
0.231465
0.492018
3
0
0.216439
0
0.976296
-1.00001
0.231465
0.492018
0
0.216439
0
0.976296
-1.00001
0.231465
0.492018
0
0.216439
0
0.976296
-1.00001
0.231465
0.492018
3
0
0.216439
0
0.976296
-1.00001
0.231465
0.492018
0
0.216439
0
0.976296
-1.00001
0.231465
0.492018
0
0.216439
0
0.976296
-1.00001
0.231465
0.492018
3
0
0.216439
0
0.976296
-1.00001
0.231465
0.492018
0
0.216439
0
0.976296
-1.00001
0.231465
0.492018
0
0.216439
0
0.976296
-1.00001
0.231465
0.492018
2
0
0.216439
0
0.976296
-1.00001
0.231465
0.492018
0
0.216439
0
0.976296
-1.00001
0.231465
0.492018
2
0
0.216439
0
0.976296
-1.00001
0.231465
0.492018
0
0.216439
0
0.976296
-1.00001
0.231465
0.492018
2
0
0.216439
0
0.976296
-1.00001
0.231465
0.492018
0
0.216439
0
0.976296
-1.00001
0.231465
0.492018
tire-front
False
False
False
False
False
0.011
0.061
0.051
0
0
0
11
0
0
0
-14
0
None
7
2
0
0
0
1
-0.99999
0
0.102085
0
0
0
1
-0.99999
0
0.102085
3
0
0
0
1
-0.99999
0
0.102085
0
0
0
1
-0.99999
0
0.102085
0
0
0
1
-0.99999
0
0.102085
3
0
0
0
1
-0.99999
0
0.102085
0
0
0
1
-0.99999
0
0.102085
0
0
0
1
-0.99999
0
0.102085
3
0
0
0
1
-0.99999
0
0.102085
0
0
0
1
-0.99999
0
0.102085
0
0
0
1
-0.99999
0
0.102085
2
0
0
0
1
-0.99999
0
0.102085
0
0
0
1
-0.99999
0
0.102085
2
-0.99904
0
0
-0.04361
-0.99999
0
0.102085
-0.99904
0
0
-0.04361
-0.99999
0
0.102085
2
0
0
0
1
-0.99999
0
0.102085
0
0
0
1
-0.99999
0
0.102085
mask
False
True
False
True
False
0.041
0.051
0.001
0
0
0
2
0
0
0
-14
0
None
7
2
0
0
0
1
-0.3465
0.144507
1.000008
0
0
0
1
-0.3465
0.144507
1.000008
3
0
0
0
1
-0.3465
0.144507
1.000008
0
0
0
1
-0.3465
0.144507
1.000008
0
0
0
1
-0.3465
0.144507
1.000008
3
0
0
0
1
-0.3465
0.144507
1.000008
0
0
0
1
-0.3465
0.144507
1.000008
0
0
0
1
-0.3465
0.144507
1.000008
3
0
0
0
1
-0.3465
0.144507
1.000008
0
0
0
1
-0.3465
0.144507
1.000008
0
0
0
1
-0.3465
0.144507
1.000008
2
0
0
0
1
-0.3465
0.144507
1.000008
0
0
0
1
-0.3465
0.144507
1.000008
2
0
0
0
1
-0.3465
0.144507
1.000008
0
0
0
1
-0.3465
0.144507
1.000008
2
0
0
0
1
-0.3465
0.144507
1.000008
0
0
0
1
-0.3465
0.144507
1.000008
othersidewindow
False
True
False
True
False
0.011
0.041
0.041
0
0
0
1
0
0
0
-14
0
None
7
2
0
0
0
1
-0.99999
0.376645
0.399731
0
0
0
1
-0.99999
0.376645
0.399731
3
0
0
0
1
-0.99999
0.376645
0.399731
0
0
0
1
-0.99999
0.376645
0.399731
0
0
0
1
-0.99999
0.376645
0.399731
3
0
0
0
1
-0.99999
0.376645
0.399731
0
0
0
1
-0.99999
0.376645
0.399731
0
0
0
1
-0.99999
0.376645
0.399731
3
0
0
0
1
-0.99999
0.376645
0.399731
0
0
0
1
-0.99999
0.376645
0.399731
0
0
0
1
-0.99999
0.376645
0.399731
2
0
0
0
1
-0.99999
0.376645
0.399731
0
0
0
1
-0.99999
0.376645
0.399731
2
0
0
0
1
-0.99999
0.376645
0.399731
0
0
0
1
-0.99999
0.376645
0.399731
2
0
0
0
1
-0.99999
0.376645
0.399731
0
0
0
1
-0.99999
0.376645
0.399731
shell
False
False
False
True
False
0.101
0.061
0.151
0
0.06
0
0
1
19
0
0
0
0
None
7
2
0
0
0
1
0
1.000004
0.204134
0
0
0
1
0
1.000004
0.204134
3
0
0
0
1
0
1.000004
0.204134
0
0
0
1
0
1.000004
0.204134
0
0
0
1
0
1.000004
0.204134
3
0
0
0
1
0
1.000004
0.204134
0
0
0
1
0
1.000004
0.204134
0
0
0
1
0
1.000004
0.204134
3
0
0
0
1
0
1.000004
0.204134
0
0
0
1
0
1.000004
0.204134
0
0
0
1
0
1.000004
0.204134
2
0
0
0
1
0
1.000004
0.204134
0
0
0
1
0
1.000004
0.204134
2
0
0
0
1
0
1.000004
0.204134
0
0
0
1
0
1.000004
0.204134
2
0
0
0
1
0
1.000004
0.204134
0
0
0
1
0
1.000004
0.204134
shellext
False
False
False
True
False
0.080999
0.041
0.081
0
0.04
0
18
2
20
21
0
0
-6
0
None
7
2
0
0
0
1
0
1.000012
0.235121
0
0
0
1
0
1.000012
0.235121
3
0
0
0
1
0
1.000012
0.235121
0
0
0
1
0
1.000012
0.235121
0
0
0
1
0
1.000012
0.235121
3
0
0
0
1
0
1.000012
0.235121
0
0
0
1
0
1.000012
0.235121
0
0
0
1
0
1.000012
0.235121
3
0
0
0
1
0
1.000012
0.235121
0
0
0
1
0
1.000012
0.235121
0
0
0
1
0
1.000012
0.235121
2
0
0
0
1
0
1.000012
0.235121
0
0
0
1
0
1.000012
0.235121
2
0
0
0
1
0
1.000012
0.235121
0
0
0
1
0
1.000012
0.235121
2
0
0
0
1
0
1.000012
0.235121
0
0
0
1
0
1.000012
0.235121
heliprop1
False
True
False
True
False
0.051
0.021
0.361
0
0
0.36
19
0
0
0
-14
0
None
7
2
0.040299
-0.38231
0.016692
0.923
-0.95563
0
0.999998
0.040299
-0.38231
0.016692
0.923
-0.95563
0
0.999998
3
0.040299
-0.38231
0.016692
0.923
-0.95563
0
0.999998
0.040299
-0.38231
0.016692
0.923
-0.95563
0
0.999998
0.040299
-0.38231
0.016692
0.923
-0.95563
0
0.999998
3
0.040299
-0.38231
0.016692
0.923
-0.95563
0
0.999998
0.040299
-0.38231
0.016692
0.923
-0.95563
0
0.999998
0.040299
-0.38231
0.016692
0.923
-0.95563
0
0.999998
3
0.040299
-0.38231
0.016692
0.923
-0.95563
0
0.999998
0.040299
-0.38231
0.016692
0.923
-0.95563
0
0.999998
0.040299
-0.38231
0.016692
0.923
-0.95563
0
0.999998
2
0.040299
-0.38231
0.016692
0.923
-0.95563
0
0.999998
0.040299
-0.38231
0.016692
0.923
-0.95563
0
0.999998
2
0.040299
-0.38231
0.016692
0.923
-0.95563
0
0.999998
0.040299
-0.38231
0.016692
0.923
-0.95563
0
0.999998
2
0.040299
-0.38231
0.016692
0.923
-0.95563
0
0.999998
0.040299
-0.38231
0.016692
0.923
-0.95563
0
0.999998
heliprop2
False
True
False
True
False
0.051
0.021
0.361
0
0
-0.38
19
0
0
0
-14
0
None
7
2
-0.04029
0.382319
0.016692
0.923
-1
0
-0.51612
-0.04029
0.382319
0.016692
0.923
-1
0
-0.51612
3
-0.04029
0.382319
0.016692
0.923
-1
0
-0.51612
-0.04029
0.382319
0.016692
0.923
-1
0
-0.51612
-0.04029
0.382319
0.016692
0.923
-1
0
-0.51612
3
-0.04029
0.382319
0.016692
0.923
-1
0
-0.51612
-0.04029
0.382319
0.016692
0.923
-1
0
-0.51612
-0.04029
0.382319
0.016692
0.923
-1
0
-0.51612
3
-0.04029
0.382319
0.016692
0.923
-1
0
-0.51612
-0.04029
0.382319
0.016692
0.923
-1
0
-0.51612
-0.04029
0.382319
0.016692
0.923
-1
0
-0.51612
2
-0.04029
0.382319
0.016692
0.923
-1
0
-0.51612
-0.04029
0.382319
0.016692
0.923
-1
0
-0.51612
2
-0.04029
0.382319
0.016692
0.923
-1
0
-0.51612
-0.04029
0.382319
0.016692
0.923
-1
0
-0.51612
2
-0.04029
0.382319
0.016692
0.923
-1
0
-0.51612
-0.04029
0.382319
0.016692
0.923
-1
0
-0.51612
armmissle
False
False
False
True
False
0.031000
0.111
0.031000
0.04
0
0
8
1
23
0
0
-14
0
None
7
2
0
0
0
1
1.000022
-0.10526
-0.23106
0
0
0
1
1.000022
-0.10526
-0.23106
3
0
0
0
1
1.000022
-0.10526
-0.23106
0
0
0
1
1.000022
-0.10526
-0.23106
0
0
0
1
1.000022
-0.10526
-0.23106
3
0
0
0
1
1.000022
-0.10526
-0.23106
0
0
0
1
1.000022
-0.10526
-0.23106
0
0
0
1
1.000022
-0.10526
-0.23106
3
0
0
0
1
1.000022
-0.10526
-0.23106
0
0
0
1
1.000022
-0.10526
-0.23106
0
0
0
1
1.000022
-0.10526
-0.23106
2
0
0
0
1
1.000022
-0.10526
-0.23106
0
0
0
1
1.000022
-0.10526
-0.23106
2
0
0
0
1
1.000022
-0.10526
-0.23106
0
0
0
1
1.000022
-0.10526
-0.23106
2
0
0
0
1
1.000022
-0.10526
-0.23106
0
0
0
1
1.000022
-0.10526
-0.23106
armmissle2
False
False
False
True
False
0.031000
0.111
0.031000
0.06
0
0
22
0
0
0
-14
0
None
7
2
0
0
0
1
0.999974
0
0.064706
0
0
0
1
0.999974
0
0.064706
3
0
0
0
1
0.999974
0
0.064706
0
0
0
1
0.999974
0
0.064706
0
0
0
1
0.999974
0
0.064706
3
0
0
0
1
0.999974
0
0.064706
0
0
0
1
0.999974
0
0.064706
0
0
0
1
0.999974
0
0.064706
3
0
0
0
1
0.999974
0
0.064706
0
0
0
1
0.999974
0
0.064706
0
0
0
1
0.999974
0
0.064706
2
0
0
0
1
0.999974
0
0.064706
0
0
0
1
0.999974
0
0.064706
2
0
0
0
1
0.999974
0
0.064706
0
0
0
1
0.999974
0
0.064706
2
0
0
0
1
0.999974
0
0.064706
0
0
0
1
0.999974
0
0.064706
