30
0.524415
0.305882
0.345098
0.537254
perk_giant
false
0.320147
hungry
stomper
hipopótamo
faminto
pisotear
Бегемот
голодный
топать
hippo
lapar
penghancur
hipopótamo
hambriento
pisotear
ฮิปโป
หิว
กระทืบ
faminta
голодная
hambrienta
M
M
M
голодное
false
Uncooked Meat
Bones
?
?
?
14
torso
False
False
False
False
False
0.311
0.271
0.360999
0
0
0
-1
4
1
5
6
7
0
0
0
0
None
7
2
0.034899
0
0
0.99939
0
0
0
0.034899
0
0
0.99939
0
0.02
0
3
0.069756
0
0
0.997564
0
0
0
-0.03489
0
0
0.99939
0
0
0
-0.03489
0
0
0.99939
0
0
0
3
0.034766
0.087102
0.003041
0.995587
0
0
0
-0.06975
0
0
0.997564
0
0
0
0.034814
-0.06971
-0.00243
0.996956
0
0
0
3
0.165047
0
0
0.986285
0
-0.08
-0.26
-0.05233
0
0
0.998629
0
0.04
0.36
0.121869
0
0
0.992546
0
0.04
0.36
2
-0.46947
0
0
0.882947
0
0.04
0.44
-0.50753
0
0
0.861629
0
0.04
0.44
2
-0.99939
0
0
0.034899
0
-0.32
-0.63999
-0.99939
0
0
0.034899
0
-0.34
-0.63999
2
-0.22495
0
0
0.97437
0
0
0
-0.39073
0
0
0.920504
0
0
0
neck
False
False
False
True
False
0.251
0.231
0.141
0
0
0
0
1
2
0
0
0
0
None
7
2
0
0
0
1
0
0.163189
1.000001
0.052335
0
0
0.998629
0
0.163189
1.000001
3
0
0
0
1
0
0.163189
1.000001
0
0
0
1
0
0.163189
1.000001
0
0
0
1
0
0.163189
1.000001
3
0
0
0
1
0
0.163189
1.000001
0
0
0
1
0
0.163189
1.000001
0
0
0
1
0
0.163189
1.000001
3
0
0
0
1
0
0.163189
1.000001
0
0
0
1
0
0.163189
1.000001
-0.13052
0
0
0.991444
0
0.258551
0.999999
2
0.258819
0
0
0.965925
0
-0.11225
1.000001
0.382683
0
0
0.923879
0
-0.11225
1.000001
2
0
0
0
1
0
0.163189
1.000001
0
0
0
1
0
0.163189
1.000001
2
0
0
0
1
0
0.163189
1.000001
0
0
0
1
0
0.163189
1.000001
head
False
False
False
False
False
0.191
0.171
0.201
0
0
0
1
3
3
4
12
0
0
0
0
None
7
2
-0.05233
0
0
0.998629
0
0.023565
1.000005
0.069756
0
0
0.997564
0
-0.02332
1.000002
3
-0.05233
0
0
0.998629
0
0.023565
1.000005
-0.05233
0
0
0.998629
0
0.023565
1.000005
-0.05233
0
0
0.998629
0
0.023565
1.000005
3
-0.05233
0
0
0.998629
0
0.023565
1.000005
-0.05233
0
0
0.998629
0
0.023565
1.000005
-0.05233
0
0
0.998629
0
0.023565
1.000005
3
0.333807
0
0
0.942641
0
0.023565
1.000005
0.45399
0
0
0.891006
0
0.023565
1.000005
0.121869
0
0
0.992546
0
0.023565
1.000005
2
0.078459
0
0
0.996917
0
-0.09437
1.000002
0.078459
0
0
0.996917
0
-0.168
1.000002
2
-0.99862
0
0
-0.05233
0
0.023565
1.000005
-0.99862
0
0
-0.05233
0
0.023565
1.000005
2
-0.05233
0
0
0.998629
0
0.023565
1.000005
-0.05233
0
0
0.998629
0
0.023565
1.000005
snout
False
False
False
True
False
0.141
0.141
0.211
0
0
0.02
2
1
13
0
1
-3
0
None
7
2
0.173585
-0.00241
0
0.984815
0.026194
-0.30407
1.000003
0.173585
-0.00241
0
0.984815
0.026194
-0.30407
1.000003
3
0.173585
-0.00241
0
0.984815
0.026194
-0.30407
1.000003
0.173585
-0.00241
0
0.984815
0.026194
-0.30407
1.000003
0.173585
-0.00241
0
0.984815
0.026194
-0.30407
1.000003
3
0.173585
-0.00241
0
0.984815
0.026194
-0.30407
1.000003
0.173585
-0.00241
0
0.984815
0.026194
-0.30407
1.000003
0.173585
-0.00241
0
0.984815
0.026194
-0.30407
1.000003
3
0.173585
-0.00241
0
0.984815
0.026194
-0.30407
1.000003
0.173585
-0.00241
0
0.984815
0.026194
-0.30407
1.000003
0.173585
-0.00241
0
0.984815
0.026194
-0.30407
1.000003
2
0.173585
-0.00241
0
0.984815
0.026194
-0.30407
1.000003
0.173585
-0.00241
0
0.984815
0.026194
-0.30407
1.000003
2
0.173585
-0.00241
0
0.984815
0.026194
-0.30407
1.000003
0.173585
-0.00241
0
0.984815
0.026194
-0.30407
1.000003
2
0.173585
-0.00241
0
0.984815
0.026194
-0.30407
1.000003
0.173585
-0.00241
0
0.984815
0.026194
-0.30407
1.000003
eyes
True
True
False
True
False
0.059999
0.059999
0.05
0
0
0.01
2
0
0
0
0
0
DerpyEye
7
2
0
-0.1908
0
0.981627
-0.92264
0.236406
1.000001
0
-0.1908
0
0.981627
-0.92264
0.236406
1.000001
3
0
-0.1908
0
0.981627
-0.92264
0.236406
1.000001
0
-0.1908
0
0.981627
-0.92264
0.236406
1.000001
0
-0.1908
0
0.981627
-0.92264
0.236406
1.000001
3
0
-0.1908
0
0.981627
-0.92264
0.236406
1.000001
0
-0.1908
0
0.981627
-0.92264
0.236406
1.000001
0
-0.1908
0
0.981627
-0.92264
0.236406
1.000001
3
0
-0.1908
0
0.981627
-0.92264
0.236406
1.000001
0
-0.1908
0
0.981627
-0.92264
0.236406
1.000001
0
-0.1908
0
0.981627
-0.92264
0.236406
1.000001
2
0
-0.1908
0
0.981627
-0.92264
0.236406
1.000001
0
-0.1908
0
0.981627
-0.92264
0.236406
1.000001
2
0
-0.1908
0
0.981627
-0.92264
0.236406
1.000001
0
-0.1908
0
0.981627
-0.92264
0.236406
1.000001
2
0
-0.1908
0
0.981627
-0.92264
0.236406
1.000001
0
-0.1908
0
0.981627
-0.92264
0.236406
1.000001
shoulder
False
True
True
False
False
0.121
0.111
0.091
0
0
0.04
0
1
8
0
1
-3
0
None
7
2
-0.69465
0
0
0.71934
-0.69846
-0.99999
0.54817
-0.69465
0
0
0.71934
-0.56164
-0.99999
0.489519
3
-0.60181
0
0
0.798635
-0.72342
-0.99999
0.268822
-0.69465
0
0
0.71934
-0.78572
-0.99999
0.441825
-0.78801
0
0
0.615661
-0.6345
-1
0.820699
3
-0.68948
0.087665
-0.08465
0.713978
-0.69846
-0.99999
0.54817
-0.69465
0
0
0.71934
-0.66976
-1
0.525643
-0.6861
-0.11252
0.108668
0.710483
-0.55438
-0.99999
0.43509
3
-0.69465
0
0
0.71934
-0.77341
-1
0.678831
-0.69465
0
0
0.71934
-0.51493
-1
0.348215
-0.69465
0
0
0.71934
-0.69846
-0.99999
0.54817
2
-0.69465
0
0
0.71934
-0.38293
-0.99999
0.147955
-0.69465
0
0
0.71934
-0.38293
-0.99999
0.147955
2
-0.71934
0
0
-0.69465
-0.69846
-0.99999
0.54817
-0.71934
0
0
-0.69465
-0.69846
-0.99999
0.54817
2
-0.69316
0.168163
0.195594
-0.67303
-1
0.599581
0.784859
-0.49535
0.111809
0.232453
-0.82951
-0.99999
0.856543
0.524524
hip
False
True
True
False
False
0.151
0.181
0.271
0
0
0
0
1
10
0
1
-3
0
None
7
2
-0.55919
0
0
0.829037
-0.46603
-0.39485
-0.99999
-0.55919
0
0
0.829037
-0.47547
-0.53479
-1
3
-0.55919
0
0
0.829037
-0.46603
-0.39485
-0.99999
-0.61566
0
0
0.78801
-0.4242
-0.29057
-1
-0.46947
0
0
0.882947
-0.46603
-0.39485
-0.99999
3
-0.55502
0.101034
-0.06814
0.822858
-0.66141
-0.4275
-1
-0.55919
0
0
0.829037
-0.52837
-0.18955
-1
-0.5523
-0.12969
0.087477
0.81883
-0.34327
-0.40832
-1
3
-0.55919
0
0
0.829037
-0.46604
-0.86866
-1
-0.55919
0
0
0.829037
-0.46603
-0.39485
-0.99999
-0.55919
0
0
0.829037
-0.46603
-0.39485
-0.99999
2
-0.9911
-0.00341
-0.13048
-0.02595
-0.791
-0.3656
-1
-0.9911
-0.00341
-0.13048
-0.02595
-0.791
-0.3656
-1
2
-0.82903
0
0
-0.55919
-0.46603
-0.39485
-0.99999
-0.82903
0
0
-0.55919
-0.46603
-0.39485
-0.99999
2
-0.55919
0
0
0.829037
-0.46603
-0.39485
-0.99999
-0.55919
0
0
0.829037
-0.46603
-0.39485
-0.99999
tail
False
False
False
False
False
0.051
0.041000
0.080999
0
0
0.04
0
0
0
0
-2
0
None
7
2
-0.99254
0
0
0.121869
0.035806
0.863498
-0.99999
-0.99254
0
0
0.121869
0.035806
0.863498
-0.99999
3
-0.99254
0
0
0.121869
0.035806
0.863498
-0.99999
-0.99254
0
0
0.121869
0.035806
0.863498
-0.99999
-0.99254
0
0
0.121869
0.035806
0.863498
-0.99999
3
-0.99254
0
0
0.121869
0.035806
0.863498
-0.99999
-0.99254
0
0
0.121869
0.035806
0.863498
-0.99999
-0.99254
0
0
0.121869
0.035806
0.863498
-0.99999
3
-0.99254
0
0
0.121869
0.035806
0.863498
-0.99999
-0.99254
0
0
0.121869
0.035806
0.863498
-0.99999
-0.99254
0
0
0.121869
0.035806
0.863498
-0.99999
2
-0.99254
0
0
0.121869
0.035806
0.863498
-0.99999
-0.99254
0
0
0.121869
0.035806
0.863498
-0.99999
2
-0.12186
0
0
-0.99254
0.035806
0.863498
-0.99999
-0.12186
0
0
-0.99254
0.035806
0.863498
-0.99999
2
-0.99254
0
0
0.121869
0.035806
0.863498
-0.99999
-0.99254
0
0
0.121869
0.035806
0.863498
-0.99999
arm
False
False
True
False
False
0.080999
0.071
0.090998
0
0
-0.04
5
1
9
0
-4
5
0
None
7
2
-0.69465
0
0
0.719339
-0.136
0
-0.99999
-0.69465
0
0
0.719339
-0.136
0
-0.99999
3
-0.60181
0
0
0.798635
-0.136
0
-0.99999
-0.46947
0
0
0.882947
-0.136
0
-0.99999
-0.77714
0
0
0.62932
-0.13601
-0.16815
-0.99999
3
-0.6841
0.124912
-0.12062
0.708411
-0.136
0
-0.99999
-0.57357
0
0
0.819151
-0.136
0
-0.99999
-0.67947
-0.14955
0.144427
0.70362
-0.136
0
-0.99999
3
-0.69465
0
0
0.719339
-0.136
0
-0.99999
-0.69465
0
0
0.719339
-0.136
0
-0.99999
-0.69465
0
0
0.719339
-0.136
0
-0.99999
2
-0.69465
0
0
0.719339
-0.136
0
-0.99999
-0.69465
0
0
0.719339
-0.136
0
-0.99999
2
-0.71933
0
0
-0.69465
-0.136
0
-0.99999
-0.71933
0
0
-0.69465
-0.136
0
-0.99999
2
-0.67595
0.237587
0.246028
-0.65276
-0.136
0.00279
-0.99999
-0.33675
0.11135
0.323386
-0.87727
-0.136
0.00279
-0.99999
hand
False
False
True
False
False
0.080999
0.031
0.071
0
-0.02
0
8
0
0
0
-6
0
None
7
2
0
0
0
1
-0.00644
-0.02086
-0.99999
0
0
0
1
-0.00644
-0.02086
-0.99999
3
0
0
0
1
-0.00644
-0.02086
-0.99999
0
0
0
1
-0.00644
-0.02086
-0.99999
0
0
0
1
-0.00644
-0.02086
-0.99999
3
0
0
0
1
-0.00644
-0.02086
-0.99999
0.190809
0
0
0.981627
-0.00644
-0.02086
-0.99999
0.190809
0
0
0.981627
-0.00644
-0.02086
-0.99999
3
0
0
0
1
-0.00644
-0.02086
-0.99999
0
0
0
1
-0.00644
-0.02086
-0.99999
0
0
0
1
-0.00644
-0.02086
-0.99999
2
0
0
0
1
-0.00644
-0.02086
-0.99999
0
0
0
1
-0.00644
-0.02086
-0.99999
2
-1
0
0
0
-0.00644
-0.02086
-0.99999
-1
0
0
0
-0.00644
-0.02086
-0.99999
2
-0.93611
0.340718
-0.0298
-0.08189
-0.00644
-0.02086
-0.99999
-0.81379
0.321393
0.116977
-0.46984
-0.00644
-0.02086
-0.99999
leg
False
False
True
False
False
0.080999
0.090998
0.090997
0
0
-0.06
6
1
11
0
-4
5
0
None
7
2
-0.69465
0
0
0.719339
-0.48086
-0.17002
-0.99999
-0.69465
0
0
0.719339
-0.48086
-0.17002
-0.99999
3
-0.69465
0
0
0.719339
-0.48086
-0.17002
-0.99999
-0.66913
0
0
0.743144
-0.48086
-0.17002
-0.99999
-0.51503
0
0
0.857167
-0.48086
-0.17002
-0.99999
3
-0.68189
0.137256
-0.13254
0.706123
-0.48086
-0.17002
-0.99999
-0.46947
0
0
0.882947
-0.48088
0.128567
-1
-0.6841
-0.12491
0.120626
0.708411
-0.23308
-0.15498
-1
3
-0.69465
0
0
0.719339
-0.48086
-0.17002
-0.99999
-0.69465
0
0
0.719339
-0.48086
-0.17002
-0.99999
-0.69465
0
0
0.719339
-0.48086
-0.17002
-0.99999
2
-0.99129
0.002277
-0.1305
0.017302
-0.48076
0.40205
-0.99999
-0.99129
0.002277
-0.1305
0.017302
-0.48076
0.40205
-0.99999
2
-0.71933
0
0
-0.69465
-0.48086
-0.17002
-0.99999
-0.71933
0
0
-0.69465
-0.48086
-0.17002
-0.99999
2
-0.69465
0
0
0.719339
-0.48086
-0.17002
-0.99999
-0.69465
0
0
0.719339
-0.48086
-0.17002
-0.99999
foot
False
False
True
False
False
0.080999
0.031
0.080999
0
0
0
10
0
0
0
-6
0
None
7
2
0
0
0
1
-0.07332
-0.18221
-1.00001
0
0
0
1
-0.07332
-0.18221
-1.00001
3
0
0
0
1
-0.07332
-0.18221
-1.00001
0
0
0
1
-0.07332
-0.18221
-1.00001
0
0
0
1
-0.07332
-0.18221
-1.00001
3
0
0
0
1
-0.07332
-0.18221
-1.00001
0.207911
0
0
0.978147
-0.07332
-0.18221
-1.00001
0.207911
0
0
0.978147
-0.07332
-0.18221
-1.00001
3
0
0
0
1
-0.07332
-0.18221
-1.00001
0
0
0
1
-0.07332
-0.18221
-1.00001
0
0
0
1
-0.07332
-0.18221
-1.00001
2
-0.70105
-0.09229
-0.09229
0.701057
-0.07332
-0.18221
-1.00001
-0.70105
-0.09229
-0.09229
0.701057
-0.07332
-0.18221
-1.00001
2
-1
0
0
0
-0.07332
-0.18221
-1.00001
-1
0
0
0
-0.07332
-0.18221
-1.00001
2
0
0
0
1
-0.07332
-0.18221
-1.00001
0
0
0
1
-0.07332
-0.18221
-1.00001
ear
False
True
False
True
False
0.031
0.041
0.021
0
0
0
2
0
0
0
0
0
None
7
2
-0.13378
-0.27295
0.038361
0.951906
-0.99999
0.62818
0.383518
-0.13378
-0.27295
0.038361
0.951906
-0.99999
0.62818
0.383518
3
-0.13378
-0.27295
0.038361
0.951906
-0.99999
0.62818
0.383518
-0.13378
-0.27295
0.038361
0.951906
-0.99999
0.62818
0.383518
-0.13378
-0.27295
0.038361
0.951906
-0.99999
0.62818
0.383518
3
-0.13378
-0.27295
0.038361
0.951906
-0.99999
0.62818
0.383518
-0.13378
-0.27295
0.038361
0.951906
-0.99999
0.62818
0.383518
-0.13378
-0.27295
0.038361
0.951906
-0.99999
0.62818
0.383518
3
-0.13378
-0.27295
0.038361
0.951906
-0.99999
0.62818
0.383518
-0.13378
-0.27295
0.038361
0.951906
-0.99999
0.62818
0.383518
-0.13378
-0.27295
0.038361
0.951906
-0.99999
0.62818
0.383518
2
-0.13378
-0.27295
0.038361
0.951906
-0.99999
0.62818
0.383518
-0.13378
-0.27295
0.038361
0.951906
-0.99999
0.62818
0.383518
2
-0.13378
-0.27295
0.038361
0.951906
-0.99999
0.62818
0.383518
-0.13378
-0.27295
0.038361
0.951906
-0.99999
0.62818
0.383518
2
-0.13378
-0.27295
0.038361
0.951906
-0.99999
0.62818
0.383518
-0.13378
-0.27295
0.038361
0.951906
-0.99999
0.62818
0.383518
mouth
True
False
False
True
False
0.13
0.19
0.05
0
0
0.01
3
0
0
0
0
0
HippoSmile
7
2
0
0
0
1
0
-0.17046
0.999997
0
0
0
1
0
-0.17046
0.999997
3
0
0
0
1
0
-0.17046
0.999997
0
0
0
1
0
-0.17046
0.999997
0
0
0
1
0
-0.17046
0.999997
3
0
0
0
1
0
-0.17046
0.999997
0
0
0
1
0
-0.17046
0.999997
0
0
0
1
0
-0.17046
0.999997
3
0
0
0
1
0
-0.17046
0.999997
0
0
0
1
0
-0.17046
0.999997
0
0
0
1
0
-0.17046
0.999997
2
0
0
0
1
0
-0.17046
0.999997
0
0
0
1
0
-0.17046
0.999997
2
0
0
0
1
0
-0.17046
0.999997
0
0
0
1
0
-0.17046
0.999997
2
0
0
0
1
0
-0.17046
0.999997
0
0
0
1
0
-0.17046
0.999997
