30
0.706953
0.439215
0.274509
0.188235
perk_sprint
false
0.998074
prancing
steed
cavalo
empinado
corcel
лошадь
скачущий
конь
kuda
berjingkrak
kuda
caballo
encabritado
corcel
ม้า
การเล่นแผลง ๆ
ม้า
empinada
скачущая
encabritada
M
M
M
скачущoe
false
Uncooked Meat
Bones
?
?
?
16
torso
False
False
False
False
False
0.123163
0.193043
0.428887
0
0
0
-1
4
1
5
6
7
0
0
0
0
None
7
2
-0.05233
0
0
0.998629
0
0
0
-0.06975
0
0
0.997564
0
0.02
0
3
0.052335
0
0
0.998629
0
0
0
-0.10452
0
0
0.994522
0
0
0
-0.05233
0
0
0.998629
0
0
0
3
-0.05226
0.052264
-0.00273
0.997261
0
0
0
-0.13917
0
0
0.990268
0
0
0
-0.0522
-0.06966
0.00365
0.996197
0
0
0
3
0.078459
0
0
0.996917
0
-0.16
-0.28
0.034899
0
0
0.99939
0
-0.08
0.2
-0.22495
0
0
0.97437
0
-0.08
0.2
2
-0.46947
0
0
0.882947
0
-0.06
0.12
-0.50753
0
0
0.861629
0
-0.06
0.12
2
-0.99939
0
0
0.034899
0
-0.04
-0.59999
-0.99939
0
0
0.034899
0
-0.06
-0.59999
2
-0.30901
0
0
0.951056
0
0
0
-0.43051
0
0
0.902585
0
0
0
neck
False
False
False
True
False
0.070753
0.131898
0.201778
0
0
-0.02
0
2
2
13
0
1
-4
0
None
7
2
-0.45399
0
0
0.891006
0
0.8219
1.000001
-0.58778
0
0
0.809016
0
1.000004
0.94353
3
-0.34202
0
0
0.939692
0
0.8219
1.000001
-0.51503
0
0
0.857167
0
0.8219
1.000001
-0.45399
0
0
0.891006
0
0.8219
1.000001
3
-0.45399
0
0
0.891006
0
0.8219
1.000001
-0.45399
0
0
0.891006
0
0.8219
1.000001
-0.45399
0
0
0.891006
0
0.8219
1.000001
3
-0.16504
0
0
0.986285
0
0.492597
1.000002
-0.03489
0
0
0.99939
0
0.3878
1.000005
-0.3746
0
0
0.927183
0
0.3878
1.000005
2
0.095846
0
0
0.995396
0
-0.19823
1.000002
0.095846
0
0
0.995396
0
-0.19823
1.000002
2
0.052335
0
0
0.998629
0
0.01183
0.999999
0.052335
0
0
0.998629
0
0.01183
0.999999
2
0.052335
0
0
0.998629
0
0.135929
0.999999
0.182235
0
0
0.983255
0
-0.37173
1.000001
head
False
False
False
False
False
0.114428
0.125693
0.111898
0
0
0
1
3
3
4
12
0
0
0
0
None
7
2
0.017452
0
0
0.999847
0
-0.24383
0.999997
-0.08715
0
0
0.996194
0
-0.24383
0.999997
3
0.017452
0
0
0.999847
0
-0.24383
0.999997
0.017452
0
0
0.999847
0
-0.24383
0.999997
0.017452
0
0
0.999847
0
-0.24383
0.999997
3
0.017452
0
0
0.999847
0
-0.24383
0.999997
0.017452
0
0
0.999847
0
-0.24383
0.999997
0.017452
0
0
0.999847
0
-0.24383
0.999997
3
0.688354
0
0
0.725374
0
-0.24383
0.999997
0.551937
0
0
0.833885
0
-0.24383
0.999997
-0.19936
0
0
0.979924
0
-0.24383
0.999997
2
0.017452
0
0
0.999847
0
-0.24383
0.999997
0.017452
0
0
0.999847
0
-0.24383
0.999997
2
-0.96126
0
0
0.275637
0
-0.24383
0.999997
-0.96126
0
0
0.275637
0
-0.24383
0.999997
2
0.017452
0
0
0.999847
0
-0.24383
0.999997
0.017452
0
0
0.999847
0
-0.24383
0.999997
snout
False
False
False
True
False
0.053283
0.072018
0.101898
0
0
0.04
2
2
14
15
0
0
-2
0
None
7
2
0.087092
-0.00237
0
0.996197
0.026195
-0.48949
1.000004
0.087092
-0.00237
0
0.996197
0.026195
-0.48949
1.000004
3
0.087092
-0.00237
0
0.996197
0.026195
-0.48949
1.000004
0.087092
-0.00237
0
0.996197
0.026195
-0.48949
1.000004
0.087092
-0.00237
0
0.996197
0.026195
-0.48949
1.000004
3
0.087092
-0.00237
0
0.996197
0.026195
-0.48949
1.000004
0.087092
-0.00237
0
0.996197
0.026195
-0.48949
1.000004
0.087092
-0.00237
0
0.996197
0.026195
-0.48949
1.000004
3
0.087092
-0.00237
0
0.996197
0.026195
-0.48949
1.000004
0.087092
-0.00237
0
0.996197
0.026195
-0.48949
1.000004
0.087092
-0.00237
0
0.996197
0.026195
-0.48949
1.000004
2
0.087092
-0.00237
0
0.996197
0.026195
-0.48949
1.000004
0.087092
-0.00237
0
0.996197
0.026195
-0.48949
1.000004
2
0.087092
-0.00237
0
0.996197
0.026195
-0.48949
1.000004
0.087092
-0.00237
0
0.996197
0.026195
-0.48949
1.000004
2
0.087092
-0.00237
0
0.996197
0.026195
-0.48949
1.000004
0.087092
-0.00237
0
0.996197
0.026195
-0.48949
1.000004
eyes
True
True
False
True
False
0.052409
0.052409
0.043674
0
0
0.01
2
0
0
0
0
0
RegularEye
7
2
-0.03371
-0.25866
0.009032
0.965337
-0.97625
0.141823
1.000006
-0.03371
-0.25866
0.009032
0.965337
-0.97625
0.141823
1.000006
3
-0.03371
-0.25866
0.009032
0.965337
-0.97625
0.141823
1.000006
-0.03371
-0.25866
0.009032
0.965337
-0.97625
0.141823
1.000006
-0.03371
-0.25866
0.009032
0.965337
-0.97625
0.141823
1.000006
3
-0.03371
-0.25866
0.009032
0.965337
-0.97625
0.141823
1.000006
-0.03371
-0.25866
0.009032
0.965337
-0.97625
0.141823
1.000006
-0.03371
-0.25866
0.009032
0.965337
-0.97625
0.141823
1.000006
3
-0.03371
-0.25866
0.009032
0.965337
-0.97625
0.141823
1.000006
-0.03371
-0.25866
0.009032
0.965337
-0.97625
0.141823
1.000006
-0.03371
-0.25866
0.009032
0.965337
-0.97625
0.141823
1.000006
2
-0.03371
-0.25866
0.009032
0.965337
-0.97625
0.141823
1.000006
-0.03371
-0.25866
0.009032
0.965337
-0.97625
0.141823
1.000006
2
-0.03371
-0.25866
0.009032
0.965337
-0.97625
0.141823
1.000006
-0.03371
-0.25866
0.009032
0.965337
-0.97625
0.141823
1.000006
2
-0.03371
-0.25866
0.009032
0.965337
-0.97625
0.141823
1.000006
-0.03371
-0.25866
0.009032
0.965337
-0.97625
0.141823
1.000006
shoulder
False
True
True
False
False
0.062018
0.088223
0.166838
0
0
0
0
1
8
0
1
-4
0
None
7
2
-0.62932
0
0
0.777146
-0.79458
-1
0.625583
-0.62932
0
0
0.777146
-0.63087
-1
0.591099
3
-0.55919
0
0
0.829037
-0.99999
-0.74994
0.441529
-0.7071
0
0
0.707106
-1
-0.59244
0.530236
-0.7547
0
0
0.656059
-0.66094
-1
0.747936
3
-0.62462
0.09471
-0.07669
0.771353
-0.79458
-1
0.625583
-0.62932
0
0
0.777146
-0.99999
-0.64137
0.553072
-0.62462
-0.09471
0.076694
0.771353
-0.59636
-1
0.479905
3
-0.241
0.038206
-0.07833
0.966603
-1
-0.77193
0.412545
-0.47744
0.151876
-0.08418
0.861332
-0.79458
-1
0.625583
-0.47744
0.151876
-0.08418
0.861332
-0.79458
-1
0.625583
2
-0.48434
-0.02861
0.032919
0.873787
-0.77019
-0.99999
0.398326
-0.48434
-0.02861
0.032919
0.873787
-0.77019
-0.99999
0.398326
2
-0.82903
0
0
-0.55919
-0.79458
-1
0.625583
-0.82903
0
0
-0.55919
-0.79458
-1
0.625583
2
-0.77418
0.054848
0.067732
-0.62692
-1
-0.17127
0.787311
-0.54983
0.031942
0.081091
-0.83071
-1
0.411077
0.620383
hip
False
True
True
False
False
0.044548
0.114428
0.201778
0
0
0
0
1
10
0
1
-4
0
None
7
2
-0.55919
0
0
0.829037
-1
-0.51937
-0.71837
-0.55919
0
0
0.829037
-0.99999
-0.73004
-0.71839
3
-0.66902
-0.00765
-0.01568
0.743031
-0.99999
-0.50234
-0.57374
-0.81915
0
0
0.573576
-0.99999
-0.58256
-0.33754
-0.55919
0
0
0.829037
-1
-0.6277
-0.85385
3
-0.5523
0.12969
-0.08747
0.81883
-1
-0.51937
-0.71837
-0.55919
0
0
0.829037
-1
-0.51937
-0.71837
-0.5693
-0.09982
0.069901
0.813046
-1
-0.51937
-0.71837
3
-0.55919
0
0
0.829037
-1
-0.51937
-0.71837
-0.36615
-0.03266
0.028903
0.929532
-0.99999
-0.92978
-0.71833
-0.36615
-0.03266
0.028903
0.929532
-0.99999
-0.92978
-0.71833
2
-0.99129
0.002277
-0.1305
0.017302
-1
-0.51937
-0.71837
-0.99129
0.002277
-0.1305
0.017302
-1
-0.51937
-0.71837
2
-0.87461
0
0
-0.4848
-1
-0.51937
-0.71837
-0.87461
0
0
-0.4848
-1
-0.51937
-0.71837
2
-0.55919
0
0
0.829037
-1
-0.51937
-0.71837
-0.55919
0
0
0.829037
-1
-0.51937
-0.71837
tail
False
False
False
False
False
0.044548
0.070753
0.193043
0
0
0.04
0
0
0
4
-9
0
None
7
2
-0.78801
0
0
-0.61566
0.035806
0.519456
-0.99999
-0.891
0
0
-0.45399
0.035806
0.643784
-1
3
-0.78801
0
0
-0.61566
0.035806
0.519456
-0.99999
-0.88294
0
0
-0.46947
0.035806
0.519456
-0.99999
-0.78801
0
0
-0.61566
0.035806
0.519456
-0.99999
3
-0.78801
0
0
-0.61566
0.035806
0.519456
-0.99999
-0.78801
0
0
-0.61566
0.035806
0.519456
-0.99999
-0.78801
0
0
-0.61566
0.035806
0.519456
-0.99999
3
-0.78801
0
0
-0.61566
0.035806
0.519456
-0.99999
-0.78801
0
0
-0.61566
0.035806
0.519456
-0.99999
-0.78801
0
0
-0.61566
0.035806
0.519456
-0.99999
2
-0.82412
0
0
0.566406
0.035806
0.519456
-0.99999
-0.82412
0
0
0.566406
0.035806
0.519456
-0.99999
2
0.544638
0
0
-0.83867
0.035806
0.519456
-0.99999
0.544638
0
0
-0.83867
0.035806
0.519456
-0.99999
2
-0.78801
0
0
-0.61566
0.035806
0.519456
-0.99999
-0.78801
0
0
-0.61566
0.035806
0.519456
-0.99999
arm
False
False
True
False
False
0.035813
0.044547
0.166838
0
0
-0.14
5
1
9
0
4
-10
0
None
7
2
-0.73135
0
0
0.681998
-0.19783
-0.55619
-0.99999
-0.73135
0
0
0.681998
-0.19783
-0.55619
-0.99999
3
-0.60181
0
0
0.798635
-0.19784
-0.04458
-0.99999
-0.5
0
0
0.866025
-0.19783
-0.10424
-1
-0.86602
0
0
0.499999
-0.19783
-0.55619
-0.99999
3
-0.72857
0.05944
-0.06374
0.679403
-0.19783
-0.55619
-0.99999
-0.58778
0
0
0.809016
-0.19783
-0.55619
-0.99999
-0.72234
-0.10668
0.114408
0.673601
-0.19783
-0.55619
-0.99999
3
-0.88294
0
0
0.469471
-0.19783
-0.55619
-0.99999
-0.90258
0
0
0.430511
-0.19783
-0.55619
-0.99999
-0.90258
0
0
0.430511
-0.19783
-0.55619
-0.99999
2
-0.60181
0
0
0.798635
-0.19783
-0.55619
-0.99999
-0.60181
0
0
0.798635
-0.19783
-0.55619
-0.99999
2
-0.74314
0
0
-0.66913
-0.19783
-0.55619
-0.99999
-0.74314
0
0
-0.66913
-0.19783
-0.55619
-0.99999
2
-0.61331
0.068679
0.053658
-0.78501
-0.19783
-0.55619
-0.99999
-0.38924
0.052451
0.069605
-0.917
-0.19783
-0.55619
-0.99999
hand
False
False
True
False
False
0.044548
0.044548
0.044548
0
-0.02
0
8
0
0
-16
-3
0
None
7
2
-0.0174
-0.06923
-0.0085
0.997412
0.204793
-0.27773
-1
-0.0174
-0.06923
-0.0085
0.997412
0.204793
-0.27773
-1
3
-0.0174
-0.06923
-0.0085
0.997412
0.204793
-0.27773
-1
-0.0174
-0.06923
-0.0085
0.997412
0.204793
-0.27773
-1
-0.0174
-0.06923
-0.0085
0.997412
0.204793
-0.27773
-1
3
-0.0174
-0.06923
-0.0085
0.997412
0.204793
-0.27773
-1
0.104273
-0.06975
0
0.992099
0.204793
-0.27773
-1
-0.0174
-0.06923
-0.0085
0.997412
0.204793
-0.27773
-1
3
-0.0174
-0.06923
-0.0085
0.997412
0.204793
-0.27773
-1
-0.0174
-0.06923
-0.0085
0.997412
0.204793
-0.27773
-1
-0.0174
-0.06923
-0.0085
0.997412
0.204793
-0.27773
-1
2
-0.0174
-0.06923
-0.0085
0.997412
0.204793
-0.27773
-1
-0.0174
-0.06923
-0.0085
0.997412
0.204793
-0.27773
-1
2
-0.99513
-0.0145
0.068232
0.069586
0.204793
-0.27773
-1
-0.99513
-0.0145
0.068232
0.069586
0.204793
-0.27773
-1
2
-0.99209
0.014503
-0.06823
-0.10427
0.204793
-0.27773
-1
-0.99209
0.014503
-0.06823
-0.10427
0.204793
-0.27773
-1
leg
False
False
True
False
False
0.035813
0.044548
0.210512
0
0
-0.12
6
1
11
0
4
-10
0
None
7
2
-0.69465
0
0
0.719339
-0.08563
0.345932
-1
-0.69465
0
0
0.719339
-0.08563
0.345932
-1
3
-0.46947
0
0
0.882947
-0.08563
0.345932
-1
-0.76604
0
0
0.642787
-0.08563
0.345932
-1
-0.55919
0
0
0.829037
-0.08563
0.345932
-1
3
-0.6841
0.124912
-0.12062
0.708411
-0.08563
0.345932
-1
-0.54463
0
0
0.83867
-0.08563
0.345932
-1
-0.6841
-0.12491
0.120626
0.708411
-0.08563
0.345932
-1
3
-0.69465
0
0
0.719339
-0.08563
0.345932
-1
-0.52249
0
0
0.85264
-0.08563
0.345932
-1
-0.52249
0
0
0.85264
-0.08563
0.345932
-1
2
-0.9896
0.011715
-0.13021
0.059865
0.072512
0.232075
-1
-0.9896
0.011715
-0.13021
0.059865
0.072512
0.232075
-1
2
-0.77714
0
0
-0.62932
-0.08563
0.345932
-1
-0.77714
0
0
-0.62932
-0.08563
0.345932
-1
2
-0.69465
0
0
0.719339
-0.08563
0.345932
-1
-0.69465
0
0
0.719339
-0.08563
0.345932
-1
foot
False
False
True
False
False
0.035813
0.035813
0.044548
0
0
0
10
0
0
-16
-3
0
None
7
2
0
0
0
1
-0.07332
0
-0.99999
0
0
0
1
-0.07332
0
-0.99999
3
0
0
0
1
-0.07332
0
-0.99999
0
0
0
1
-0.07332
0
-0.99999
0
0
0
1
-0.07332
0
-0.99999
3
0
0
0
1
-0.07332
0
-0.99999
0
0
0
1
-0.07332
0
-0.99999
0
0
0
1
-0.07332
0
-0.99999
3
0
0
0
1
-0.07332
0
-0.99999
0
0
0
1
-0.07332
0
-0.99999
0
0
0
1
-0.07332
0
-0.99999
2
-0.64278
0
0
0.766044
-0.07332
0
-0.99999
-0.64278
0
0
0.766044
-0.07332
0
-0.99999
2
-0.99619
0
0
0.087155
-0.07332
0
-0.99999
-0.99619
0
0
0.087155
-0.07332
0
-0.99999
2
0
0
0
1
-0.07332
0
-0.99999
0
0
0
1
-0.07332
0
-0.99999
ear
False
True
False
True
True
0.088223
0.035813
0.018343
-0.04
0
-0.02
2
0
0
0
0
0
None
7
2
-0.06269
-0.06054
-0.69201
0.716602
-0.67398
0.999998
-0.47285
-0.06269
-0.06054
-0.69201
0.716602
-0.67398
0.999998
-0.47285
3
-0.06269
-0.06054
-0.69201
0.716602
-0.67398
0.999998
-0.47285
-0.06269
-0.06054
-0.69201
0.716602
-0.67398
0.999998
-0.47285
-0.06269
-0.06054
-0.69201
0.716602
-0.67398
0.999998
-0.47285
3
-0.06269
-0.06054
-0.69201
0.716602
-0.67398
0.999998
-0.47285
-0.06269
-0.06054
-0.69201
0.716602
-0.67398
0.999998
-0.47285
-0.06269
-0.06054
-0.69201
0.716602
-0.67398
0.999998
-0.47285
3
-0.06269
-0.06054
-0.69201
0.716602
-0.67398
0.999998
-0.47285
-0.06269
-0.06054
-0.69201
0.716602
-0.67398
0.999998
-0.47285
-0.06269
-0.06054
-0.69201
0.716602
-0.67398
0.999998
-0.47285
2
-0.06269
-0.06054
-0.69201
0.716602
-0.67398
0.999998
-0.47285
-0.06269
-0.06054
-0.69201
0.716602
-0.67398
0.999998
-0.47285
2
-0.06269
-0.06054
-0.69201
0.716602
-0.67398
0.999998
-0.47285
-0.06269
-0.06054
-0.69201
0.716602
-0.67398
0.999998
-0.47285
2
-0.06269
-0.06054
-0.69201
0.716602
-0.67398
0.999998
-0.47285
-0.06269
-0.06054
-0.69201
0.716602
-0.67398
0.999998
-0.47285
neckmane
False
False
False
True
False
0.053283
0.079488
0.193042
0
0
0
1
0
0
4
-10
0
None
7
2
0
0
0
1
0
0.999999
0.487859
0
0
0
1
0
0.999999
0.487859
3
0
0
0
1
0
0.999999
0.487859
0
0
0
1
0
0.999999
0.487859
0
0
0
1
0
0.999999
0.487859
3
0
0
0
1
0
0.999999
0.487859
0
0
0
1
0
0.999999
0.487859
0
0
0
1
0
0.999999
0.487859
3
0
0
0
1
0
0.999999
0.487859
0
0
0
1
0
0.999999
0.487859
0
0
0
1
0
0.999999
0.487859
2
0
0
0
1
0
0.999999
0.487859
0
0
0
1
0
0.999999
0.487859
2
0
0
0
1
0
0.999999
0.487859
0
0
0
1
0
0.999999
0.487859
2
0
0
0
1
0
0.999999
0.487859
0
0
0
1
0
0.999999
0.487859
mouth
True
False
False
True
False
0.080000
0.06
0.05
0
0
0.05
3
0
0
0
0
0
HorseMouth
7
2
0.043619
0
0
0.999048
0
-0.11781
1.000008
0.043619
0
0
0.999048
0
-0.16573
0.999985
3
0.087155
0
0
0.996194
0
-0.51712
1.000013
0.087155
0
0
0.996194
0
-0.51712
1.000013
0.087155
0
0
0.996194
0
-0.51712
1.000013
3
0.087155
0
0
0.996194
0
-0.51712
1.000013
0.087155
0
0
0.996194
0
-0.51712
1.000013
0.087155
0
0
0.996194
0
-0.51712
1.000013
3
0.087155
0
0
0.996194
0
-0.51712
1.000013
0.087155
0
0
0.996194
0
-0.51712
1.000013
0.087155
0
0
0.996194
0
-0.51712
1.000013
2
0.087155
0
0
0.996194
0
-0.51712
1.000013
0.087155
0
0
0.996194
0
-0.51712
1.000013
2
0.087155
0
0
0.996194
0
-0.51712
1.000013
0.087155
0
0
0.996194
0
-0.51712
1.000013
2
0.087155
0
0
0.996194
0
-0.51712
1.000013
0.087155
0
0
0.996194
0
-0.51712
1.000013
snouttip
False
False
False
True
False
0.051000
0.061
0.021
0
0
0.02
3
0
0
0
-9
0
None
7
2
0
0
0
1
0
0.148095
0.999998
0
0
0
1
0
0.148095
0.999998
3
0
0
0
1
0
0.148095
0.999998
0
0
0
1
0
0.148095
0.999998
0
0
0
1
0
0.148095
0.999998
3
0
0
0
1
0
0.148095
0.999998
0
0
0
1
0
0.148095
0.999998
0
0
0
1
0
0.148095
0.999998
3
0
0
0
1
0
0.148095
0.999998
0
0
0
1
0
0.148095
0.999998
0
0
0
1
0
0.148095
0.999998
2
0
0
0
1
0
0.148095
0.999998
0
0
0
1
0
0.148095
0.999998
2
0
0
0
1
0
0.148095
0.999998
0
0
0
1
0
0.148095
0.999998
2
0
0
0
1
0
0.148095
0.999998
0
0
0
1
0
0.148095
0.999998
