30
0.137354
0.549019
0.411764
0.133333
perk_weaken
false
0.023033
breaded
buns
cachorro quente
empanado
pães
хот-дог
панированный
булочка
hotdog
dilapisi tepung roti
roti
perro caliente
empanado
bollos
ฮอทด็อก
ชุบเกล็ดขนมปัง
ขนมปัง
empanado
панированная
empanada
M
F
M
панированная
false
Cooked Meat
Bread Loaf
?
?
?
4
torso
False
False
False
False
False
0.131
0.111
0.401
0
0
0
-1
3
1
2
3
-7
12
-4
0
None
7
2
0.017452
0
0
0.999847
0
0
0
0.017452
0
0
0.999847
0
0
0
3
0.017452
0
0
0.999847
0
0
0
0.017452
0
0
0.999847
0
0
0
0.017452
0
0
0.999847
0
0
0
3
0.017452
0
0
0.999847
0
0
0
0.017452
0
0
0.999847
0
0
0
0.017452
0
0
0.999847
0
0
0
3
0.017452
0
0
0.999847
0
0
0
0.017452
0
0
0.999847
0
0
0
0.017452
0
0
0.999847
0
0
0
2
-0.06975
0
0
0.997564
0
0.34
0.099999
-0.06975
0
0
0.997564
0
0.34
0.099999
2
-0.99984
0
0
0.017452
0
-0.5
-0.55999
-0.99984
0
0
0.017452
0
-0.52
-0.55999
2
0.017452
0
0
0.999847
0
0
0
0.017452
0
0
0.999847
0
0
0
bun-side
False
True
False
True
False
0.051
0.131
0.390999
0
0
0
0
0
0
0
0
0
None
7
2
0
0
0
1
-1
0.047579
0.028008
0
0
0
1
-1
0.047579
0.028008
3
0
0
0
1
-1
0.047579
0.028008
0
0
0
1
-1
0.047579
0.028008
0
0
0
1
-1
0.047579
0.028008
3
0
0
0
1
-1
0.047579
0.028008
0
0
0
1
-1
0.047579
0.028008
0
0
0
1
-1
0.047579
0.028008
3
0
0
0
1
-1
0.047579
0.028008
0
0
0
1
-1
0.047579
0.028008
0
0
0
1
-1
0.047579
0.028008
2
0
0
0
1
-1
0.047579
0.028008
0
0
0
1
-1
0.047579
0.028008
2
0
0
0
1
-1
0.047579
0.028008
0
0
0
1
-1
0.047579
0.028008
2
0
0
0
1
-1
0.047579
0.028008
0
0
0
1
-1
0.047579
0.028008
ketchup
False
False
False
True
False
0.031
0.021
0.341
0
0
0
0
0
-10
21
5
0
None
7
2
0
0
0
1
-0.25945
1.000001
0.064069
0
0
0
1
-0.25945
1.000001
0.064069
3
0
0
0
1
-0.25945
1.000001
0.064069
0
0
0
1
-0.25945
1.000001
0.064069
0
0
0
1
-0.25945
1.000001
0.064069
3
0
0
0
1
-0.25945
1.000001
0.064069
0
0
0
1
-0.25945
1.000001
0.064069
0
0
0
1
-0.25945
1.000001
0.064069
3
0
0
0
1
-0.25945
1.000001
0.064069
0
0
0
1
-0.25945
1.000001
0.064069
0
0
0
1
-0.25945
1.000001
0.064069
2
0
0
0
1
-0.25945
1.000001
0.064069
0
0
0
1
-0.25945
1.000001
0.064069
2
0
0
0
1
-0.25945
1.000001
0.064069
0
0
0
1
-0.25945
1.000001
0.064069
2
0
0
0
1
-0.25945
1.000001
0.064069
0
0
0
1
-0.25945
1.000001
0.064069
mustard
False
False
False
True
False
0.031
0.021
0.321
0
0
0
0
0
5
21
5
0
None
7
2
0
0
0
1
0.489289
1.000003
0.020195
0
0
0
1
0.489289
1.000003
0.020195
3
0
0
0
1
0.489289
1.000003
0.020195
0
0
0
1
0.489289
1.000003
0.020195
0
0
0
1
0.489289
1.000003
0.020195
3
0
0
0
1
0.489289
1.000003
0.020195
0
0
0
1
0.489289
1.000003
0.020195
0
0
0
1
0.489289
1.000003
0.020195
3
0
0
0
1
0.489289
1.000003
0.020195
0
0
0
1
0.489289
1.000003
0.020195
0
0
0
1
0.489289
1.000003
0.020195
2
0
0
0
1
0.489289
1.000003
0.020195
0
0
0
1
0.489289
1.000003
0.020195
2
0
0
0
1
0.489289
1.000003
0.020195
0
0
0
1
0.489289
1.000003
0.020195
2
0
0
0
1
0.489289
1.000003
0.020195
0
0
0
1
0.489289
1.000003
0.020195
