30
0.840999
0.921568
0.760784
0.470588
perk_summon_bandits
false
0.549459
bald
man
humano
careca
homem
человек
лысый
человек
manusia
botak
pria
humano
calvo
hombre
มนุษย์
หัวล้าน
ชาย
careca
лысая
calva
M
M
M
лысое
false
Bones
?
?
?
?
14
torso
False
False
False
False
False
0.211
0.111
0.261000
0
0
0
-1
3
1
5
6
0
0
0
0
None
7
2
-0.65605
0
0
0.754709
0
0
0
-0.65605
0
0
0.754709
0
0
0
3
-0.69465
0
0
0.719339
0
0
0
-0.74314
0
0
0.66913
0
0
0
-0.65605
0
0
0.754709
0
0
0
3
-0.65446
0.052645
-0.04576
0.752871
0
0
0
-0.65605
0
0
0.754709
0
0
0
-0.65116
-0.09197
0.079953
0.749084
0
0
0
3
-0.55193
0
0
0.833886
0
0.18
-0.14
-0.47715
0
0
0.878817
0
-0.12
0.08
-0.47715
0
0
0.878817
0
-0.2
0.04
2
-0.68835
0
0
0.725374
0
-0.04
-0.14
-0.71933
0
0
0.694658
0
-0.02
-0.14
2
-0.99756
0
0
0.069756
0
0.14
-0.48
-0.99756
0
0
0.069756
0
0.12
-0.48
2
-0.77714
0
0
0.62932
0
0
0
-0.82903
0
0
0.559193
0
0
0
neck
False
False
False
True
False
0.101
0.081000
0.141
0
0
0.04
0
1
2
0
0
0
0
None
7
2
0
0
0
1
0.071325
-0.00743
1
0
0
0
1
0.071333
0.306683
1.000001
3
0
0
0
1
0.071325
-0.00743
1
0
0
0
1
0.071331
-0.23018
0.999999
0.241921
0
0
0.970295
0.071329
-0.4827
1.000003
3
0
0
0
1
0.071325
-0.00743
1
0
0
0
1
0.071325
-0.00743
1
0
0
0
1
0.071325
-0.00743
1
3
0.300705
0
0
0.953716
0.071326
-0.42302
0.999998
0.300705
0
0
0.953716
0.071325
-0.00743
1
0.300705
0
0
0.953716
0.071325
-0.00743
1
2
0
0
0
1
0.071325
-0.00743
1
0
0
0
1
0.071325
-0.00743
1
2
0
0
0
1
0.071325
-0.00743
1
0
0
0
1
0.071325
-0.00743
1
2
0.34202
0
0
0.939692
0.053353
-0.99999
0.747957
0.461748
0
0
0.88701
0.03907
-1
0.547733
head
False
False
False
False
False
0.131
0.141
0.141
0
0
0
1
4
3
4
11
12
0
0
0
0
None
7
2
0.069756
0
0
0.997564
0
-0.42545
0.999996
0.069756
0
0
0.997564
0
-0.42545
0.999996
3
0.069756
0
0
0.997564
0
-0.42545
0.999996
0.069756
0
0
0.997564
0
-0.62441
0.999997
0.139173
0
0
0.990268
0
-0.42545
0.999996
3
0.069756
0
0
0.997564
0
-0.42545
0.999996
0.069756
0
0
0.997564
0
-0.42545
0.999996
0.069756
0
0
0.997564
0
-0.42545
0.999996
3
0.484809
0
0
0.874619
0
-0.42545
0.999996
-0.27563
0
0
0.961261
0
-0.42545
0.999996
-0.39874
0
0
0.91706
0
-0.42545
0.999996
2
0.069756
0
0
0.997564
0
-0.42545
0.999996
0.069756
0
0
0.997564
0
-0.42545
0.999996
2
-0.62251
0
0
0.782608
0
-0.42545
0.999996
-0.62251
0
0
0.782608
0
-0.42545
0.999996
2
0.069756
0
0
0.997564
0
-0.42545
0.999996
0.069756
0
0
0.997564
0
-0.42545
0.999996
nose
False
False
False
True
False
0.030999
0.051
0.031
0
0
0.02
2
0
0
0
0
0
None
7
2
-0.20797
-0.00212
-0.0012
0.978131
0.026195
-0.09805
0.999999
-0.20797
-0.00212
-0.0012
0.978131
0.026195
-0.09805
0.999999
3
-0.20797
-0.00212
-0.0012
0.978131
0.026195
-0.09805
0.999999
-0.20797
-0.00212
-0.0012
0.978131
0.026195
-0.09805
0.999999
-0.20797
-0.00212
-0.0012
0.978131
0.026195
-0.09805
0.999999
3
-0.20797
-0.00212
-0.0012
0.978131
0.026195
-0.09805
0.999999
-0.20797
-0.00212
-0.0012
0.978131
0.026195
-0.09805
0.999999
-0.20797
-0.00212
-0.0012
0.978131
0.026195
-0.09805
0.999999
3
-0.20797
-0.00212
-0.0012
0.978131
0.026195
-0.09805
0.999999
-0.20797
-0.00212
-0.0012
0.978131
0.026195
-0.09805
0.999999
-0.20797
-0.00212
-0.0012
0.978131
0.026195
-0.09805
0.999999
2
-0.20797
-0.00212
-0.0012
0.978131
0.026195
-0.09805
0.999999
-0.20797
-0.00212
-0.0012
0.978131
0.026195
-0.09805
0.999999
2
-0.20797
-0.00212
-0.0012
0.978131
0.026195
-0.09805
0.999999
-0.20797
-0.00212
-0.0012
0.978131
0.026195
-0.09805
0.999999
2
-0.20797
-0.00212
-0.0012
0.978131
0.026195
-0.09805
0.999999
-0.20797
-0.00212
-0.0012
0.978131
0.026195
-0.09805
0.999999
eyes
True
True
False
True
False
0.05
0.05
0.05
0
0
0.01
2
0
0
0
0
0
RegularEye
7
2
0
0
0
1
-0.67581
0.166685
0.999991
0
0
0
1
-0.67581
0.166685
0.999991
3
0
0
0
1
-0.67581
0.166685
0.999991
0
0
0
1
-0.67581
0.166685
0.999991
0
0
0
1
-0.67581
0.166685
0.999991
3
0
0
0
1
-0.67581
0.166685
0.999991
0
0
0
1
-0.67581
0.166685
0.999991
0
0
0
1
-0.67581
0.166685
0.999991
3
0
0
0
1
-0.67581
0.166685
0.999991
0
0
0
1
-0.67581
0.166685
0.999991
0
0
0
1
-0.67581
0.166685
0.999991
2
0
0
0
1
-0.67581
0.166685
0.999991
0
0
0
1
-0.67581
0.166685
0.999991
2
0
0
0
1
-0.67581
0.166685
0.999991
0
0
0
1
-0.67581
0.166685
0.999991
2
0
0
0
1
-0.67581
0.166685
0.999991
0
0
0
1
-0.67581
0.166685
0.999991
shoulder
False
True
True
False
False
0.061
0.081000
0.151
-0.06
0
0
0
1
7
0
0
0
0
None
7
2
-0.65605
0
0
0.754709
-1
0.031146
0.339146
-0.65446
0.052645
-0.04576
0.752871
-1
0.031146
0.339146
3
-0.65605
0
0
0.754709
-1
0.031146
0.339146
-0.82903
0
0
0.559193
-1
-0.69972
0.414777
-0.51503
0
0
0.857167
-1
0.031146
0.339146
3
-0.63064
0.208026
-0.18083
0.725473
-1
0.031146
0.339146
-0.65605
0
0
0.754709
-1
0.031146
0.339146
-0.64967
-0.10503
0.091305
0.747364
-1
0.031146
0.339146
3
-0.27563
0
0
0.961261
-1
0.031146
0.339146
-0.95881
0
0
0.284015
-0.82893
-1
0.585822
-0.98901
0
0
-0.1478
-1
-0.99656
0.706732
2
-0.74895
0
0
0.66262
-1
0.031146
0.339146
-0.74895
0
0
0.66262
-1
0.031146
0.339146
2
-0.99357
0
0
0.113203
-1
0.031146
0.339146
-0.99357
0
0
0.113203
-1
0.031146
0.339146
2
-0.61976
0.134949
0.10928
-0.76533
-1
0.054868
0.962265
-0.43941
0.108098
0.135898
-0.88133
-0.99999
0.650902
0.801852
hip
False
True
True
False
False
0.091
0.081
0.161001
0
0
-0.12
0
1
9
0
0
0
0
None
7
2
-0.76033
-0.09335
-0.07833
0.637996
-0.51203
0.018938
-1
-0.7259
-0.09732
-0.07334
0.676915
-0.51203
0.018938
-1
3
-0.54057
-0.11218
-0.04761
0.832419
-0.51203
0.018938
-1
-0.83241
-0.08311
-0.08912
0.540579
-0.51203
0.018938
-1
-0.8681
-0.07669
-0.09471
0.481196
-0.51203
0.018938
-1
3
-0.73518
0.018847
-0.20917
0.644515
-0.51203
0.018938
-1
-0.87636
-0.07503
-0.09603
0.465972
-0.51203
0.018938
-1
-0.76421
-0.17041
0.014909
0.621863
-0.51203
0.018938
-1
3
-0.76033
-0.09335
-0.07833
0.637996
-0.51203
0.018938
-1
-0.60422
-0.10809
-0.05627
0.787439
-0.51203
0.018938
-1
-0.60422
-0.10809
-0.05627
0.787439
-0.51203
0.018938
-1
2
-0.99864
-0.0318
0.011467
0.03948
-0.51203
0.018938
-1
-0.99864
-0.0318
0.011467
0.03948
-0.51203
0.018938
-1
2
-0.9916
-0.12175
0.005315
-0.04329
-0.51203
0.018938
-1
-0.9916
-0.12175
0.005315
-0.04329
-0.51203
0.018938
-1
2
-0.76033
-0.09335
-0.07833
0.637996
-0.51203
0.018938
-1
-0.76033
-0.09335
-0.07833
0.637996
-0.51203
0.018938
-1
arm
False
False
True
False
False
0.071
0.071
0.141
0
0
-0.12
5
1
8
0
0
0
0
None
7
2
-0.7071
0
0
0.707106
-0.03206
-0.1696
-0.99999
-0.7071
0
0
0.707106
-0.03206
-0.1696
-0.99999
3
-0.7071
0
0
0.707106
-0.03206
-0.1696
-0.99999
-0.9205
0
0
0.390731
-0.03206
-0.1696
-0.99999
-0.57357
0
0
0.819152
-0.03206
-0.1696
-0.99999
3
-0.70323
0.073912
-0.07391
0.703233
-0.03206
-0.1696
-0.99999
-0.7071
0
0
0.707106
-0.03206
-0.1696
-0.99999
-0.70538
-0.04932
0.049325
0.705384
-0.03206
-0.1696
-0.99999
3
-0.7071
0
0
0.707106
-0.03206
-0.1696
-0.99999
-0.96592
0
0.258819
0
-0.03206
-0.1696
-0.99999
-0.92121
-0.07782
0.24684
-0.29045
-0.03206
-0.1696
-0.99999
2
-0.98106
-0.01513
0.172987
0.085831
-0.03206
-0.1696
-0.99999
-0.98106
-0.01513
0.172987
0.085831
-0.03206
-0.1696
-0.99999
2
-0.99904
0
0
0.043619
-0.03206
-0.1696
-0.99999
-0.99904
0
0
0.043619
-0.03206
-0.1696
-0.99999
2
-0.68301
0.183012
0.183012
-0.68301
-0.03206
-0.1696
-0.99999
-0.30791
0.167293
0.271078
-0.8965
-0.03206
-0.1696
-0.99999
hand
False
False
True
False
False
0.070999
0.071
0.091
0
-0.02
0
7
0
0
0
0
0
None
7
2
0
0
0
1
0.191295
0.428437
-1
0
0
0
1
0.191295
0.428437
-1
3
0
0
0
1
0.191295
0.428437
-1
0
0
0
1
0.191295
0.428437
-1
0
0
0
1
0.191295
0.428437
-1
3
0
0
0
1
0.191295
0.428437
-1
0
0
0
1
0.191295
0.428437
-1
0
0
0
1
0.191295
0.428437
-1
3
0
0
0
1
0.191295
0.428437
-1
-0.5
0
0
0.866025
0.190954
-0.18445
-1
-0.5
0
0
0.866025
0.190954
-0.18445
-1
2
0
0
0
1
0.191295
0.428437
-1
0
0
0
1
0.191295
0.428437
-1
2
-0.67559
0
0
0.737277
0.191295
0.428437
-1
-0.67559
0
0
0.737277
0.191295
0.428437
-1
2
-0.99619
0
0
0.087155
0.191295
0.428437
-1
-0.99619
0
0
0.087155
0.191295
0.428437
-1
leg
False
False
True
False
False
0.081000
0.071000
0.171
0
0
-0.1
6
1
10
0
0
0
0
None
7
2
-0.62157
-0.09844
-0.12157
0.767578
-0.06816
0
-1
-0.62157
-0.09844
-0.12157
0.767578
-0.06816
0
-1
3
-0.53793
-0.11061
-0.11061
0.828345
-0.06816
0
-1
-0.23894
-0.1406
-0.06857
0.958349
-0.06816
0
-1
-0.7888
-0.06611
-0.14177
0.594405
-0.06816
0
-1
3
-0.5986
0.009336
-0.20689
0.773809
-0.06816
0
-1
-0.43297
-0.12327
-0.09631
0.887728
-0.06816
0
-1
-0.63293
-0.21731
-0.02284
0.742727
-0.06816
0
-1
3
-0.40172
-0.12655
-0.09194
0.902298
-0.06816
0
-1
-0.4407
-0.12242
-0.09738
0.883916
-0.06816
0
-1
-0.4407
-0.12242
-0.09738
0.883916
-0.06816
0
-1
2
-0.62157
-0.09844
-0.12157
0.767578
-0.06816
0
-1
-0.62157
-0.09844
-0.12157
0.767578
-0.06816
0
-1
2
-0.97683
-0.15471
-0.02312
0.145989
-0.06816
0
-1
-0.97683
-0.15471
-0.02312
0.145989
-0.06816
0
-1
2
-0.62157
-0.09844
-0.12157
0.767578
-0.06816
0
-1
-0.51606
-0.11347
-0.10768
0.842142
-0.06816
0
-1
foot
False
False
True
False
False
0.090998
0.031
0.131
0
0
0
9
0
0
0
0
0
None
7
2
0
-0.10452
0
0.994522
0.222271
-0.78581
-0.99999
0
-0.10452
0
0.994522
0.222271
-0.78581
-0.99999
3
0
-0.10452
0
0.994522
0.222271
-0.78581
-0.99999
0.29077
-0.09996
0.030561
0.951066
0.222271
-0.78581
-0.99999
0
-0.10452
0
0.994522
0.222271
-0.78581
-0.99999
3
0
-0.10452
0
0.994522
0.222271
-0.78581
-0.99999
0.257401
-0.10096
0.027053
0.960634
0.222271
-0.78581
-0.99999
0
-0.10452
0
0.994522
0.222271
-0.78581
-0.99999
3
0
-0.10452
0
0.994522
0.222271
-0.78581
-0.99999
0
-0.10452
0
0.994522
0.222271
-0.78581
-0.99999
0
-0.10452
0
0.994522
0.222271
-0.78581
-0.99999
2
0
-0.10452
0
0.994522
0.222271
-0.78581
-0.99999
0
-0.10452
0
0.994522
0.222271
-0.78581
-0.99999
2
-0.67188
-0.07706
0.070618
0.733238
0.222271
-0.78581
-0.99999
-0.67188
-0.07706
0.070618
0.733238
0.222271
-0.78581
-0.99999
2
0
-0.10452
0
0.994522
0.222271
-0.78581
-0.99999
0
-0.10452
0
0.994522
0.222271
-0.78581
-0.99999
ear
False
True
False
True
False
0.041
0.051
0.021
0
0
0
2
0
0
0
0
0
None
7
2
-0.10336
-0.04736
-0.01051
0.993459
-0.99999
-0.04731
-0.16568
-0.10336
-0.04736
-0.01051
0.993459
-0.99999
-0.04731
-0.16568
3
-0.10336
-0.04736
-0.01051
0.993459
-0.99999
-0.04731
-0.16568
-0.10336
-0.04736
-0.01051
0.993459
-0.99999
-0.04731
-0.16568
-0.10336
-0.04736
-0.01051
0.993459
-0.99999
-0.04731
-0.16568
3
-0.10336
-0.04736
-0.01051
0.993459
-0.99999
-0.04731
-0.16568
-0.10336
-0.04736
-0.01051
0.993459
-0.99999
-0.04731
-0.16568
-0.10336
-0.04736
-0.01051
0.993459
-0.99999
-0.04731
-0.16568
3
-0.10336
-0.04736
-0.01051
0.993459
-0.99999
-0.04731
-0.16568
-0.10336
-0.04736
-0.01051
0.993459
-0.99999
-0.04731
-0.16568
-0.10336
-0.04736
-0.01051
0.993459
-0.99999
-0.04731
-0.16568
2
-0.10336
-0.04736
-0.01051
0.993459
-0.99999
-0.04731
-0.16568
-0.10336
-0.04736
-0.01051
0.993459
-0.99999
-0.04731
-0.16568
2
-0.10336
-0.04736
-0.01051
0.993459
-0.99999
-0.04731
-0.16568
-0.10336
-0.04736
-0.01051
0.993459
-0.99999
-0.04731
-0.16568
2
-0.10336
-0.04736
-0.01051
0.993459
-0.99999
-0.04731
-0.16568
-0.10336
-0.04736
-0.01051
0.993459
-0.99999
-0.04731
-0.16568
snout
False
False
False
True
False
0.051
0.051
0.041
0
0
-0.04
2
1
13
0
0
0
0
None
7
2
0
0
0
1
0.037591
-0.67489
0.999999
0
0
0
1
0.037591
-0.67489
0.999999
3
0
0
0
1
0.037591
-0.67489
0.999999
0
0
0
1
0.037591
-0.67489
0.999999
0
0
0
1
0.037591
-0.67489
0.999999
3
0
0
0
1
0.037591
-0.67489
0.999999
0
0
0
1
0.037591
-0.67489
0.999999
0
0
0
1
0.037591
-0.67489
0.999999
3
0
0
0
1
0.037591
-0.67489
0.999999
0
0
0
1
0.037591
-0.67489
0.999999
0
0
0
1
0.037591
-0.67489
0.999999
2
0
0
0
1
0.037591
-0.67489
0.999999
0
0
0
1
0.037591
-0.67489
0.999999
2
0
0
0
1
0.037591
-0.67489
0.999999
0
0
0
1
0.037591
-0.67489
0.999999
2
0
0
0
1
0.037591
-0.67489
0.999999
0
0
0
1
0.037591
-0.67489
0.999999
mouth
True
False
False
True
False
0.1
0.099999
0.05
0
0
0.01
12
0
0
0
0
0
HappyMouth
7
2
0
0
0
1
0.056159
0.055052
1.000033
0
0
0
1
0.056159
0.055052
1.000033
3
0
0
0
1
0.056159
0.055052
1.000033
0
0
0
1
0.056159
0.055052
1.000033
0
0
0
1
0.056159
0.055052
1.000033
3
0
0
0
1
0.056159
0.055052
1.000033
0
0
0
1
0.056159
0.055052
1.000033
0
0
0
1
0.056159
0.055052
1.000033
3
0
0
0
1
0.056159
0.055052
1.000033
0
0
0
1
0.056159
0.055052
1.000033
0
0
0
1
0.056159
0.055052
1.000033
2
0
0
0
1
0.056159
0.055052
1.000033
0
0
0
1
0.056159
0.055052
1.000033
2
0
0
0
1
0.056159
0.055052
1.000033
0
0
0
1
0.056159
0.055052
1.000033
2
0
0
0
1
0.056159
0.055052
1.000033
0
0
0
1
0.056159
0.055052
1.000033
