30
0.489637
0.098039
0.654902
0.180392
perk_eagle_eye
false
0.580090
curious
glider
beija flor
curioso
planador
колибри
любопытный
планер
burung kolibri
penasaran
pesawat peluncur
colibrí
curioso
planeador
นกฮัมมิ่งเบิร์ด
อยากรู้
เครื่องร่อน
curiosa
любопытная
curiosa
M
M
M
любопытное
false
Feathers
Uncooked Meat
Bones
?
?
15
torso
False
False
False
False
False
0.126567
0.126567
0.252236
0
0
0
-1
4
1
5
6
7
0
0
0
0
None
7
2
-0.52991
0
0
0.848048
0
0
0
-0.5664
0
0
0.824126
0
0
0.04
3
-0.29237
0
0
0.956304
0
0
0
-0.52991
0
0
0.848048
0
0
0
-0.41469
0
0
0.909961
0
0
0
3
-0.52991
0
0
0.848048
0
0
0
-0.45399
0
0
0.891006
0
0
0
-0.37369
-0.06467
0.026131
0.924925
0
0
0
3
-0.3338
0
0
0.942641
0
0.18
-0.44
-0.49242
0
0
0.870355
0
-0.2
0.12
-0.60181
0
0
0.798635
0
-0.16
0.099999
2
-0.5664
0
0
0.824126
0
0
0.14
-0.52991
0
0
0.848048
0
0
0.14
2
-0.99862
0
0
0.052336
0
-0.2
-0.55999
-0.99862
0
0
0.052336
0
-0.22
-0.55999
2
-0.52991
0
0
0.848048
0
0
0
-0.60181
0
0
0.798635
0
0
0
neck
False
False
False
True
False
0.124519
0.114519
0.079636
0
0
0
0
1
2
0
-25
6
0
None
7
2
-0.28401
0
0
0.958819
0
-0.29661
1.000004
-0.28401
0
0
0.958819
0
-0.29661
1.000004
3
-0.28401
0
0
0.958819
0
-0.29661
1.000004
-0.28401
0
0
0.958819
0
-0.29661
1.000004
-0.28401
0
0
0.958819
0
-0.29661
1.000004
3
-0.28401
0
0
0.958819
0
-0.29661
1.000004
0.104528
0
0
0.994522
0
0.10216
1.000006
0.104528
0
0
0.994522
0
0.10216
1.000006
3
0.061048
0
0
0.998134
0
-0.29661
1.000004
0.061048
0
0
0.998134
0
-0.29661
1.000004
-0.15643
0
0
0.987688
0
-0.29661
1.000004
2
-0.28401
0
0
0.958819
0
-0.29661
1.000004
-0.28401
0
0
0.958819
0
-0.29661
1.000004
2
-0.28401
0
0
0.958819
0
-0.29661
1.000004
-0.28401
0
0
0.958819
0
-0.29661
1.000004
2
0.104528
0
0
0.994522
0
0.10216
1.000006
0.275637
0
0
0.961261
0
-0.74376
1.000003
head
False
False
False
False
False
0.116567
0.10759
0.110661
0
0
0
1
2
3
4
0
0
-8
0
None
7
2
0
0
0
1
0
-0.24523
1.000008
0
0
0
1
0
-0.24523
1.000008
3
0
0
0
1
0
-0.24523
1.000008
0
0
0
1
0
-0.24523
1.000008
0
0
0
1
0
-0.24523
1.000008
3
0
0
0
1
0
-0.24523
1.000008
-0.25881
0
0
0.965925
0
-0.01016
0.999999
-0.25881
0
0
0.965925
0
-0.01016
0.999999
3
0.573576
0
0
0.819152
0
-0.24523
1.000008
0.5
0
0
0.866025
0
-0.24523
1.000008
-0.04361
0
0
0.999048
0
-0.24523
1.000008
2
0
0
0
1
0
-0.24523
1.000008
0
0
0
1
0
-0.24523
1.000008
2
-0.81915
0
0
0.573576
0
-0.24523
1.000008
-0.81915
0
0
0.573576
0
-0.24523
1.000008
2
-0.25881
0
0
0.965925
0
-0.01016
0.999999
-0.25881
0
0
0.965925
0
-0.01016
0.999999
snout
False
False
False
True
False
0.031684
0.033732
0.156803
0
0
0.16
2
0
0
-17
-17
0
None
7
2
0
-0.00232
0
0.999997
0.026195
-0.41636
1.000007
0
-0.00232
0
0.999997
0.026195
-0.41636
1.000007
3
0
-0.00232
0
0.999997
0.026195
-0.41636
1.000007
0
-0.00232
0
0.999997
0.026195
-0.41636
1.000007
0
-0.00232
0
0.999997
0.026195
-0.41636
1.000007
3
0
-0.00232
0
0.999997
0.026195
-0.41636
1.000007
0.173585
-0.00241
0
0.984815
0.026195
-0.41636
1.000007
0.173585
-0.00241
0
0.984815
0.026195
-0.41636
1.000007
3
0
-0.00232
0
0.999997
0.026195
-0.41636
1.000007
0
-0.00232
0
0.999997
0.026195
-0.41636
1.000007
0
-0.00232
0
0.999997
0.026195
-0.41636
1.000007
2
0
-0.00232
0
0.999997
0.026195
-0.41636
1.000007
0
-0.00232
0
0.999997
0.026195
-0.41636
1.000007
2
0
-0.00232
0
0.999997
0.026195
-0.41636
1.000007
0
-0.00232
0
0.999997
0.026195
-0.41636
1.000007
2
0.173585
-0.00241
0
0.984815
0.026195
-0.41636
1.000007
0.173585
-0.00241
0
0.984815
0.026195
-0.41636
1.000007
eyes
True
True
False
True
False
0.071811
0.071811
0.044881
0
0
0.01
2
0
0
0
0
0
BlackEye
7
2
0.043246
0.005693
-0.1304
0.990501
-0.66479
0.246683
0.999996
0.043246
0.005693
-0.1304
0.990501
-0.66479
0.246683
0.999996
3
0.043246
0.005693
-0.1304
0.990501
-0.66479
0.246683
0.999996
0.043246
0.005693
-0.1304
0.990501
-0.66479
0.246683
0.999996
0.043246
0.005693
-0.1304
0.990501
-0.66479
0.246683
0.999996
3
0.043246
0.005693
-0.1304
0.990501
-0.66479
0.246683
0.999996
0.043246
0.005693
-0.1304
0.990501
-0.66479
0.246683
0.999996
0.043246
0.005693
-0.1304
0.990501
-0.66479
0.246683
0.999996
3
0.043246
0.005693
-0.1304
0.990501
-0.66479
0.246683
0.999996
0.043246
0.005693
-0.1304
0.990501
-0.66479
0.246683
0.999996
0.043246
0.005693
-0.1304
0.990501
-0.66479
0.246683
0.999996
2
0.043246
0.005693
-0.1304
0.990501
-0.66479
0.246683
0.999996
0.043246
0.005693
-0.1304
0.990501
-0.66479
0.246683
0.999996
2
0.043246
0.005693
-0.1304
0.990501
-0.66479
0.246683
0.999996
0.043246
0.005693
-0.1304
0.990501
-0.66479
0.246683
0.999996
2
0.043246
0.005693
-0.1304
0.990501
-0.66479
0.246683
0.999996
0.043246
0.005693
-0.1304
0.990501
-0.66479
0.246683
0.999996
shoulder
False
True
False
False
False
0.01885
0.047827
0.090661
0
0
-0.09999
0
2
8
12
0
0
1
0
None
7
2
-0.25148
0.174664
-0.95071
-0.04887
-1
0.287384
0.567768
-0.59616
0.180071
-0.7821
0.021689
-1
0.287384
0.567768
3
-0.4449
0.220729
-0.86784
0.013567
-0.99999
0.221278
0.788557
-0.3264
0.361629
-0.86735
-0.10192
-0.99999
0.221278
0.788557
-0.81688
0.301282
-0.37719
0.315662
-0.99999
0.221278
0.788557
3
-0.25148
0.174664
-0.95071
-0.04887
-1
0.287384
0.567768
-0.59768
0.341803
-0.59866
0.409328
-0.99999
0.736153
0.722719
-0.62819
0.319912
-0.56656
0.426655
-0.99999
0.736153
0.722719
3
-0.85115
0.036112
-0.47348
0.223704
-0.99999
-0.28089
0.414071
-0.97458
0.111993
-0.13147
0.142666
-1
-0.10793
0.819812
-0.92945
0.076855
-0.24871
-0.26143
-1
0.287384
0.567768
2
-0.48898
0.181362
-0.85322
-0.00199
-1
0.287384
0.567768
-0.72292
0.173569
-0.66669
0.052629
-1
0.287384
0.567768
2
-0.41029
-0.49385
-0.56248
-0.52093
-1
0.287384
0.567768
-0.41029
-0.49385
-0.56248
-0.52093
-1
0.287384
0.567768
2
-0.45846
0.62473
-0.60621
0.178945
-0.99999
0.736153
0.722719
-0.37625
0.516451
-0.74486
0.192069
-0.99999
0.736153
0.722719
hip
False
True
True
False
False
0.025779
0.050660
0.049638
0
0
0
0
1
10
0
0
-10
0
None
7
2
-0.80901
0
0
0.587785
-0.57156
-1
-0.41768
-0.80901
0
0
0.587785
-0.57156
-1
-0.41768
3
-0.44619
0
0
0.894934
-0.57156
-1
-0.41768
-0.80901
0
0
0.587785
-0.57156
-1
-0.41768
-0.66261
0
0
0.748955
-0.57156
-1
-0.41768
3
-0.80901
0
0
0.587785
-0.57156
-1
-0.41768
-0.55919
0
0
0.829037
-1
-0.30987
-0.52186
-0.55502
-0.10103
0.068148
0.822858
-1
-0.47916
-0.71995
3
-0.80901
0
0
0.587785
-0.57156
-1
-0.41768
-0.80901
0
0
0.587785
-0.57156
-1
-0.41768
-0.80901
0
0
0.587785
-0.57156
-1
-0.41768
2
-0.99984
0
0
0.017452
-0.64484
-0.99999
-0.71069
-0.99984
0
0
0.017452
-0.64484
-0.99999
-0.71069
2
-0.94551
0
0
-0.32556
-0.57156
-1
-0.41768
-0.94551
0
0
-0.32556
-0.57156
-1
-0.41768
2
-0.55919
0
0
0.829037
-1
-0.47916
-0.71995
-0.55919
0
0
0.829037
-1
-0.47916
-0.71995
tail
False
False
False
False
False
0.10759
0.068850
0.167590
0
0
0.16
0
0
0
0
-8
0
None
7
2
-0.91706
0
0
-0.39874
0.035805
0.38512
-0.99999
-0.91706
0
0
-0.39874
0.035805
0.38512
-0.99999
3
-0.91706
0
0
-0.39874
0.035805
0.38512
-0.99999
-0.91706
0
0
-0.39874
0.035805
0.38512
-0.99999
-0.91706
0
0
-0.39874
0.035805
0.38512
-0.99999
3
-0.91706
0
0
-0.39874
0.035805
0.38512
-0.99999
-0.99452
0
0
-0.10452
0.035805
0.818937
-0.99999
-0.99452
0
0
-0.10452
0.035805
0.818937
-0.99999
3
-0.97029
0
0
0.241922
0.035805
0.38512
-0.99999
-0.98162
0
0
-0.1908
0.035805
0.38512
-0.99999
-0.66262
0
0
-0.74895
0.035805
0.38512
-0.99999
2
-0.99813
0
0
-0.06104
0.035805
0.38512
-0.99999
-0.99813
0
0
-0.06104
0.035805
0.38512
-0.99999
2
0.061048
0
0
-0.99813
0.035805
0.38512
-0.99999
0.061048
0
0
-0.99813
0.035805
0.38512
-0.99999
2
-0.99452
0
0
-0.10452
0.035805
0.818937
-0.99999
-0.99452
0
0
-0.10452
0.035805
0.818937
-0.99999
arm
False
False
False
False
False
0.018850
0.038850
0.154283
0
0
-0.14
5
2
9
13
-7
-5
3
0
None
7
2
-0.256
0.199954
-0.94573
-0.00848
-0.44335
-0.06332
-1
-0.60154
0.145417
-0.78295
0.063142
-0.44335
-0.06332
-1
3
-0.66429
0.256233
-0.70074
0.044853
-0.44335
-0.06332
-1
-0.47066
0.322802
-0.81075
-0.13022
-0.44335
-0.06332
-1
-0.92102
0.273328
-0.17994
0.211254
-0.44335
-0.06332
-1
3
-0.256
0.199954
-0.94573
-0.00848
-0.44335
-0.06332
-1
-0.7632
0.384794
-0.29678
0.425877
-0.44363
0
-1
-0.79708
0.321779
-0.18768
0.475285
-0.44363
0
-1
3
-0.95017
0.045745
0.126866
0.281018
-0.44335
-0.06332
-1
-0.98051
0.064655
0.15808
-0.09706
-0.44335
-0.06332
-1
-0.78069
-0.14702
-0.04678
-0.60556
-0.44335
-0.06332
-1
2
-0.45644
0.154172
-0.87551
0.036931
-0.44335
-0.06332
-1
-0.8951
0.09983
-0.41672
0.123153
-0.44335
-0.06332
-1
2
-0.56112
-0.36767
-0.45109
-0.58861
-0.44335
-0.06332
-1
-0.49744
-0.44135
-0.52047
-0.53559
-0.44335
-0.06332
-1
2
0.082165
0.493775
-0.84926
-0.16789
-0.44363
0
-1
0.067219
0.417878
-0.88906
-0.17441
-0.44363
0
-1
hand
False
False
False
False
False
0.01885
0.01885
0.097591
0.02
0
0.079999
8
1
14
-11
-5
3
0
None
7
2
-0.66903
-0.65028
0.069492
0.353125
0.470746
0.167594
-1
-0.44954
-0.54302
0.426464
0.566714
0.470746
0.167594
-1
3
-0.40283
-0.52841
0.385324
0.640331
0.470746
0.167594
-1
-0.72538
-0.48347
0.054991
0.486871
0.470746
0.167594
-1
0.195957
-0.13325
0.638172
0.732515
0.470746
0.167594
-1
3
-0.66903
-0.65028
0.069492
0.353125
0.470746
0.167594
-1
0.044254
-0.67598
0.162425
0.717425
-0.34451
0.157347
-1
-0.05831
-0.66658
0.064769
0.740317
-0.34451
0.157347
-1
3
0.460745
0.240219
0.62796
0.579374
0.470746
0.167594
-1
-0.24763
0.172837
0.678786
0.669368
0.470746
0.167594
-1
-0.44926
0.601459
0.526793
0.398618
0.470746
0.167594
-1
2
-0.57674
-0.61982
0.208592
0.489559
0.470746
0.167594
-1
-0.1565
-0.31694
0.583057
0.7315
0.470746
0.167594
-1
2
-0.73763
0.125904
0.641752
0.167934
0.470746
0.167594
-1
-0.78148
0.025341
0.622829
0.026989
0.470746
0.167594
-1
2
-0.6956
-0.34041
-0.57675
0.260016
-0.34451
0.157347
-1
-0.83226
-0.36173
-0.41015
0.090861
-0.34451
0.157347
-1
leg
False
False
True
False
False
0.027826
0.036803
0.043733
0
0
-0.04
6
1
11
0
-17
-17
0
None
7
2
-0.94832
0
0
0.317304
0.379043
-0.20143
-0.99999
-0.94832
0
0
0.317304
0.379043
-0.20143
-0.99999
3
-0.55919
0
0
0.829037
0.379043
-0.20143
-0.99999
-0.94832
0
0
0.317304
0.379043
-0.20143
-0.99999
-0.72537
0
0
0.688354
0.379043
-0.20143
-0.99999
3
-0.94832
0
0
0.317304
0.379043
-0.20143
-0.99999
-0.62932
0
0
0.777146
-0.33145
0
-1
-0.61775
-0.14828
0.12008
0.762867
-0.33145
0
-1
3
-0.94832
0
0
0.317304
0.379043
-0.20143
-0.99999
-0.94832
0
0
0.317304
0.379043
-0.20143
-0.99999
-0.94832
0
0
0.317304
0.379043
-0.20143
-0.99999
2
-0.99984
0
0
0.017452
0.379043
-0.20143
-0.99999
-0.99984
0
0
0.017452
0.379043
-0.20143
-0.99999
2
-0.80385
0
0
-0.59482
0.379043
-0.20143
-0.99999
-0.80385
0
0
-0.59482
0.379043
-0.20143
-0.99999
2
-0.62932
0
0
0.777146
-0.33145
0
-1
-0.62932
0
0
0.777146
-0.33145
0
-1
foot
False
False
True
False
False
0.027826
0.036803
0.036803
0
0
0
10
0
0
-17
-17
0
None
7
2
0
0
0
1
-0.07332
0
-0.99999
0
0
0
1
-0.07332
0
-0.99999
3
0
0
0
1
-0.07332
0
-0.99999
0
0
0
1
-0.07332
0
-0.99999
0
0
0
1
-0.07332
0
-0.99999
3
0
0
0
1
-0.07332
0
-0.99999
0
0
0
1
-0.07332
0
-0.99999
0
0
0
1
-0.07332
0
-0.99999
3
0
0
0
1
-0.07332
0
-0.99999
0
0
0
1
-0.07332
0
-0.99999
0
0
0
1
-0.07332
0
-0.99999
2
0
0
0
1
-0.07332
0
-0.99999
0
0
0
1
-0.07332
0
-0.99999
2
-0.81915
0
0
0.573576
-0.07332
0
-0.99999
-0.81915
0
0
0.573576
-0.07332
0
-0.99999
2
0
0
0
1
-0.07332
0
-0.99999
0
0
0
1
-0.07332
0
-0.99999
batwingsh
False
False
False
True
False
0.019874
0.088615
0.097354
0
0.08
0
5
0
-11
-17
1
0
None
7
2
0.06969
0.04338
-0.00455
0.996614
-0.50628
1.00002
-0.01288
0.06969
0.04338
-0.00455
0.996614
-0.50628
1.00002
-0.01288
3
0.06969
0.04338
-0.00455
0.996614
-0.50628
1.00002
-0.01288
0.06969
0.04338
-0.00455
0.996614
-0.50628
1.00002
-0.01288
0.06969
0.04338
-0.00455
0.996614
-0.50628
1.00002
-0.01288
3
0.06969
0.04338
-0.00455
0.996614
-0.50628
1.00002
-0.01288
-0.01738
0.087142
-0.00152
0.996043
-0.50628
1.00002
-0.01288
-0.01738
0.087142
-0.00152
0.996043
-0.50628
1.00002
-0.01288
3
0.06969
0.04338
-0.00455
0.996614
-0.50628
1.00002
-0.01288
0.06969
0.04338
-0.00455
0.996614
-0.50628
1.00002
-0.01288
0.06969
0.04338
-0.00455
0.996614
-0.50628
1.00002
-0.01288
2
0.06969
0.04338
-0.00455
0.996614
-0.50628
1.00002
-0.01288
0.06969
0.04338
-0.00455
0.996614
-0.50628
1.00002
-0.01288
2
0.06969
0.04338
-0.00455
0.996614
-0.50628
1.00002
-0.01288
0.06969
0.04338
-0.00455
0.996614
-0.50628
1.00002
-0.01288
2
-0.01738
0.087142
-0.00152
0.996043
-0.50628
1.00002
-0.01288
-0.01738
0.087142
-0.00152
0.996043
-0.50628
1.00002
-0.01288
batwing
False
False
False
True
False
0.019874
0.10452
0.175307
0
0.06
0
8
0
-11
-17
7
0
None
7
2
-0.07951
0
-0.04328
0.995893
-0.10751
0.999986
-0.03827
-0.07951
0
-0.04328
0.995893
-0.10751
0.999986
-0.03827
3
-0.07951
0
-0.04328
0.995893
-0.10751
0.999986
-0.03827
-0.07951
0
-0.04328
0.995893
-0.10751
0.999986
-0.03827
-0.07951
0
-0.04328
0.995893
-0.10751
0.999986
-0.03827
3
-0.07951
0
-0.04328
0.995893
-0.10751
0.999986
-0.03827
-0.04361
0
0
0.999048
-0.71308
0.999987
-0.05012
-0.04361
0
0
0.999048
-0.71308
0.999987
-0.05012
3
-0.07951
0
-0.04328
0.995893
-0.10751
0.999986
-0.03827
-0.07951
0
-0.04328
0.995893
-0.10751
0.999986
-0.03827
-0.07951
0
-0.04328
0.995893
-0.10751
0.999986
-0.03827
2
-0.07951
0
-0.04328
0.995893
-0.10751
0.999986
-0.03827
-0.07951
0
-0.04328
0.995893
-0.10751
0.999986
-0.03827
2
-0.07951
0
-0.04328
0.995893
-0.10751
0.999986
-0.03827
-0.07951
0
-0.04328
0.995893
-0.10751
0.999986
-0.03827
2
-0.04361
0
0
0.999048
-0.71308
0.999987
-0.05012
-0.04361
0
0
0.999048
-0.71308
0.999987
-0.05012
batwingtip
False
False
False
True
False
0.083496
0.019874
0.087591
-0.06
0
0
9
0
-11
-23
7
0
None
7
2
-0.03569
0.090528
0.003801
0.995246
-0.99997
0.522087
0.044052
-0.03569
0.090528
0.003801
0.995246
-0.99997
0.522087
0.044052
3
-0.03569
0.090528
0.003801
0.995246
-0.99997
0.522087
0.044052
-0.03569
0.090528
0.003801
0.995246
-0.99997
0.522087
0.044052
-0.03569
0.090528
0.003801
0.995246
-0.99997
0.522087
0.044052
3
-0.03569
0.090528
0.003801
0.995246
-0.99997
0.522087
0.044052
0
0
-0.04361
0.999048
-1
0.65186
-0.03399
0
0
-0.04361
0.999048
-1
0.65186
-0.03399
3
-0.03569
0.090528
0.003801
0.995246
-0.99997
0.522087
0.044052
-0.03569
0.090528
0.003801
0.995246
-0.99997
0.522087
0.044052
-0.03569
0.090528
0.003801
0.995246
-0.99997
0.522087
0.044052
2
-0.03569
0.090528
0.003801
0.995246
-0.99997
0.522087
0.044052
-0.03569
0.090528
0.003801
0.995246
-0.99997
0.522087
0.044052
2
-0.03569
0.090528
0.003801
0.995246
-0.99997
0.522087
0.044052
-0.03569
0.090528
0.003801
0.995246
-0.99997
0.522087
0.044052
2
0
0
-0.04361
0.999048
-1
0.65186
-0.03399
0
0
-0.04361
0.999048
-1
0.65186
-0.03399
