30
0.822835
0.933333
0.682353
0.584313
perk_summon_big_momma
false
0.508906
social
messenger
viciado em internet
social
mensageiro
интернет-наркоман
социальный
посыльный
pecandu internet
sosial
kurir
adicto a internet
social
mensajera
ติดอินเทอร์เน็ต
สังคม
ผู้สื่อสาร
social
социальная
social
M
M
F
социальное
false
Bones
?
?
?
?
19
torso
False
False
False
False
False
0.171
0.111
0.261
0
0
0
-1
4
1
5
6
16
-11
3
4
0
None
7
2
-0.82903
0
0
0.559192
0
0
0
-0.85264
0
0
0.522498
0
0
0
3
-0.77714
0
0
0.62932
0
0
0
-0.87461
0
0
0.484809
0
0
0
-0.82903
0
0
0.559192
0
0
0
3
-0.65446
0.052645
-0.04576
0.752871
0
0
0
-0.65605
0
0
0.754709
0
0
0
-0.65116
-0.09197
0.079953
0.749084
0
0
0
3
-0.43837
0
0
0.898794
0
0.02
-0.2
-0.55193
0
0
0.833885
0
-0.22
0.16
-0.55193
0
0
0.833885
0
-0.28
0.22
2
-0.68835
0
0
0.725374
0
-0.02
-0.09999
-0.68835
0
0
0.725374
0
-0.02
-0.09999
2
-0.99984
0
0
-0.01745
0
0.24
-0.4
-0.99984
0
0
-0.01745
0
0.22
-0.4
2
-0.77714
0
0
0.62932
0
0
0
-0.82903
0
0
0.559193
0
0
0
neck
False
False
False
True
False
0.101
0.081000
0.131
0
0
0.08
0
1
2
0
0
0
0
None
7
2
0
0
0
1
0.071324
-0.10198
0.999999
0
0
0
1
0.071324
-0.10198
0.999999
3
0
0
0
1
0.071324
-0.10198
0.999999
0
0
0
1
0.071324
-0.10198
0.999999
0
0
0
1
0.071324
-0.10198
0.999999
3
0
0
0
1
0.071325
-0.00743
1
0
0
0
1
0.071325
-0.00743
1
0
0
0
1
0.071325
-0.00743
1
3
0
0
0
1
0.071324
-0.10198
0.999999
0
0
0
1
0.071324
-0.10198
0.999999
0
0
0
1
0.071324
-0.10198
0.999999
2
0
0
0
1
0.071324
-0.10198
0.999999
0
0
0
1
0.071324
-0.10198
0.999999
2
0
0
0
1
0.071324
-0.10198
0.999999
0
0
0
1
0.071324
-0.10198
0.999999
2
0.34202
0
0
0.939692
0.053353
-0.99999
0.747957
0.461748
0
0
0.88701
0.03907
-1
0.547733
head
False
False
False
False
False
0.131
0.141
0.141
0
0
0
1
6
3
4
11
12
17
18
0
0
0
0
None
7
2
0.069756
0
0
0.997564
0
-0.42545
0.999996
0.026176
0
0
0.999657
0
-0.42545
0.999996
3
0.069756
0
0
0.997564
0
-0.42545
0.999996
0.069756
0
0
0.997564
0
-0.42545
0.999996
0.113203
0
0
0.993571
0
-0.72475
0.999994
3
0.069756
0
0
0.997564
0
-0.42545
0.999996
0.069756
0
0
0.997564
0
-0.42545
0.999996
0.069756
0
0
0.997564
0
-0.42545
0.999996
3
0.446198
0
0
0.894934
0
-0.42545
0.999996
0.069756
0
0
0.997564
0
-0.42545
0.999996
-0.27563
0
0
0.961261
0
-0.42545
0.999996
2
0.069756
0
0
0.997564
0
-0.42545
0.999996
0.069756
0
0
0.997564
0
-0.42545
0.999996
2
-0.51503
0
0
0.857167
0
-0.42545
0.999996
-0.51503
0
0
0.857167
0
-0.42545
0.999996
2
0.069756
0
0
0.997564
0
-0.42545
0.999996
0.069756
0
0
0.997564
0
-0.42545
0.999996
nose
False
False
False
True
False
0.020999
0.041
0.021
0
0
0.02
2
0
0
0
0
0
None
7
2
-0.20797
-0.00212
-0.0012
0.978131
0.026195
-0.09805
0.999999
-0.20797
-0.00212
-0.0012
0.978131
0.026195
-0.09805
0.999999
3
-0.20797
-0.00212
-0.0012
0.978131
0.026195
-0.09805
0.999999
-0.20797
-0.00212
-0.0012
0.978131
0.026195
-0.09805
0.999999
-0.20797
-0.00212
-0.0012
0.978131
0.026195
-0.09805
0.999999
3
-0.20797
-0.00212
-0.0012
0.978131
0.026195
-0.09805
0.999999
-0.20797
-0.00212
-0.0012
0.978131
0.026195
-0.09805
0.999999
-0.20797
-0.00212
-0.0012
0.978131
0.026195
-0.09805
0.999999
3
-0.20797
-0.00212
-0.0012
0.978131
0.026195
-0.09805
0.999999
-0.20797
-0.00212
-0.0012
0.978131
0.026195
-0.09805
0.999999
-0.20797
-0.00212
-0.0012
0.978131
0.026195
-0.09805
0.999999
2
-0.20797
-0.00212
-0.0012
0.978131
0.026195
-0.09805
0.999999
-0.20797
-0.00212
-0.0012
0.978131
0.026195
-0.09805
0.999999
2
-0.20797
-0.00212
-0.0012
0.978131
0.026195
-0.09805
0.999999
-0.20797
-0.00212
-0.0012
0.978131
0.026195
-0.09805
0.999999
2
-0.20797
-0.00212
-0.0012
0.978131
0.026195
-0.09805
0.999999
-0.20797
-0.00212
-0.0012
0.978131
0.026195
-0.09805
0.999999
eyes
True
True
False
True
False
0.05
0.05
0.05
0
0
0.01
2
0
0
0
0
0
DerpyEye
7
2
0
0
0
1
-0.67581
0.166685
0.999991
0
0
0
1
-0.67581
0.166685
0.999991
3
0
0
0
1
-0.67581
0.166685
0.999991
0
0
0
1
-0.67581
0.166685
0.999991
0
0
0
1
-0.67581
0.166685
0.999991
3
0
0
0
1
-0.67581
0.166685
0.999991
0
0
0
1
-0.67581
0.166685
0.999991
0
0
0
1
-0.67581
0.166685
0.999991
3
0
0
0
1
-0.67581
0.166685
0.999991
0
0
0
1
-0.67581
0.166685
0.999991
0
0
0
1
-0.67581
0.166685
0.999991
2
0
0
0
1
-0.67581
0.166685
0.999991
0
0
0
1
-0.67581
0.166685
0.999991
2
0
0
0
1
-0.67581
0.166685
0.999991
0
0
0
1
-0.67581
0.166685
0.999991
2
0
0
0
1
-0.67581
0.166685
0.999991
0
0
0
1
-0.67581
0.166685
0.999991
shoulder
False
True
True
False
False
0.051
0.071001
0.151
-0.06
0
0
0
1
7
0
0
0
0
None
7
2
-0.97268
-0.08943
-0.14884
0.154057
-0.79419
-0.99998
0.477117
-0.956
-0.07566
-0.23305
0.161266
-0.79419
-0.99998
0.477117
3
-0.97268
-0.08943
-0.14884
0.154057
-0.79419
-0.99998
0.477117
-0.97268
-0.08943
-0.14884
0.154057
-0.79419
-0.99998
0.477117
-0.97268
-0.08943
-0.14884
0.154057
-0.79419
-0.99998
0.477117
3
-0.63064
0.208026
-0.18083
0.725473
-1
0.031146
0.339146
-0.65605
0
0
0.754709
-1
0.031146
0.339146
-0.64967
-0.10503
0.091305
0.747364
-1
0.031146
0.339146
3
-0.43171
-0.17322
-0.01211
0.885139
-0.85921
-0.99999
0.426038
-0.89966
-0.12491
-0.12062
0.400557
-0.85921
-0.99999
0.426038
-0.97399
-0.04053
-0.16885
-0.14556
-0.85921
-0.99999
0.426038
2
-0.98184
-0.12065
0.065209
0.131048
-0.79419
-0.99998
0.477117
-0.98379
-0.10877
-0.02061
0.141066
-0.79419
-0.99998
0.477117
2
-0.88513
-0.15863
-0.07062
-0.43171
-0.79419
-0.99998
0.477117
-0.88513
-0.15863
-0.07062
-0.43171
-0.79419
-0.99998
0.477117
2
-0.61976
0.134949
0.10928
-0.76533
-1
0.054868
0.962265
-0.43941
0.108098
0.135898
-0.88133
-0.99999
0.650902
0.801852
hip
False
True
True
False
False
0.081
0.091000
0.151
0
0
-0.14
0
1
9
48
13
-12
0
None
7
2
-0.73068
-0.01743
0.095908
0.675716
-0.65241
0.548934
-1
-0.73068
-0.01743
0.095908
0.675716
-0.65241
0.548934
-1
3
-0.56711
0.003733
0.097409
0.817849
-0.65241
0.548934
-1
-0.85961
-0.03778
0.089861
0.501549
-0.65241
0.548934
-1
-0.88067
-0.04166
0.088127
0.463576
-0.65241
0.548934
-1
3
-0.73518
0.018847
-0.20917
0.644515
-0.51203
0.018938
-1
-0.87636
-0.07503
-0.09603
0.465972
-0.51203
0.018938
-1
-0.76421
-0.17041
0.014909
0.621863
-0.51203
0.018938
-1
3
-0.88067
-0.04166
0.088127
0.463576
-0.65241
0.548934
-1
-0.70051
-0.01323
0.096578
0.706945
-0.65241
0.548934
-1
-0.56711
0.003733
0.097409
0.817849
-0.65241
0.548934
-1
2
-0.99104
-0.07222
0.065474
0.091267
-0.65241
0.548934
-1
-0.99104
-0.07222
0.065474
0.091267
-0.65241
0.548934
-1
2
-0.99447
0.024728
0.094292
-0.03887
-0.65241
0.548934
-1
-0.99447
0.024728
0.094292
-0.03887
-0.65241
0.548934
-1
2
-0.76033
-0.09335
-0.07833
0.637996
-0.51203
0.018938
-1
-0.76033
-0.09335
-0.07833
0.637996
-0.51203
0.018938
-1
arm
False
False
True
False
False
0.051
0.051000
0.141
0
0
-0.12
5
1
8
0
0
0
0
None
7
2
-0.97638
0.061908
-0.20574
0.022665
-0.03206
0.130438
-1
-0.97464
0.079604
-0.19956
-0.06251
-0.03206
0.130438
-1
3
-0.97638
0.061908
-0.20574
0.022665
-0.03206
0.130438
-1
-0.97638
0.061908
-0.20574
0.022665
-0.03206
0.130438
-1
-0.97638
0.061908
-0.20574
0.022665
-0.03206
0.130438
-1
3
-0.70323
0.073912
-0.07391
0.703233
-0.03206
-0.1696
-0.99999
-0.7071
0
0
0.707106
-0.03206
-0.1696
-0.99999
-0.70538
-0.04932
0.049325
0.705384
-0.03206
-0.1696
-0.99999
3
-0.97638
0.061908
-0.20574
0.022665
-0.03206
0.130438
-1
-0.97638
0.061908
-0.20574
0.022665
-0.03206
0.130438
-1
-0.92525
0.128543
-0.17216
-0.31264
-0.03206
0.130438
-1
2
-0.98409
0.004275
0.134325
0.116143
-0.03206
0.130438
-1
-0.98409
0.004275
0.134325
0.116143
-0.03206
0.130438
-1
2
-0.8128
-0.06729
-0.20404
-0.54146
-0.03206
0.130438
-1
-0.8128
-0.06729
-0.20404
-0.54146
-0.03206
0.130438
-1
2
-0.68301
0.183012
0.183012
-0.68301
-0.03206
-0.1696
-0.99999
-0.30791
0.167293
0.271078
-0.8965
-0.03206
-0.1696
-0.99999
hand
False
False
True
False
False
0.071000
0.041
0.091000
0
-0.02
-0.06
7
1
14
0
0
0
0
None
7
2
0.309834
0.869173
-0.11047
-0.36923
-0.3839
-0.70781
-1
0.384408
0.838861
-0.14223
-0.3582
-0.3839
-0.70781
-1
3
0.309834
0.869173
-0.11047
-0.36923
-0.3839
-0.70781
-1
0.309834
0.869173
-0.11047
-0.36923
-0.3839
-0.70781
-1
0.309834
0.869173
-0.11047
-0.36923
-0.3839
-0.70781
-1
3
0.309834
0.869173
-0.11047
-0.36923
0.191295
0.428437
-1
0.309834
0.869173
-0.11047
-0.36923
0.191295
0.428437
-1
0.309834
0.869173
-0.11047
-0.36923
0.191295
0.428437
-1
3
0.309834
0.869173
-0.11047
-0.36923
-0.3839
-0.70781
-1
0.309834
0.869173
-0.11047
-0.36923
-0.3839
-0.70781
-1
0.309834
0.869173
-0.11047
-0.36923
-0.3839
-0.70781
-1
2
0.309834
0.869173
-0.11047
-0.36923
-0.3839
-0.70781
-1
0.309834
0.869173
-0.11047
-0.36923
-0.3839
-0.70781
-1
2
0.465587
0.648621
-0.58902
-0.12474
-0.3839
-0.70781
-1
0.465587
0.648621
-0.58902
-0.12474
-0.3839
-0.70781
-1
2
-0.99619
0
0
0.087155
0.191295
0.428437
-1
-0.99619
0
0
0.087155
0.191295
0.428437
-1
leg
False
False
True
False
False
0.061
0.061
0.141
0
0
-0.1
6
1
10
0
0
0
0
None
7
2
-0.69255
-0.02864
-0.00564
0.72077
-0.06816
0
-1
-0.69255
-0.02864
-0.00564
0.72077
-0.06816
0
-1
3
-0.52013
-0.02918
0
0.853582
-0.06816
0
-1
-0.40427
-0.02884
0.004495
0.914171
-0.06816
0
-1
-0.87724
-0.02561
-0.01399
0.479154
-0.06816
0
-1
3
-0.5986
0.009336
-0.20689
0.773809
-0.06816
0
-1
-0.43297
-0.12327
-0.09631
0.887728
-0.06816
0
-1
-0.63293
-0.21731
-0.02284
0.742727
-0.06816
0
-1
3
-0.69255
-0.02864
-0.00564
0.72077
-0.06816
0
-1
-0.69255
-0.02864
-0.00564
0.72077
-0.06816
0
-1
-0.55687
-0.02918
0
0.830081
-0.06816
0
-1
2
-0.69255
-0.02864
-0.00564
0.72077
-0.06816
0
-1
-0.69255
-0.02864
-0.00564
0.72077
-0.06816
0
-1
2
-0.98072
-0.02669
0.011807
0.193184
-0.06816
0
-1
-0.98072
-0.02669
0.011807
0.193184
-0.06816
0
-1
2
-0.62157
-0.09844
-0.12157
0.767578
-0.06816
0
-1
-0.51606
-0.11347
-0.10768
0.842142
-0.06816
0
-1
foot
False
False
True
False
False
0.090998
0.031
0.131
0
0
0
9
0
0
-8
-18
0
None
7
2
0
-0.10452
0
0.994522
0.222271
-0.78581
-0.99999
0
-0.10452
0
0.994522
0.222271
-0.78581
-0.99999
3
0
-0.10452
0
0.994522
0.222271
-0.78581
-0.99999
0
-0.10452
0
0.994522
0.222271
-0.78581
-0.99999
0
-0.10452
0
0.994522
0.222271
-0.78581
-0.99999
3
0
-0.10452
0
0.994522
0.222271
-0.78581
-0.99999
0.257401
-0.10096
0.027053
0.960634
0.222271
-0.78581
-0.99999
0
-0.10452
0
0.994522
0.222271
-0.78581
-0.99999
3
0
-0.10452
0
0.994522
0.222271
-0.78581
-0.99999
0
-0.10452
0
0.994522
0.222271
-0.78581
-0.99999
0
-0.10452
0
0.994522
0.222271
-0.78581
-0.99999
2
0
-0.10452
0
0.994522
0.222271
-0.78581
-0.99999
0
-0.10452
0
0.994522
0.222271
-0.78581
-0.99999
2
-0.57043
-0.08562
0.059955
0.814664
0.222271
-0.78581
-0.99999
-0.57043
-0.08562
0.059955
0.814664
0.222271
-0.78581
-0.99999
2
0
-0.10452
0
0.994522
0.222271
-0.78581
-0.99999
0
-0.10452
0
0.994522
0.222271
-0.78581
-0.99999
ear
False
True
False
True
False
0.041
0.051
0.021
0
0
0
2
0
0
0
0
0
None
7
2
-0.10336
-0.04736
-0.01051
0.993459
-0.99999
-0.04731
-0.16568
-0.10336
-0.04736
-0.01051
0.993459
-0.99999
-0.04731
-0.16568
3
-0.10336
-0.04736
-0.01051
0.993459
-0.99999
-0.04731
-0.16568
-0.10336
-0.04736
-0.01051
0.993459
-0.99999
-0.04731
-0.16568
-0.10336
-0.04736
-0.01051
0.993459
-0.99999
-0.04731
-0.16568
3
-0.10336
-0.04736
-0.01051
0.993459
-0.99999
-0.04731
-0.16568
-0.10336
-0.04736
-0.01051
0.993459
-0.99999
-0.04731
-0.16568
-0.10336
-0.04736
-0.01051
0.993459
-0.99999
-0.04731
-0.16568
3
-0.10336
-0.04736
-0.01051
0.993459
-0.99999
-0.04731
-0.16568
-0.10336
-0.04736
-0.01051
0.993459
-0.99999
-0.04731
-0.16568
-0.10336
-0.04736
-0.01051
0.993459
-0.99999
-0.04731
-0.16568
2
-0.10336
-0.04736
-0.01051
0.993459
-0.99999
-0.04731
-0.16568
-0.10336
-0.04736
-0.01051
0.993459
-0.99999
-0.04731
-0.16568
2
-0.10336
-0.04736
-0.01051
0.993459
-0.99999
-0.04731
-0.16568
-0.10336
-0.04736
-0.01051
0.993459
-0.99999
-0.04731
-0.16568
2
-0.10336
-0.04736
-0.01051
0.993459
-0.99999
-0.04731
-0.16568
-0.10336
-0.04736
-0.01051
0.993459
-0.99999
-0.04731
-0.16568
snout
False
False
False
True
False
0.051
0.051
0.041
0
0
-0.04
2
1
13
0
0
0
0
None
7
2
0
0
0
1
0.037591
-0.67489
0.999999
0
0
0
1
0.037591
-0.67489
0.999999
3
0
0
0
1
0.037591
-0.67489
0.999999
0
0
0
1
0.037591
-0.67489
0.999999
0
0
0
1
0.037591
-0.67489
0.999999
3
0
0
0
1
0.037591
-0.67489
0.999999
0
0
0
1
0.037591
-0.67489
0.999999
0
0
0
1
0.037591
-0.67489
0.999999
3
0
0
0
1
0.037591
-0.67489
0.999999
0
0
0
1
0.037591
-0.67489
0.999999
0
0
0
1
0.037591
-0.67489
0.999999
2
0
0
0
1
0.037591
-0.67489
0.999999
0
0
0
1
0.037591
-0.67489
0.999999
2
0
0
0
1
0.037591
-0.67489
0.999999
0
0
0
1
0.037591
-0.67489
0.999999
2
0
0
0
1
0.037591
-0.67489
0.999999
0
0
0
1
0.037591
-0.67489
0.999999
mouth
True
False
False
True
False
0.04
0.099999
0.05
0
0
0.009999
12
0
0
0
0
0
HappyMouth
7
2
0
0
0
1
0.056159
0.055052
1.000033
0
0
0
1
0.056159
0.055052
1.000033
3
0
0
0
1
0.056159
0.055052
1.000033
0
0
0
1
0.056159
0.055052
1.000033
0
0
0
1
0.056159
0.055052
1.000033
3
0
0
0
1
0.056159
0.055052
1.000033
0
0
0
1
0.056159
0.055052
1.000033
0
0
0
1
0.056159
0.055052
1.000033
3
0
0
0
1
0.056159
0.055052
1.000033
0
0
0
1
0.056159
0.055052
1.000033
0
0
0
1
0.056159
0.055052
1.000033
2
0
0
0
1
0.056159
0.055052
1.000033
0
0
0
1
0.056159
0.055052
1.000033
2
0
0
0
1
0.056159
0.055052
1.000033
0
0
0
1
0.056159
0.055052
1.000033
2
0
0
0
1
0.056159
0.055052
1.000033
0
0
0
1
0.056159
0.055052
1.000033
cellphone
False
False
False
False
False
0.081001
0.031
0.131
0
0
-0.09999
8
1
15
-11
3
4
0
None
7
2
-0.1936
-0.79039
0.524828
-0.2497
0.999993
0.354804
-0.09014
-0.22453
-0.71512
0.623505
-0.22229
0.999993
0.354804
-0.09014
3
-0.1936
-0.79039
0.524828
-0.2497
0.999993
0.354804
-0.09014
-0.1936
-0.79039
0.524828
-0.2497
0.999993
0.354804
-0.09014
-0.1936
-0.79039
0.524828
-0.2497
0.999993
0.354804
-0.09014
3
-0.1936
-0.79039
0.524828
-0.2497
0.999993
0.354804
-0.09014
-0.1936
-0.79039
0.524828
-0.2497
0.999993
0.354804
-0.09014
-0.1936
-0.79039
0.524828
-0.2497
0.999993
0.354804
-0.09014
3
-0.1936
-0.79039
0.524828
-0.2497
0.999993
0.354804
-0.09014
-0.1936
-0.79039
0.524828
-0.2497
0.999993
0.354804
-0.09014
-0.1936
-0.79039
0.524828
-0.2497
0.999993
0.354804
-0.09014
2
-0.1936
-0.79039
0.524828
-0.2497
0.999993
0.354804
-0.09014
-0.1936
-0.79039
0.524828
-0.2497
0.999993
0.354804
-0.09014
2
-0.01536
-0.34642
0.883265
-0.31558
0.999993
0.354804
-0.09014
-0.01536
-0.34642
0.883265
-0.31558
0.999993
0.354804
-0.09014
2
-0.1936
-0.79039
0.524828
-0.2497
0.999993
0.354804
-0.09014
-0.1936
-0.79039
0.524828
-0.2497
0.999993
0.354804
-0.09014
phone camera
False
False
False
True
False
0.021
0.021
0.021
0
0
0
14
0
0
-6
-23
0
None
7
2
0
0
0
1
0.623118
-1
-0.59741
0
0
0
1
0.623118
-1
-0.59741
3
0
0
0
1
0.623118
-1
-0.59741
0
0
0
1
0.623118
-1
-0.59741
0
0
0
1
0.623118
-1
-0.59741
3
0
0
0
1
0.623118
-1
-0.59741
0
0
0
1
0.623118
-1
-0.59741
0
0
0
1
0.623118
-1
-0.59741
3
0
0
0
1
0.623118
-1
-0.59741
0
0
0
1
0.623118
-1
-0.59741
0
0
0
1
0.623118
-1
-0.59741
2
0
0
0
1
0.623118
-1
-0.59741
0
0
0
1
0.623118
-1
-0.59741
2
0
0
0
1
0.623118
-1
-0.59741
0
0
0
1
0.623118
-1
-0.59741
2
0
0
0
1
0.623118
-1
-0.59741
0
0
0
1
0.623118
-1
-0.59741
pecs
False
True
False
True
False
0.090998
0.090999
0.091
0
0
0
0
0
-11
3
4
0
None
7
2
-0.40065
0.232256
0.223478
0.857665
-0.60929
-0.99999
0.372273
-0.40065
0.232256
0.223478
0.857665
-0.60929
-0.99999
0.372273
3
-0.40065
0.232256
0.223478
0.857665
-0.60929
-0.99999
0.372273
-0.40065
0.232256
0.223478
0.857665
-0.60929
-0.99999
0.372273
-0.40065
0.232256
0.223478
0.857665
-0.60929
-0.99999
0.372273
3
-0.40065
0.232256
0.223478
0.857665
-0.60929
-0.99999
0.372273
-0.40065
0.232256
0.223478
0.857665
-0.60929
-0.99999
0.372273
-0.40065
0.232256
0.223478
0.857665
-0.60929
-0.99999
0.372273
3
-0.40065
0.232256
0.223478
0.857665
-0.60929
-0.99999
0.372273
-0.40065
0.232256
0.223478
0.857665
-0.60929
-0.99999
0.372273
-0.40065
0.232256
0.223478
0.857665
-0.60929
-0.99999
0.372273
2
-0.40065
0.232256
0.223478
0.857665
-0.60929
-0.99999
0.372273
-0.40065
0.232256
0.223478
0.857665
-0.60929
-0.99999
0.372273
2
-0.40065
0.232256
0.223478
0.857665
-0.60929
-0.99999
0.372273
-0.40065
0.232256
0.223478
0.857665
-0.60929
-0.99999
0.372273
2
-0.40065
0.232256
0.223478
0.857665
-0.60929
-0.99999
0.372273
-0.40065
0.232256
0.223478
0.857665
-0.60929
-0.99999
0.372273
helmet
False
False
False
True
True
0.141
0.061
0.151
0
0.02
0
2
0
0
2
-16
0
None
7
2
0
0
0.130526
0.991444
-0.15492
1.000002
0.136021
0
0
0.130526
0.991444
-0.15492
1.000002
0.136021
3
0
0
0.130526
0.991444
-0.15492
1.000002
0.136021
0
0
0.130526
0.991444
-0.15492
1.000002
0.136021
0
0
0.130526
0.991444
-0.15492
1.000002
0.136021
3
0
0
0.130526
0.991444
-0.15492
1.000002
0.136021
0
0
0.130526
0.991444
-0.15492
1.000002
0.136021
0
0
0.130526
0.991444
-0.15492
1.000002
0.136021
3
0
0
0.130526
0.991444
-0.15492
1.000002
0.136021
0
0
0.130526
0.991444
-0.15492
1.000002
0.136021
0
0
0.130526
0.991444
-0.15492
1.000002
0.136021
2
0
0
0.130526
0.991444
-0.15492
1.000002
0.136021
0
0
0.130526
0.991444
-0.15492
1.000002
0.136021
2
0
0
0.130526
0.991444
-0.15492
1.000002
0.136021
0
0
0.130526
0.991444
-0.15492
1.000002
0.136021
2
0
0
0.130526
0.991444
-0.15492
1.000002
0.136021
0
0
0.130526
0.991444
-0.15492
1.000002
0.136021
sideburn
False
True
False
True
False
0.031
0.211
0.141
-0.04
0
0
2
0
0
2
-16
0
None
7
2
0
0
0
1
-1
-0.39701
-0.1075
0
0
0
1
-1
-0.39701
-0.1075
3
0
0
0
1
-1
-0.39701
-0.1075
0
0
0
1
-1
-0.39701
-0.1075
0
0
0
1
-1
-0.39701
-0.1075
3
0
0
0
1
-1
-0.39701
-0.1075
0
0
0
1
-1
-0.39701
-0.1075
0
0
0
1
-1
-0.39701
-0.1075
3
0
0
0
1
-1
-0.39701
-0.1075
0
0
0
1
-1
-0.39701
-0.1075
0
0
0
1
-1
-0.39701
-0.1075
2
0
0
0
1
-1
-0.39701
-0.1075
0
0
0
1
-1
-0.39701
-0.1075
2
0
0
0
1
-1
-0.39701
-0.1075
0
0
0
1
-1
-0.39701
-0.1075
2
0
0
0
1
-1
-0.39701
-0.1075
0
0
0
1
-1
-0.39701
-0.1075
