30
0.601370
0.615686
0.501960
0.258823
perk_sprint
false
0.966977
hopping
rodent
canguru
pulando
roedor
кенгуру
прыжковый
грызун
kanguru
melompat
hewan-pengerat
canguro
saltando
roedor
จิงโจ้
กระโดด
หนู
pulando
прыжковая
saltanda
M
M
M
прыжковое
false
Fur
Uncooked Meat
Bones
?
?
16
torso
False
False
False
False
False
0.15732
0.15732
0.26772
0
0
0
-1
4
1
5
6
7
0
0
0
0
None
7
2
-0.54463
0
0
0.83867
0
0
0
-0.61566
0
0
0.78801
0
0
0
3
-0.54463
0
0
0.83867
0
0
-0.02
-0.60181
0
0
0.798635
0
0
0.02
-0.57357
0
0
0.819152
0
0
0.04
3
-0.54331
0.058502
-0.03799
0.836627
0
0
0
-0.43837
0
0
0.898794
0
0
0
-0.54389
-0.04389
0.028504
0.837521
0
0
0
3
-0.39073
0
0
0.920504
0
0.22
-0.3
-0.39073
0
0
0.920504
0
-0.22
0.16
-0.50753
0
0
0.861629
0
-0.36
0.16
2
-0.54463
0
0
0.83867
0
0
0.12
-0.5807
0
0
0.814115
0
0
0.12
2
-0.99939
0
0
0.034899
0
-0.12
-0.48
-0.99939
0
0
0.034899
0
-0.14
-0.48
2
-0.68199
0
0
0.731353
0
0
0
-0.77162
0
0
0.636078
0
0
0
neck
False
False
False
True
False
0.074519
0.092919
0.16652
0
0
0.08
0
1
2
0
0
-4
0
None
7
2
-0.25881
0
0
0.965925
0
0.014344
0.999996
-0.1908
0
0
0.981627
0
0.014344
0.999996
3
0.173648
0
0
0.984807
0
-0.25484
1.000002
-0.25881
0
0
0.965925
0
0.014344
0.999996
-0.25881
0
0
0.965925
0
0.014344
0.999996
3
-0.25881
0
0
0.965925
0
0.014344
0.999996
-0.25881
0
0
0.965925
0
0.014344
0.999996
-0.25881
0
0
0.965925
0
0.014344
0.999996
3
0.737277
0
0
0.67559
0
-0.99999
0.928769
0.382683
0
0
0.923879
0
-0.99999
0.928769
-0.25881
0
0
0.965925
0
-0.24882
1.000005
2
-0.04361
0
0
0.999048
0
-0.25493
0.999995
-0.04361
0
0
0.999048
0
-0.25493
0.999995
2
-0.13052
0
0
0.991444
0
0.014344
0.999996
-0.13052
0
0
0.991444
0
0.014344
0.999996
2
0.422618
0
0
0.906307
0
-0.77621
1
0.573576
0
0
0.819152
0
-0.99999
0.817207
head
False
False
False
False
False
0.11972
0.12052
0.12052
0
0
-0.04
1
3
3
4
12
0
0
0
0
None
7
2
0.052335
0
0
0.998629
0.097125
-0.67281
0.999996
0.052335
0
0
0.998629
0.097125
-0.67281
0.999996
3
0.052335
0
0
0.998629
0.097125
-0.67281
0.999996
0.052335
0
0
0.998629
0.097125
-0.67281
0.999996
0.052335
0
0
0.998629
0.097125
-0.67281
0.999996
3
0.052335
0
0
0.998629
0.097125
-0.67281
0.999996
0.052335
0
0
0.998629
0.097125
-0.67281
0.999996
0.052335
0
0
0.998629
0.097125
-0.67281
0.999996
3
0.615661
0
0
0.78801
0.097125
-0.67281
0.999996
0.615661
0
0
0.78801
0.097125
-0.67281
0.999996
-0.3338
0
0
0.942641
0.097125
-0.67281
0.999996
2
0.052335
0
0
0.998629
0.097125
-0.67281
0.999996
0.052335
0
0
0.998629
0.097125
-0.67281
0.999996
2
-0.78801
0
0
0.615661
0.097125
-0.67281
0.999996
-0.78801
0
0
0.615661
0.097125
-0.67281
0.999996
2
0.052335
0
0
0.998629
0.097125
-0.67281
0.999996
0.052335
0
0
0.998629
0.097125
-0.67281
0.999996
snout
False
False
False
True
False
0.046119
0.06532
0.10132
0
0
0.04
2
2
14
15
0
0
0
0
None
7
2
0.095782
-0.00238
0
0.995399
0.026193
-0.3581
0.999997
0.052272
-0.00235
0
0.99863
0.026193
-0.50086
0.999992
3
0.052272
-0.00235
0
0.99863
0.026193
-0.50086
0.999992
0.052272
-0.00235
0
0.99863
0.026193
-0.50086
0.999992
0.052272
-0.00235
0
0.99863
0.026193
-0.50086
0.999992
3
0.052272
-0.00235
0
0.99863
0.026193
-0.50086
0.999992
0.052272
-0.00235
0
0.99863
0.026193
-0.50086
0.999992
0.052272
-0.00235
0
0.99863
0.026193
-0.50086
0.999992
3
0.052272
-0.00235
0
0.99863
0.026193
-0.50086
0.999992
0.052272
-0.00235
0
0.99863
0.026193
-0.50086
0.999992
0.052272
-0.00235
0
0.99863
0.026193
-0.50086
0.999992
2
0.095782
-0.00238
0
0.995399
0.026193
-0.3581
0.999997
0.095782
-0.00238
0
0.995399
0.026193
-0.3581
0.999997
2
0.095782
-0.00238
0
0.995399
0.026193
-0.3581
0.999997
0.095782
-0.00238
0
0.995399
0.026193
-0.3581
0.999997
2
0.052272
-0.00235
0
0.99863
0.026193
-0.50086
0.999992
0.052272
-0.00235
0
0.99863
0.026193
-0.50086
0.999992
eyes
True
True
False
True
False
0.0552
0.0552
0.046
0
0
0.01
2
0
0
0
0
0
DerpyEye
7
2
0
0
0
1
-0.80001
0.131735
1.000001
0
0
0
1
-0.80001
0.131735
1.000001
3
0
0
0
1
-0.80001
0.131735
1.000001
0
0
0
1
-0.80001
0.131735
1.000001
0
0
0
1
-0.80001
0.131735
1.000001
3
0
0
0
1
-0.80001
0.131735
1.000001
0
0
0
1
-0.80001
0.131735
1.000001
0
0
0
1
-0.80001
0.131735
1.000001
3
0
0
0
1
-0.80001
0.131735
1.000001
0
0
0
1
-0.80001
0.131735
1.000001
0
0
0
1
-0.80001
0.131735
1.000001
2
0
0
0
1
-0.80001
0.131735
1.000001
0
0
0
1
-0.80001
0.131735
1.000001
2
0
0
0
1
-0.80001
0.131735
1.000001
0
0
0
1
-0.80001
0.131735
1.000001
2
0
0
0
1
-0.80001
0.131735
1.000001
0
0
0
1
-0.80001
0.131735
1.000001
shoulder
False
True
False
False
False
0.04692
0.08372
0.14812
0
0
0
0
1
8
0
0
-1
0
None
7
2
-0.69465
0
0
0.71934
-1
-0.41321
0.302886
-0.69465
0
0
0.71934
-1
-0.41321
0.302886
3
-0.60181
0
0
0.798635
-1
-0.41321
0.302886
-0.80901
0
0
0.587785
-1
-0.41321
0.302886
-0.85716
0
0
0.515038
-0.99999
-0.42042
0.385529
3
-0.67685
0.161816
-0.15626
0.700903
-1
-0.41321
0.302886
-0.69465
0
0
0.71934
-1
-0.41321
0.302886
-0.6841
-0.12491
0.120626
0.708411
-1
-0.41321
0.302886
3
-0.69465
0
0
0.71934
-1
-0.41321
0.302886
-0.69465
0
0
0.71934
-1
-0.41321
0.302886
-0.69465
0
0
0.71934
-1
-0.41321
0.302886
2
-0.68871
-0.09389
0.090671
0.713185
-1
-0.86934
0.243149
-0.68871
-0.09389
0.090671
0.713185
-1
-0.86934
0.243149
2
-0.98768
0
0
-0.15643
-1
-0.41321
0.302886
-0.98768
0
0
-0.15643
-1
-0.41321
0.302886
2
-0.70841
0.120626
0.124912
-0.6841
-1
-0.41951
0.816915
-0.50721
0.084186
0.151876
-0.84414
-1
0.309217
0.816942
hip
False
True
False
False
False
0.12052
0.11132
0.15732
0.06
0
0
0
1
10
0
0
-4
0
None
7
2
-0.69201
-0.06054
-0.06269
0.716602
-1
-0.13
-0.96944
-0.62692
-0.06577
-0.05717
0.774188
-1
-0.13
-0.96944
3
-0.57139
-0.0696
-0.05245
0.816035
-0.75131
0.193673
-1
-0.74972
-0.02501
-0.08559
0.655715
-1
-0.28
-0.67065
-0.80593
-0.04873
-0.07225
0.585548
-1
-0.4259
-0.65669
3
-0.67061
0.064813
-0.1819
0.716229
-0.92098
-0.26695
-0.99999
-0.62692
-0.06577
-0.05717
0.774188
-0.99999
-0.01927
-0.79639
-0.6933
-0.17189
0.046332
0.698308
-0.94413
-0.21333
-1
3
-0.69201
-0.06054
-0.06269
0.716602
-1
-0.13
-0.96944
-0.48296
-0.0747
-0.04488
0.871291
-0.7585
-0.13862
-1
-0.48296
-0.0747
-0.04488
0.871291
-0.7585
-0.13862
-1
2
-0.99073
-0.00607
-0.08694
0.10413
-0.99903
-0.17462
-1
-0.99073
-0.00607
-0.08694
0.10413
-0.99903
-0.17462
-1
2
-0.98393
-0.08608
0.013634
-0.15583
-1
-0.13
-0.96944
-0.98393
-0.08608
0.013634
-0.15583
-1
-0.13
-0.96944
2
-0.69201
-0.06054
-0.06269
0.716602
-1
-0.13
-0.96944
-0.59255
-0.0682
-0.05425
0.800797
-1
-0.13
-0.96944
tail
False
False
False
False
False
0.08372
0.065319
0.184922
0
0
0.18
0
1
13
0
0
0
0
None
7
2
-0.85716
0
0
-0.51503
0.035806
0.516722
-1
-0.85716
0
0
-0.51503
0.035806
0.516722
-1
3
-0.85716
0
0
-0.51503
0.035806
0.516722
-1
-0.85716
0
0
-0.51503
0.035806
0.516722
-1
-0.85716
0
0
-0.51503
0.035806
0.516722
-1
3
-0.83843
0.107082
0.178215
-0.50378
0.035806
0.516722
-1
-0.85716
0
0
-0.51503
0.035806
0.516722
-1
-0.84661
-0.08056
-0.13409
-0.50869
0.035806
0.516722
-1
3
-0.99452
0
0
-0.10452
0.035806
0.516722
-1
-0.82903
0
0
0.559193
0.035806
0.516722
-1
-0.99813
0
0
-0.06104
0.035806
0.516722
-1
2
-0.97992
0
0
0.199368
0.035806
0.516722
-1
-0.97992
0
0
0.199368
0.035806
0.516722
-1
2
0.104528
0
0
-0.99452
0.035806
0.516722
-1
0.104528
0
0
-0.99452
0.035806
0.516722
-1
2
-0.85716
0
0
-0.51503
0.035806
0.516722
-1
-0.85716
0
0
-0.51503
0.035806
0.516722
-1
arm
False
False
False
False
False
0.02852
0.03772
0.12972
0
0
-0.12
5
1
9
0
0
1
0
None
7
2
-0.9063
0
0
0.422618
-0.44363
0
-1
-0.9063
0
0
0.422618
-0.44363
0
-1
3
-0.9063
0
0
0.422618
-0.44363
0
-1
-0.9063
0
0
0.422618
-0.17638
-0.42212
-0.99999
-0.97437
0
0
0.224951
-0.4436
-0.48553
-1
3
-0.9063
0
0
0.422618
-0.44363
0
-1
-0.9063
0
0
0.422618
-0.44363
0
-1
-0.9063
0
0
0.422618
-0.44363
0
-1
3
-0.9063
0
0
0.422618
-0.44363
0
-1
-0.9063
0
0
0.422618
-0.44363
0
-1
-0.9063
0
0
0.422618
-0.44363
0
-1
2
-0.88701
0
0
0.461748
-0.44363
0
-1
-0.88701
0
0
0.461748
-0.44363
0
-1
2
-0.86602
0
0
-0.5
-0.44363
0
-1
-0.86602
0
0
-0.5
-0.44363
0
-1
2
-0.69636
0.122787
0.122787
-0.69636
-0.44363
0
-1
-0.25488
0.044943
0.167731
-0.95125
-0.44363
0
-1
hand
False
False
False
False
False
0.03772
0.05612
0.03772
0
-0.02
0
8
0
0
0
-2
0
None
7
2
0
0
0
1
0.191458
0.458186
-1.00001
0
0
0
1
0.191458
0.458186
-1.00001
3
0
0
0
1
0.191458
0.458186
-1.00001
0
0
0
1
0.191458
0.458186
-1.00001
0
0
0
1
0.191458
0.458186
-1.00001
3
0
0
0
1
0.191458
0.458186
-1.00001
0
0
0
1
0.191458
0.458186
-1.00001
0
0
0
1
0.191458
0.458186
-1.00001
3
0
0
0
1
0.191458
0.458186
-1.00001
0
0
0
1
0.191458
0.458186
-1.00001
0
0
0
1
0.191458
0.458186
-1.00001
2
0
0
0
1
0.191458
0.458186
-1.00001
0
0
0
1
0.191458
0.458186
-1.00001
2
-0.81915
0
0
0.573576
0.191458
0.458186
-1.00001
-0.81915
0
0
0.573576
0.191458
0.458186
-1.00001
2
-0.76604
0
0
0.642787
0.191458
0.458186
-1.00001
-0.76604
0
0
0.642787
0.191458
0.458186
-1.00001
leg
False
False
False
False
False
0.03772
0.056120
0.092920
0
0
-0.08
6
1
11
0
0
-6
0
None
7
2
-0.71539
-0.07519
-0.07261
0.690852
-0.38041
-0.24642
-1.00001
-0.71539
-0.07519
-0.07261
0.690852
-0.38041
-0.24642
-1.00001
3
-0.71539
-0.07519
-0.07261
0.690852
-0.38041
-0.24642
-1.00001
-0.57043
-0.08766
-0.05693
0.814664
-0.38029
0.204141
-1
-0.80458
-0.06435
-0.08236
0.584565
-0.38041
-0.24642
-1.00001
3
-0.6884
0.05801
-0.20778
0.692507
-0.38041
-0.24642
-1.00001
-0.59697
-0.07565
-0.07416
0.795237
-0.38041
-0.24642
-1.00001
-0.71854
-0.1706
0.027659
0.673665
-0.38041
-0.24642
-1.00001
3
-0.71539
-0.07519
-0.07261
0.690852
-0.38041
-0.24642
-1.00001
-0.47454
-0.09354
-0.04664
0.874002
-0.38041
-0.24642
-1.00001
-0.47454
-0.09354
-0.04664
0.874002
-0.38041
-0.24642
-1.00001
2
-0.98227
-0.01994
-0.1026
0.155577
-0.38041
-0.24642
-1.00001
-0.98227
-0.01994
-0.1026
0.155577
-0.38041
-0.24642
-1.00001
2
-0.97624
-0.1026
0.019944
-0.18976
-0.38041
-0.24642
-1.00001
-0.97624
-0.1026
0.019944
-0.18976
-0.38041
-0.24642
-1.00001
2
-0.71539
-0.07519
-0.07261
0.690852
-0.38041
-0.24642
-1.00001
-0.71539
-0.07519
-0.07261
0.690852
-0.38041
-0.24642
-1.00001
foot
False
False
False
False
False
0.04692
0.02852
0.20332
0
0
0.099999
10
0
0
0
-8
0
None
7
2
0
-0.13917
0
0.990268
-0.07331
-0.63535
-0.99999
0
-0.13917
0
0.990268
-0.07331
-0.63535
-0.99999
3
0
-0.13917
0
0.990268
-0.07331
-0.63535
-0.99999
0.086307
-0.13864
0.012129
0.986499
-0.07331
-0.63535
-0.99999
0
-0.13917
0
0.990268
-0.07331
-0.63535
-0.99999
3
0
-0.13917
0
0.990268
-0.07331
-0.63535
-0.99999
0.120683
-0.13813
0.01696
0.982886
-0.07331
-0.63535
-0.99999
0.120683
-0.13813
0.01696
0.982886
-0.07331
-0.63535
-0.99999
3
0
-0.13917
0
0.990268
-0.07331
-0.63535
-0.99999
0
-0.13917
0
0.990268
-0.07331
-0.63535
-0.99999
0
-0.13917
0
0.990268
-0.07331
-0.63535
-0.99999
2
-0.63653
-0.10661
-0.08945
0.758589
-0.07331
-0.63535
-0.99999
-0.63653
-0.10661
-0.08945
0.758589
-0.07331
-0.63535
-0.99999
2
-0.81118
-0.07982
0.114003
0.567994
-0.07331
-0.63535
-0.99999
-0.81118
-0.07982
0.114003
0.567994
-0.07331
-0.63535
-0.99999
2
0
-0.13917
0
0.990268
-0.07331
-0.63535
-0.99999
0
-0.13917
0
0.990268
-0.07331
-0.63535
-0.99999
ear
False
True
False
True
True
0.16652
0.056120
0.01932
0
0
0
2
0
0
0
-1
0
None
7
2
-0.13547
-0.07821
-0.49384
0.855363
-0.67896
1.000005
-0.66679
-0.13262
-0.0669
-0.35218
0.924067
-0.97621
0.999998
-0.95868
3
-0.13547
-0.07821
-0.49384
0.855363
-0.67896
1.000005
-0.66679
-0.13547
-0.07821
-0.49384
0.855363
-0.67896
1.000005
-0.66679
-0.13547
-0.07821
-0.49384
0.855363
-0.67896
1.000005
-0.66679
3
-0.13547
-0.07821
-0.49384
0.855363
-0.67896
1.000005
-0.66679
-0.13547
-0.07821
-0.49384
0.855363
-0.67896
1.000005
-0.66679
-0.13547
-0.07821
-0.49384
0.855363
-0.67896
1.000005
-0.66679
3
-0.13547
-0.07821
-0.49384
0.855363
-0.67896
1.000005
-0.66679
-0.13547
-0.07821
-0.49384
0.855363
-0.67896
1.000005
-0.66679
-0.13547
-0.07821
-0.49384
0.855363
-0.67896
1.000005
-0.66679
2
-0.13547
-0.07821
-0.49384
0.855363
-0.67896
1.000005
-0.66679
-0.13547
-0.07821
-0.49384
0.855363
-0.67896
1.000005
-0.66679
2
-0.13547
-0.07821
-0.49384
0.855363
-0.67896
1.000005
-0.66679
-0.13547
-0.07821
-0.49384
0.855363
-0.67896
1.000005
-0.66679
2
-0.13547
-0.07821
-0.49384
0.855363
-0.67896
1.000005
-0.66679
-0.13547
-0.07821
-0.49384
0.855363
-0.67896
1.000005
-0.66679
tailext
False
False
False
False
False
0.05612
0.04692
0.25852
0
0
-0.2
7
0
0
0
0
0
None
7
2
0
0
0
1
0
0
1.000008
0
0
0
1
0
0
1.000008
3
0
0
0
1
0
0
1.000008
-0.17364
0
0
0.984807
0
0
1.000008
-0.20791
0
0
0.978147
0
0
1.000008
3
0
0.156434
0
0.987688
0
0
1.000008
0
0.156434
0
0.987688
0
0
1.000008
0
-0.25881
0
0.965925
0
0
1.000008
3
0.887011
0
0
0.461748
0
0
1.000008
0.887011
0
0
0.461748
0
0
1.000008
0.173648
0
0
0.984807
0
0
1.000008
2
0.793353
0
0
0.608761
0
0
1.000008
0.793353
0
0
0.608761
0
0
1.000008
2
-0.96592
0
0
0.258819
0
0
1.000008
-0.96592
0
0
0.258819
0
0
1.000008
2
0
0
0
1
0
0
1.000008
0
0
0
1
0
0
1.000008
mouth
True
False
False
True
False
0.062
0.062
0.046
0
0
0.01
3
0
0
0
0
0
CuteMouth
7
2
0
0
0
1
-0.17351
-0.20979
1.000005
0
0
0
1
-0.17352
-0.02979
1.000006
3
0
0
0
1
-0.17352
-0.02979
1.000006
0
0
0
1
-0.17352
-0.02979
1.000006
0
0
0
1
-0.17352
-0.02979
1.000006
3
0
0
0
1
-0.17352
-0.02979
1.000006
0
0
0
1
-0.17352
-0.02979
1.000006
0
0
0
1
-0.17352
-0.02979
1.000006
3
0
0
0
1
-0.17352
-0.02979
1.000006
0
0
0
1
-0.17352
-0.02979
1.000006
0
0
0
1
-0.17352
-0.02979
1.000006
2
0
0
0
1
-0.17351
-0.20979
1.000005
0
0
0
1
-0.17351
-0.20979
1.000005
2
0
0
0
1
-0.17351
-0.20979
1.000005
0
0
0
1
-0.17351
-0.20979
1.000005
2
0
0
0
1
-0.17352
-0.02979
1.000006
0
0
0
1
-0.17352
-0.02979
1.000006
snouttip
False
False
False
True
False
0.041
0.021
0.031
0
0
-0.02
3
0
0
0
-9
0
None
7
2
-0.08715
0
0
0.996194
0
0.741407
0.999999
-0.04361
0
0
0.999048
0
0.715008
1.000009
3
-0.04361
0
0
0.999048
0
0.643997
1.000015
-0.04361
0
0
0.999048
0
0.643997
1.000015
-0.04361
0
0
0.999048
0
0.643997
1.000015
3
-0.04361
0
0
0.999048
0
0.643997
1.000015
-0.04361
0
0
0.999048
0
0.643997
1.000015
-0.04361
0
0
0.999048
0
0.643997
1.000015
3
-0.04361
0
0
0.999048
0
0.643997
1.000015
-0.04361
0
0
0.999048
0
0.643997
1.000015
-0.04361
0
0
0.999048
0
0.643997
1.000015
2
-0.08715
0
0
0.996194
0
0.643997
1.000015
-0.08715
0
0
0.996194
0
0.643997
1.000015
2
-0.08715
0
0
0.996194
0
0.643997
1.000015
-0.08715
0
0
0.996194
0
0.643997
1.000015
2
-0.04361
0
0
0.999048
0
0.643997
1.000015
-0.04361
0
0
0.999048
0
0.643997
1.000015
