30
0.318165
0.211764
0.211764
0.203921
perk_shrink
false
0.976940
teeny tiny
kitty
gatinha
minúsculo
gatinho
котенок
крошечный
котёнок
kucing
mungil
kucing
gatita
muy pequeño
gatita
ลูก แมว
เล็กมาก
คิตตี้
minúscula
крошечная
muy pequeña
M
M
F
крошечное
false
Fur
Uncooked Meat
Bones
?
?
17
torso
False
False
False
False
False
0.12973
0.10693
0.22523
0
0
0
-1
5
1
5
6
7
16
0
0
0
0
None
7
2
-0.3746
0
0
0.927183
0
0
0
-0.29237
0
0
0.956304
0
0
0
3
0.052335
0
0
0.998629
0
0
0
-0.16504
0
0
0.986285
0
0
0
-0.07845
0
0
0.996917
0
0
0
3
-0.3746
0
0
0.927183
0
0
0
-0.3746
0
0
0.927183
0
0
0
-0.3746
0
0
0.927183
0
0
0
3
0.182235
0
0
0.983254
0
-0.12
-0.28
-0.07845
0
0
0.996917
0
-0.06
0.22
-0.25037
0
0
0.968147
0
-0.18
0.34
2
-0.3746
0
0
0.927183
0
0.14
0.22
-0.41469
0
0
0.909961
0
0.14
0.22
2
-0.99996
0
0
0.008726
0
-0.32
-0.48
-0.99996
0
0
0.008726
0
-0.34
-0.48
2
-0.3746
0
0
0.927183
0
0
0
-0.3746
0
0
0.927183
0
0
0
neck
False
False
False
True
False
0.06323
0.10113
0.12763
0
0
0
0
1
2
0
0
0
0
None
7
2
-0.1478
0
0
0.989015
0
0.275967
0.999994
-0.1478
0
0
0.989015
0
0.275967
0.999994
3
-0.1478
0
0
0.989015
0
0.275967
0.999994
-0.1478
0
0
0.989015
0
0.275967
0.999994
-0.1478
0
0
0.989015
0
0.275967
0.999994
3
-0.1478
0
0
0.989015
0
0.275967
0.999994
-0.1478
0
0
0.989015
0
0.275967
0.999994
-0.1478
0
0
0.989015
0
0.275967
0.999994
3
-0.1478
0
0
0.989015
0
0.275967
0.999994
-0.1478
0
0
0.989015
0
0.275967
0.999994
-0.1478
0
0
0.989015
0
0.275967
0.999994
2
-0.1478
0
0
0.989015
0
0.275967
0.999994
-0.1478
0
0
0.989015
0
0.275967
0.999994
2
0.199367
0
0
0.979924
0
-0.21892
0.999997
0.199367
0
0
0.979924
0
-0.21892
0.999997
2
-0.1478
0
0
0.989015
0
0.275967
0.999994
-0.1478
0
0
0.989015
0
0.275967
0.999994
head
False
False
False
False
False
0.14973
0.15973
0.10253
0
0
0
1
4
3
4
12
15
0
0
0
0
None
7
2
-0.12001
0.021162
0.172353
0.977467
0
0
0.999998
-0.12175
-0.00531
-0.04329
0.991601
0
0
0.999998
3
-0.12001
0.021162
0.172353
0.977467
0
0
0.999998
-0.12186
0
0
0.992546
0
0
0.999998
-0.12082
0.015907
0.129553
0.984054
0
0
0.999998
3
-0.12001
0.021162
0.172353
0.977467
0
0
0.999998
-0.12001
0.021162
0.172353
0.977467
0
0
0.999998
-0.12001
0.021162
0.172353
0.977467
0
0
0.999998
3
0.536365
0.126998
0.118427
0.825928
0
0
0.999998
0.221533
0.078834
0.154721
0.959567
0
0
0.999998
0.221533
0.078834
0.154721
0.959567
0
0
0.999998
2
0.102677
0.002691
-0.00639
0.99469
0
-0.50421
1.000012
0.102677
0.002691
-0.00639
0.99469
0
-0.50421
1.000012
2
-0.96271
-0.04288
-0.00794
0.266984
0
0
0.999998
-0.96271
-0.04288
-0.00794
0.266984
0
0
0.999998
2
-0.12001
0.021162
0.172353
0.977467
0
0
0.999998
-0.12001
0.021162
0.172353
0.977467
0
0
0.999998
snout
False
False
False
True
False
0.064629
0.04393
0.02533
0
0
0.02
2
2
13
14
0
-18
17
0
None
7
2
0.017388
-0.00233
0
0.999845
0.026199
-0.64406
1.000006
0.017388
-0.00233
0
0.999845
0.026199
-0.64406
1.000006
3
0.017388
-0.00233
0
0.999845
0.026199
-0.64406
1.000006
0.017388
-0.00233
0
0.999845
0.026199
-0.64406
1.000006
0.017388
-0.00233
0
0.999845
0.026199
-0.64406
1.000006
3
0.017388
-0.00233
0
0.999845
0.026199
-0.64406
1.000006
0.017388
-0.00233
0
0.999845
0.026199
-0.64406
1.000006
0.017388
-0.00233
0
0.999845
0.026199
-0.64406
1.000006
3
0.017388
-0.00233
0
0.999845
0.026199
-0.64406
1.000006
0.017388
-0.00233
0
0.999845
0.026199
-0.64406
1.000006
0.017388
-0.00233
0
0.999845
0.026199
-0.64406
1.000006
2
0.017388
-0.00233
0
0.999845
0.026199
-0.64406
1.000006
0.017388
-0.00233
0
0.999845
0.026199
-0.64406
1.000006
2
0.017388
-0.00233
0
0.999845
0.026199
-0.64406
1.000006
0.017388
-0.00233
0
0.999845
0.026199
-0.64406
1.000006
2
0.017388
-0.00233
0
0.999845
0.026199
-0.64406
1.000006
0.017388
-0.00233
0
0.999845
0.026199
-0.64406
1.000006
eyes
True
True
False
True
False
0.1058
0.1258
0.0465
0
0
0.01
2
0
0
0
0
0
RegularEye
7
2
0.017187
-0.05653
-0.16418
0.984657
-0.66935
-0.04302
1.000008
0.017187
-0.05653
-0.16418
0.984657
-0.66935
-0.04302
1.000008
3
0.017187
-0.05653
-0.16418
0.984657
-0.66935
-0.04302
1.000008
0.017187
-0.05653
-0.16418
0.984657
-0.66935
-0.04302
1.000008
0.017187
-0.05653
-0.16418
0.984657
-0.66935
-0.04302
1.000008
3
0.017187
-0.05653
-0.16418
0.984657
-0.66935
-0.04302
1.000008
0.017187
-0.05653
-0.16418
0.984657
-0.66935
-0.04302
1.000008
0.017187
-0.05653
-0.16418
0.984657
-0.66935
-0.04302
1.000008
3
0.017187
-0.05653
-0.16418
0.984657
-0.66935
-0.04302
1.000008
0.017187
-0.05653
-0.16418
0.984657
-0.66935
-0.04302
1.000008
0.017187
-0.05653
-0.16418
0.984657
-0.66935
-0.04302
1.000008
2
0.017187
-0.05653
-0.16418
0.984657
-0.66935
-0.04302
1.000008
0.017187
-0.05653
-0.16418
0.984657
-0.66935
-0.04302
1.000008
2
0.017187
-0.05653
-0.16418
0.984657
-0.66935
-0.04302
1.000008
0.017187
-0.05653
-0.16418
0.984657
-0.66935
-0.04302
1.000008
2
0.017187
-0.05653
-0.16418
0.984657
-0.66935
-0.04302
1.000008
0.017187
-0.05653
-0.16418
0.984657
-0.66935
-0.04302
1.000008
shoulder
False
True
True
False
False
0.05323
0.082529
0.07553
0
0
0
0
1
8
0
0
0
0
None
7
2
-0.69465
0
0
0.71934
-0.55452
-1
0.243842
-0.69465
0
0
0.71934
-0.61545
-1
0.135792
3
-0.69465
0
0
0.71934
-0.67868
-0.99999
0.639418
-0.69465
0
0
0.71934
-0.54337
-0.99999
0.420803
-0.80901
0
0
0.587785
-0.61287
-1
0.822002
3
-0.69465
0
0
0.71934
-0.61545
-1
0.135792
-0.69465
0
0
0.71934
-0.61545
-1
0.135792
-0.69465
0
0
0.71934
-0.61545
-1
0.135792
3
-0.69465
0
0
0.71934
-0.55452
-1
0.243842
-0.89879
0
0
0.438371
-0.63983
-1
0.484829
-0.89879
0
0
0.438371
-0.63983
-1
0.484829
2
-0.69465
0
0
0.71934
-0.6453
-1
0.550512
-0.69465
0
0
0.71934
-0.6453
-1
0.550512
2
-0.91354
0
0
-0.40673
-0.55452
-1
0.243842
-0.91354
0
0
-0.40673
-0.55452
-1
0.243842
2
-0.69465
0
0
0.71934
-0.61545
-1
0.135792
-0.69465
0
0
0.71934
-0.61545
-1
0.135792
hip
False
True
True
False
False
0.05463
0.10043
0.094830
0
0
0
0
1
10
0
0
0
0
None
7
2
-0.55919
0
0
0.829037
-1
-0.52083
-0.49371
-0.55919
0
0
0.829037
-1
-0.57294
-0.53715
3
-0.55919
0
0
0.829037
-0.97767
-0.99999
-0.67116
-0.7826
0
0
0.622514
-0.83792
-0.99999
-0.53233
-0.55919
0
0
0.829037
-1
-0.52083
-0.49371
3
-0.55919
0
0
0.829037
-1
-0.52083
-0.49371
-0.55919
0
0
0.829037
-1
-0.52083
-0.49371
-0.55919
0
0
0.829037
-1
-0.52083
-0.49371
3
-0.55919
0
0
0.829037
-0.81694
-0.99999
-0.40332
-0.55919
0
0
0.829037
-1
-0.52083
-0.49371
-0.55919
0
0
0.829037
-1
-0.52083
-0.49371
2
-0.99073
0.01663
-0.08555
0.10413
-1
-0.52083
-0.49371
-0.99073
0.01663
-0.08555
0.10413
-1
-0.52083
-0.49371
2
-0.97029
0
0
-0.24192
-1
-0.52083
-0.49371
-0.97029
0
0
-0.24192
-1
-0.52083
-0.49371
2
-0.55919
0
0
0.829037
-1
-0.52083
-0.49371
-0.55919
0
0
0.829037
-1
-0.52083
-0.49371
tail
False
False
False
False
False
0.06603
0.056730
0.261330
0
0
0.26
0
0
0
0
0
0
None
7
2
-0.95125
-0.08852
0.24321
0.167731
0.035805
0.37848
-0.99999
-0.94541
0.007203
-0.26499
0.18952
0.035805
0.37848
-0.99999
3
-0.97485
-0.06587
0.116966
0.17785
0.035805
0.37848
-0.99999
-0.95125
-0.08852
0.24321
0.167731
0.035805
0.37848
-0.99999
-0.95899
0.017818
-0.17482
0.222368
0.035805
0.37848
-0.99999
3
-0.95125
-0.08852
0.24321
0.167731
0.035805
0.37848
-0.99999
-0.95125
-0.08852
0.24321
0.167731
0.035805
0.37848
-0.99999
-0.95125
-0.08852
0.24321
0.167731
0.035805
0.37848
-0.99999
3
-0.73994
0.044943
0.254887
0.620885
0.035805
0.37848
-0.99999
-0.95125
-0.08852
0.24321
0.167731
0.035805
0.37848
-0.99999
-0.95125
-0.08852
0.24321
0.167731
0.035805
0.37848
-0.99999
2
-0.95125
-0.08852
0.24321
0.167731
0.035805
0.37848
-0.99999
-0.95125
-0.08852
0.24321
0.167731
0.035805
0.37848
-0.99999
2
0.019159
0.086423
0.02838
-0.99566
0.035805
0.37848
-0.99999
0.019159
0.086423
0.02838
-0.99566
0.035805
0.37848
-0.99999
2
-0.95125
-0.08852
0.24321
0.167731
0.035805
0.37848
-0.99999
-0.95125
-0.08852
0.24321
0.167731
0.035805
0.37848
-0.99999
arm
False
False
True
False
False
0.046029
0.04603
0.080430
0
0
-0.06
5
1
9
0
0
0
0
None
7
2
-0.7364
0.002827
0.060865
0.673796
-0.06725
-0.30615
-1
-0.7364
0.002827
0.060865
0.673796
-0.08826
-0.18321
-1
3
-0.81804
-0.00514
0.060713
0.571912
-0.07832
-0.42932
-1
-0.53691
0.018484
0.058059
0.841431
-0.05846
0.281944
-0.99998
-0.93819
-0.02067
0.057314
0.340698
-0.90478
-0.08512
-1.00001
3
-0.7364
0.002827
0.060865
0.673796
-0.08826
-0.18321
-1
-0.7364
0.002827
0.060865
0.673796
-0.08826
-0.18321
-1
-0.7364
0.002827
0.060865
0.673796
-0.08826
-0.18321
-1
3
-0.90493
-0.0156
0.058898
0.42117
-0.06725
-0.30615
-1
-0.97464
-0.02798
0.054124
0.215323
-0.08826
-0.18321
-1
-0.97464
-0.02798
0.054124
0.215323
-0.08826
-0.18321
-1
2
-0.7063
0.005479
0.060683
0.705276
-0.06721
-0.1429
-0.99999
-0.7063
0.005479
0.060683
0.705276
-0.06721
-0.1429
-0.99999
2
-0.88502
0.058161
0.018159
-0.46153
-0.06725
-0.30615
-1
-0.88502
0.058161
0.018159
-0.46153
-0.06725
-0.30615
-1
2
-0.7364
0.002827
0.060865
0.673796
-0.08826
-0.18321
-1
-0.7364
0.002827
0.060865
0.673796
-0.08826
-0.18321
-1
hand
False
False
True
False
False
0.03463
0.03743
0.06463
0
-0.02
0
8
0
0
-18
18
0
None
7
2
-0.04136
0.113095
-0.01384
0.992626
0.104454
-0.58996
-1
-0.04136
0.113095
-0.01384
0.992626
0.104454
-0.58996
-1
3
-0.12772
0.113871
-0.00393
0.985243
0.104454
-0.58996
-1
0.49845
0.087947
-0.07243
0.859398
0.104454
-0.58996
-1
-0.04136
0.113095
-0.01384
0.992626
0.104454
-0.58996
-1
3
-0.04136
0.113095
-0.01384
0.992626
0.104454
-0.58996
-1
-0.04136
0.113095
-0.01384
0.992626
0.104454
-0.58996
-1
-0.04136
0.113095
-0.01384
0.992626
0.104454
-0.58996
-1
3
-0.04136
0.113095
-0.01384
0.992626
0.104454
-0.58996
-1
-0.04136
0.113095
-0.01384
0.992626
0.104454
-0.58996
-1
-0.04136
0.113095
-0.01384
0.992626
0.104454
-0.58996
-1
2
0.13163
0.108973
-0.03326
0.984729
0.104454
-0.58996
-1
0.13163
0.108973
-0.03326
0.984729
0.104454
-0.58996
-1
2
-0.94691
0.025674
-0.111
0.300627
0.104454
-0.58996
-1
-0.94691
0.025674
-0.111
0.300627
0.104454
-0.58996
-1
2
-0.04136
0.113095
-0.01384
0.992626
0.104454
-0.58996
-1
-0.04136
0.113095
-0.01384
0.992626
0.104454
-0.58996
-1
leg
False
False
True
False
False
0.04673
0.04603
0.049030
0
0
-0.04
6
1
11
0
0
0
0
None
7
2
-0.62932
0
0
0.777146
-0.33142
0.186986
-1
-0.62932
0
0
0.777146
-0.33142
0.186986
-1
3
-0.44619
0
0
0.894934
-0.17654
0.418648
-0.99999
-0.80901
0
0
0.587785
-0.31253
0.210966
-0.99999
-0.62932
0
0
0.777146
-0.33142
0.186986
-1
3
-0.62932
0
0
0.777146
-0.33142
0.186986
-1
-0.62932
0
0
0.777146
-0.33142
0.186986
-1
-0.62932
0
0
0.777146
-0.33142
0.186986
-1
3
-0.62932
0
0
0.777146
-0.33142
0.186986
-1
-0.62932
0
0
0.777146
-0.33142
0.186986
-1
-0.62932
0
0
0.777146
-0.33142
0.186986
-1
2
-0.98959
0.041416
-0.12378
0.060526
-0.33161
0.388562
-1
-0.98959
0.041416
-0.12378
0.060526
-0.33161
0.388562
-1
2
-0.94551
0
0
-0.32556
-0.33142
0.186986
-1
-0.94551
0
0
-0.32556
-0.33142
0.186986
-1
2
-0.62932
0
0
0.777146
-0.33142
0.186986
-1
-0.62932
0
0
0.777146
-0.33142
0.186986
-1
foot
False
False
True
False
False
0.04533
0.02743
0.063229
0
0
0
10
0
0
-18
18
0
None
7
2
0
-0.06975
0
0.997564
-0.33835
-0.82525
-1
0
-0.06975
0
0.997564
-0.33835
-0.82525
-1
3
0.381751
-0.06444
0.026694
0.921629
-0.33854
-0.65147
-0.99999
-0.08694
-0.06949
-0.00607
0.993768
-0.33835
-0.82525
-1
0
-0.06975
0
0.997564
-0.33835
-0.82525
-1
3
0
-0.06975
0
0.997564
-0.33835
-0.82525
-1
0
-0.06975
0
0.997564
-0.33835
-0.82525
-1
0
-0.06975
0
0.997564
-0.33835
-0.82525
-1
3
0
-0.06975
0
0.997564
-0.33835
-0.82525
-1
0
-0.06975
0
0.997564
-0.33835
-0.82525
-1
0
-0.06975
0
0.997564
-0.33835
-0.82525
-1
2
-0.64122
-0.05343
-0.04483
0.764178
-0.33791
-0.53133
-1
-0.64122
-0.05343
-0.04483
0.764178
-0.33791
-0.53133
-1
2
-0.9374
-0.02385
0.065549
0.341187
-0.33835
-0.82525
-1
-0.9374
-0.02385
0.065549
0.341187
-0.33835
-0.82525
-1
2
0
-0.06975
0
0.997564
-0.33835
-0.82525
-1
0
-0.06975
0
0.997564
-0.33835
-0.82525
-1
ear
False
True
False
True
True
0.09463
0.05603
0.03953
0
0
0
2
0
0
-6
5
0
None
7
2
0.120769
-0.1072
-0.43818
0.884258
-0.75161
0.999995
-0.3097
0.120769
-0.1072
-0.43818
0.884258
-0.75161
0.999995
-0.3097
3
0.120769
-0.1072
-0.43818
0.884258
-0.75161
0.999995
-0.3097
0.120769
-0.1072
-0.43818
0.884258
-0.75161
0.999995
-0.3097
0.120769
-0.1072
-0.43818
0.884258
-0.75161
0.999995
-0.3097
3
0.120769
-0.1072
-0.43818
0.884258
-0.75161
0.999995
-0.3097
0.120769
-0.1072
-0.43818
0.884258
-0.75161
0.999995
-0.3097
0.120769
-0.1072
-0.43818
0.884258
-0.75161
0.999995
-0.3097
3
0.120769
-0.1072
-0.43818
0.884258
-0.75161
0.999995
-0.3097
0.120769
-0.1072
-0.43818
0.884258
-0.75161
0.999995
-0.3097
0.120769
-0.1072
-0.43818
0.884258
-0.75161
0.999995
-0.3097
2
0.120769
-0.1072
-0.43818
0.884258
-0.75161
0.999995
-0.3097
0.120769
-0.1072
-0.43818
0.884258
-0.75161
0.999995
-0.3097
2
0.120769
-0.1072
-0.43818
0.884258
-0.75161
0.999995
-0.3097
0.120769
-0.1072
-0.43818
0.884258
-0.75161
0.999995
-0.3097
2
0.120769
-0.1072
-0.43818
0.884258
-0.75161
0.999995
-0.3097
0.120769
-0.1072
-0.43818
0.884258
-0.75161
0.999995
-0.3097
mouth
True
False
False
True
False
0.0637
0.0544
0.0465
0
0
0.01
3
0
0
-18
18
0
CuteMouth
7
2
0
0
0
1
-0.0311
-0.27644
1.000007
0
0
0
1
-0.0311
-0.27644
1.000007
3
0
0
0
1
-0.0311
-0.27644
1.000007
0
0
0
1
-0.0311
-0.27644
1.000007
0
0
0
1
-0.0311
-0.27644
1.000007
3
0
0
0
1
-0.0311
-0.27644
1.000007
0
0
0
1
-0.0311
-0.27644
1.000007
0
0
0
1
-0.0311
-0.27644
1.000007
3
0
0
0
1
-0.0311
-0.27644
1.000007
0
0
0
1
-0.0311
-0.27644
1.000007
0
0
0
1
-0.0311
-0.27644
1.000007
2
0
0
0
1
-0.0311
-0.27644
1.000007
0
0
0
1
-0.0311
-0.27644
1.000007
2
0
0
0
1
-0.0311
-0.27644
1.000007
0
0
0
1
-0.0311
-0.27644
1.000007
2
0
0
0
1
-0.0311
-0.27644
1.000007
0
0
0
1
-0.0311
-0.27644
1.000007
snouttip
False
False
False
True
False
0.021
0.021
0.021
0
0
0
3
0
0
0
-2
0
None
7
2
0
0
0
1
0
0.709606
1.000003
0
0
0
1
0
0.709606
1.000003
3
0
0
0
1
0
0.709606
1.000003
0
0
0
1
0
0.709606
1.000003
0
0
0
1
0
0.709606
1.000003
3
0
0
0
1
0
0.709606
1.000003
0
0
0
1
0
0.709606
1.000003
0
0
0
1
0
0.709606
1.000003
3
0
0
0
1
0
0.709606
1.000003
0
0
0
1
0
0.709606
1.000003
0
0
0
1
0
0.709606
1.000003
2
0
0
0
1
0
0.709606
1.000003
0
0
0
1
0
0.709606
1.000003
2
0
0
0
1
0
0.709606
1.000003
0
0
0
1
0
0.709606
1.000003
2
0
0
0
1
0
0.709606
1.000003
0
0
0
1
0
0.709606
1.000003
sideburns
False
True
False
True
False
0.061
0.071
-0.039
-0.02
0
0
2
0
0
-6
5
0
None
7
2
0
-0.34202
0
0.939692
-0.99999
-0.32809
0.343905
0
-0.34202
0
0.939692
-0.99999
-0.32809
0.343905
3
0
-0.34202
0
0.939692
-0.99999
-0.32809
0.343905
0
-0.34202
0
0.939692
-0.99999
-0.32809
0.343905
0
-0.34202
0
0.939692
-0.99999
-0.32809
0.343905
3
0
-0.34202
0
0.939692
-0.99999
-0.32809
0.343905
0
-0.34202
0
0.939692
-0.99999
-0.32809
0.343905
0
-0.34202
0
0.939692
-0.99999
-0.32809
0.343905
3
0
-0.34202
0
0.939692
-0.99999
-0.32809
0.343905
0
-0.34202
0
0.939692
-0.99999
-0.32809
0.343905
0
-0.34202
0
0.939692
-0.99999
-0.32809
0.343905
2
0
-0.34202
0
0.939692
-0.99999
-0.32809
0.343905
0
-0.34202
0
0.939692
-0.99999
-0.32809
0.343905
2
0
-0.34202
0
0.939692
-0.99999
-0.32809
0.343905
0
-0.34202
0
0.939692
-0.99999
-0.32809
0.343905
2
0
-0.34202
0
0.939692
-0.99999
-0.32809
0.343905
0
-0.34202
0
0.939692
-0.99999
-0.32809
0.343905
bellytuft
False
False
False
True
False
0.061
0.021
0.101
0
0
0
0
0
0
-18
18
0
None
7
2
0
0
0
1
0
-0.99999
0.584183
0
0
0
1
0
-0.99999
0.584183
3
0
0
0
1
0
-0.99999
0.584183
0
0
0
1
0
-0.99999
0.584183
0
0
0
1
0
-0.99999
0.584183
3
0
0
0
1
0
-0.99999
0.584183
0
0
0
1
0
-0.99999
0.584183
0
0
0
1
0
-0.99999
0.584183
3
0
0
0
1
0
-0.99999
0.584183
0
0
0
1
0
-0.99999
0.584183
0
0
0
1
0
-0.99999
0.584183
2
0
0
0
1
0
-0.99999
0.584183
0
0
0
1
0
-0.99999
0.584183
2
0
0
0
1
0
-0.99999
0.584183
0
0
0
1
0
-0.99999
0.584183
2
0
0
0
1
0
-0.99999
0.584183
0
0
0
1
0
-0.99999
0.584183
