30
0.361633
0.482353
0.513725
0.376470
perk_vampire
false
0.251135
stalking
lizard
dragão de Komodo
perseguindo
lagarto
Дракон Комодо
преследование
ящерица
komodo naga
pemburu
kadal
dragón komodo
depredadoro
lagarto
มังกรโคโมโด
กินสัตว์อื่น
จิ้งจก
perseguindo
преследование
depredadora
M
F
M
преследование
false
Scales
Venom
Sharp Tooth
Uncooked Meat
Bones
17
torso
False
False
False
False
False
0.211
0.131
0.390999
0
0
0
-1
4
1
6
7
8
0
0
0
0
None
7
2
0
0
0
1
0
0
0
-0.08715
0
0
0.996194
0
0
0
3
0.043619
0
0
0.999048
0
0
0
-0.04361
0
0
0.999048
0
0
0
-0.04361
0
0
0.999048
0
0
0
3
0
0.052335
0
0.998629
0
0
0
-0.03489
0
0
0.99939
0
0
0
0
-0.10452
0
0.994522
0
0
0
3
0.130526
0
0
0.991444
0
0
0
-0.17364
0
0
0.984807
0
0
0.38
0.043619
0
0
0.999048
0
0
0.38
2
-0.42261
0
0
0.906307
0
0.099999
0.36
-0.46174
0
0
0.88701
0
0.099999
0.36
2
-1
0
0
0
0
-0.28
-0.63999
-1
0
0
0
0
-0.3
-0.63999
2
-0.34202
0
0
0.939692
0
0
0
-0.25881
0
0
0.965925
0
0
0
neck
False
False
False
True
False
0.121
0.171
0.181
0
-0.02
0.06
0
1
2
0
0
-3
0
None
7
2
-0.19069
-0.03337
-0.0102
0.981029
0
-0.10699
0.999999
-0.3985
-0.03037
-0.01718
0.916501
0
-0.10699
0.999999
3
-0.14771
-0.03378
-0.00873
0.988413
0
-0.10699
0.999999
-0.31711
-0.03175
-0.01447
0.947745
0
-0.10699
0.999999
-0.19069
-0.03337
-0.0102
0.981029
0
-0.10699
0.999999
3
-0.01744
-0.03463
-0.00425
0.999238
0
-0.14996
0.999999
-0.01744
-0.03463
-0.00425
0.999238
0
-0.14996
0.999999
-0.01744
-0.03463
-0.00425
0.999238
0
-0.14996
0.999999
3
-0.19069
-0.03337
-0.0102
0.981029
0
-0.10699
0.999999
-0.19069
-0.03337
-0.0102
0.981029
0
-0.10699
0.999999
-0.19069
-0.03337
-0.0102
0.981029
0
-0.10699
0.999999
2
0.199246
-0.03473
0.003344
0.979327
0
-0.11757
0.999999
0.199246
-0.03473
0.003344
0.979327
0
-0.11757
0.999999
2
0.156339
-0.03485
0.001826
0.987086
0
-0.10699
0.999999
0.156339
-0.03485
0.001826
0.987086
0
-0.10699
0.999999
2
0.325751
0.006724
-0.00777
0.945399
0
-0.51415
1
0.069713
-0.03487
-0.00121
0.996956
0
-0.14996
0.999999
head
False
False
False
False
False
0.111
0.101
0.101
0
0
0.06
1
3
3
4
5
0
0
-3
0
None
7
2
0.069756
0
0
0.997564
0
0.410488
1.000007
0.069756
0
0
0.997564
0
0.410488
1.000007
3
0.069756
0
0
0.997564
0
0.410488
1.000007
0.069756
0
0
0.997564
0
0.410488
1.000007
0.069756
0
0
0.997564
0
0.410488
1.000007
3
0.069756
0
0
0.997564
0
0.278509
1.000003
0.069756
0
0
0.997564
0
0.278509
1.000003
0.069756
0
0
0.997564
0
0.278509
1.000003
3
0.069756
0
0
0.997564
0
0.410488
1.000007
0.069756
0
0
0.997564
0
0.410488
1.000007
0.069756
0
0
0.997564
0
0.410488
1.000007
2
0.069756
0
0
0.997564
0
-0.31145
0.999987
0.069756
0
0
0.997564
0
-0.31145
0.999987
2
-0.99756
0
0
0.069756
0
0.410488
1.000007
-0.99756
0
0
0.069756
0
0.410488
1.000007
2
0.069756
0
0
0.997564
0
0.278509
1.000003
0.069756
0
0
0.997564
0
0.278509
1.000003
snout
False
False
False
True
False
0.101
0.070999
0.081
0
0
0.079999
2
2
14
15
0
0
-1
0
None
7
2
0.034835
-0.00234
0
0.99939
0.026197
-0.08232
1.000008
0.034835
-0.00234
0
0.99939
0.026197
-0.08232
1.000008
3
0.034835
-0.00234
0
0.99939
0.026197
-0.08232
1.000008
0.034835
-0.00234
0
0.99939
0.026197
-0.08232
1.000008
0.034835
-0.00234
0
0.99939
0.026197
-0.08232
1.000008
3
0.034835
-0.00234
0
0.99939
0.026196
-0.04519
1.000002
0.034835
-0.00234
0
0.99939
0.026196
-0.04519
1.000002
0.034835
-0.00234
0
0.99939
0.026196
-0.04519
1.000002
3
0.034835
-0.00234
0
0.99939
0.026197
-0.08232
1.000008
0.034835
-0.00234
0
0.99939
0.026197
-0.08232
1.000008
0.034835
-0.00234
0
0.99939
0.026197
-0.08232
1.000008
2
0.034835
-0.00234
0
0.99939
0.026197
-0.08232
1.000008
0.034835
-0.00234
0
0.99939
0.026197
-0.08232
1.000008
2
0.034835
-0.00234
0
0.99939
0.026197
-0.08232
1.000008
0.034835
-0.00234
0
0.99939
0.026197
-0.08232
1.000008
2
0.034835
-0.00234
0
0.99939
0.026196
-0.04519
1.000002
0.034835
-0.00234
0
0.99939
0.026196
-0.04519
1.000002
hornbump
False
True
False
True
False
0.021
0.061
0.061
0.04
0
0
2
0
0
1
2
0
None
7
2
0.069756
0
0
0.997564
-0.99999
0.635836
0.695892
0.069756
0
0
0.997564
-0.99999
0.635836
0.695892
3
0.069756
0
0
0.997564
-0.99999
0.635836
0.695892
0.069756
0
0
0.997564
-0.99999
0.635836
0.695892
0.069756
0
0
0.997564
-0.99999
0.635836
0.695892
3
0.156434
0
0
0.987688
-0.66258
1.000004
0.543949
0.156434
0
0
0.987688
-0.66258
1.000004
0.543949
0.156434
0
0
0.987688
-0.66258
1.000004
0.543949
3
0.069756
0
0
0.997564
-0.99999
0.635836
0.695892
0.069756
0
0
0.997564
-0.99999
0.635836
0.695892
0.069756
0
0
0.997564
-0.99999
0.635836
0.695892
2
0.069756
0
0
0.997564
-0.99999
0.635836
0.695892
0.069756
0
0
0.997564
-0.99999
0.635836
0.695892
2
0.069756
0
0
0.997564
-0.99999
0.635836
0.695892
0.069756
0
0
0.997564
-0.99999
0.635836
0.695892
2
0.156434
0
0
0.987688
-0.66258
1.000004
0.543949
0.156434
0
0
0.987688
-0.66258
1.000004
0.543949
eyes
True
True
False
True
False
0.06
0.06
0.05
0
0
0.029999
2
0
0
0
0
0
SeriousEye
7
2
-0.05875
-0.43051
-0.14464
0.888977
-1
0.631681
0.782164
-0.05875
-0.43051
-0.14464
0.888977
-1
0.631681
0.782164
3
-0.05875
-0.43051
-0.14464
0.888977
-1
0.631681
0.782164
-0.05875
-0.43051
-0.14464
0.888977
-1
0.631681
0.782164
-0.05875
-0.43051
-0.14464
0.888977
-1
0.631681
0.782164
3
0.042495
-0.32278
-0.12341
0.937429
-0.99166
0.505565
1.000002
0.042495
-0.32278
-0.12341
0.937429
-0.99166
0.505565
1.000002
0.042495
-0.32278
-0.12341
0.937429
-0.99166
0.505565
1.000002
3
-0.05875
-0.43051
-0.14464
0.888977
-1
0.631681
0.782164
-0.05875
-0.43051
-0.14464
0.888977
-1
0.631681
0.782164
-0.05875
-0.43051
-0.14464
0.888977
-1
0.631681
0.782164
2
-0.05875
-0.43051
-0.14464
0.888977
-1
0.631681
0.782164
-0.05875
-0.43051
-0.14464
0.888977
-1
0.631681
0.782164
2
-0.05875
-0.43051
-0.14464
0.888977
-1
0.631681
0.782164
-0.05875
-0.43051
-0.14464
0.888977
-1
0.631681
0.782164
2
0.042495
-0.32278
-0.12341
0.937429
-0.99166
0.505565
1.000002
0.042495
-0.32278
-0.12341
0.937429
-0.99166
0.505565
1.000002
shoulder
False
True
True
False
False
0.081000
0.091000
0.141
0
0
-0.06
0
1
9
0
0
0
0
None
7
2
-0.47712
0.312377
-0.39942
0.717793
-1
0.026046
0.883707
-0.47712
0.312377
-0.39942
0.717793
-1
-0.39685
0.883745
3
-0.35848
0.129664
-0.43237
0.817146
-0.99999
0.084118
0.666152
-0.73219
0.49846
-0.21386
0.41194
-1
0.101598
0.883705
-0.54714
0.395255
-0.37144
0.637522
-1
0.101598
0.883705
3
-0.61334
0.337709
-0.32612
0.635139
-0.99999
-0.16971
0.636011
-0.66065
0.222288
-0.21466
0.684133
-1
-0.08412
0.636008
-0.68789
0.100112
-0.09667
0.712339
-0.99999
-0.16971
0.636011
3
-0.47712
0.312377
-0.39942
0.717793
-1
0.101598
0.883705
-0.8367
0.500158
-0.08344
0.206871
-1
0.101598
0.883705
-0.7254
0.543422
-0.19373
0.375434
-1
0.101598
0.883705
2
-0.72945
0.088054
0.146355
0.662362
-0.99999
-0.01748
0.88367
-0.72945
0.088054
0.146355
0.662362
-0.99999
-0.01748
0.88367
2
-0.71779
-0.39942
-0.31237
-0.47712
-1
0.026046
0.883707
-0.71779
-0.39942
-0.31237
-0.47712
-1
0.026046
0.883707
2
-0.53186
0.139631
0.227858
-0.80355
-0.91197
1.000001
0.516918
-0.68413
0.214661
0.222288
-0.66065
-0.99999
0.758088
0.846195
hip
False
True
True
False
False
0.061
0.091
0.141
0
0
-0.12
0
1
11
0
0
0
0
None
7
2
-0.68442
0.477031
-0.26114
0.4856
-1
0.191008
-0.7066
-0.68442
0.477031
-0.26114
0.4856
-0.99999
0.406879
-0.70661
3
-0.75694
0.54889
-0.17612
0.307793
-1
0.191008
-0.7066
-0.34992
0.282546
-0.46467
0.762754
-1
0.191008
-0.7066
-0.59674
0.408356
-0.30661
0.618973
-1
0.191008
-0.7066
3
-0.61027
0.385708
-0.34025
0.602514
-0.99999
0.191006
-0.7066
-0.59802
0.4065
-0.36134
0.588686
-1
0.386469
-0.7066
-0.65168
0.2981
-0.252
0.650331
-0.99999
0.191006
-0.7066
3
-0.68442
0.477031
-0.26114
0.4856
-1
0.191008
-0.7066
-0.40899
0.191231
-0.44246
0.77484
-1
0.191008
-0.7066
-0.50672
0.376423
-0.3925
0.668935
-1
0.191008
-0.7066
2
-0.96243
-0.0829
-0.25449
0.045517
-1
0.191008
-0.7066
-0.96243
-0.0829
-0.25449
0.045517
-1
0.191008
-0.7066
2
-0.4856
-0.26114
-0.47703
-0.68442
-1
0.191008
-0.7066
-0.4856
-0.26114
-0.47703
-0.68442
-1
0.191008
-0.7066
2
-0.65168
0.2981
-0.252
0.650331
-0.99999
0.191006
-0.7066
-0.65168
0.2981
-0.252
0.650331
-0.99999
0.191006
-0.7066
tail
False
False
False
False
False
0.111
0.121002
0.251004
0
0
0.24
0
1
13
0
0
-3
0
None
7
2
-0.99295
-0.0123
-0.1126
-0.03487
0.035806
0.009093
-0.99999
-0.99378
-0.00446
0.104974
-0.03671
0.035806
0.009093
-0.99999
3
-0.99295
-0.0123
-0.1126
-0.03487
0.035806
0.009093
-0.99999
-0.98826
-0.00286
0.148223
-0.03687
0.035806
0.009093
-0.99999
-0.99898
-0.00922
-0.02563
-0.03581
0.035806
0.009093
-0.99999
3
-0.99118
-0.00637
-0.05194
-0.1217
0.035806
0.009093
-0.99999
-0.98288
0.01696
0.138135
-0.12068
0.035806
0.009093
-0.99999
-0.98032
-0.01906
-0.15526
-0.12036
0.035806
0.009093
-0.99999
3
-0.989
-0.0269
-0.11003
0.095031
0.035806
0.009093
-0.99999
-0.99295
-0.0123
-0.1126
-0.03487
0.035806
0.009093
-0.99999
-0.99295
-0.0123
-0.1126
-0.03487
0.035806
0.009093
-0.99999
2
-0.91465
-0.05874
-0.09685
0.388033
0.035806
0.009093
-0.99999
-0.91465
-0.05874
-0.09685
0.388033
0.035806
0.009093
-0.99999
2
0.034872
-0.1126
0.012307
-0.99295
0.035806
0.009093
-0.99999
0.034872
-0.1126
0.012307
-0.99295
0.035806
0.009093
-0.99999
2
-0.98032
-0.01906
-0.15526
-0.12036
0.035806
0.009093
-0.99999
-0.98032
-0.01906
-0.15526
-0.12036
0.035806
0.009093
-0.99999
arm
False
False
True
False
False
0.061
0.070999
0.121
0
0
-0.1
6
1
10
0
1
-3
0
None
7
2
-0.70473
-0.13741
-0.10607
0.687908
-0.39739
-0.07529
-0.99999
-0.70473
-0.13741
-0.10607
0.687908
-0.39739
-0.07529
-0.99999
3
-0.61993
-0.24435
-0.17432
0.724967
-0.39739
-0.07529
-0.99999
-0.81347
-0.11691
-0.12832
0.555082
-0.39739
-0.07529
-0.99999
-0.70473
-0.13741
-0.10607
0.687908
-0.39739
-0.07529
-0.99999
3
-0.79674
0.163574
-0.40309
0.419479
0.204068
-0.53929
-1
-0.97978
0.197565
0.031269
0.003798
0.204068
-0.53929
-1
-0.94936
0.166388
0.184514
0.192304
0.204068
-0.53929
-1
3
-0.70473
-0.13741
-0.10607
0.687908
-0.39739
-0.07529
-0.99999
-0.95882
0.01563
-0.17289
-0.22475
-0.39739
-0.07529
-0.99999
-0.70473
-0.13741
-0.10607
0.687908
-0.39739
-0.07529
-0.99999
2
-0.64781
-0.21066
-0.03737
0.731133
0.052903
-0.00803
-1
-0.64781
-0.21066
-0.03737
0.731133
0.052903
-0.00803
-1
2
-0.6879
-0.10607
0.137418
-0.70473
-0.39739
-0.07529
-0.99999
-0.6879
-0.10607
0.137418
-0.70473
-0.39739
-0.07529
-0.99999
2
-0.54321
-0.04731
0.295096
-0.78459
0.346775
-0.08932
-1.00001
-0.75401
0.04361
0.295666
-0.58493
0.346775
-0.08932
-1.00001
hand
False
False
True
False
False
0.071
0.031
0.111
0
-0.02
0.06
9
0
0
1
-5
0
None
7
2
0.043725
-0.17236
0.0038
0.984054
0.028463
0.228619
-1.00001
0.043725
-0.17236
0.0038
0.984054
0.028463
0.228619
-1.00001
3
0.043725
-0.17236
0.0038
0.984054
0.028463
0.228619
-1.00001
0.043725
-0.17236
0.0038
0.984054
0.028463
0.228619
-1.00001
0.043725
-0.17236
0.0038
0.984054
0.028463
0.228619
-1.00001
3
0
-0.12186
0
0.992546
0.650761
-0.33831
-0.99998
0
-0.12186
0
0.992546
0.650761
-0.33831
-0.99998
0
0.069756
0
0.997564
0.650761
-0.33831
-0.99998
3
0.043725
-0.17236
0.0038
0.984054
0.028463
0.228619
-1.00001
-0.80958
-0.13295
-0.12174
0.558641
0.028463
0.228619
-1.00001
0.043725
-0.17236
0.0038
0.984054
0.028463
0.228619
-1.00001
2
0.043725
-0.17236
0.0038
0.984054
0.028463
0.228619
-1.00001
0.043725
-0.17236
0.0038
0.984054
0.028463
0.228619
-1.00001
2
-0.98405
0.003799
0.172369
0.043726
0.028463
0.228619
-1.00001
-0.98405
0.003799
0.172369
0.043726
0.028463
0.228619
-1.00001
2
-0.82857
0.23673
0.070558
0.502441
0.650761
-0.33831
-0.99998
-0.82857
0.23673
0.070558
0.502441
0.650761
-0.33831
-0.99998
leg
False
False
True
False
False
0.061
0.071000
0.121
0
0
-0.08
7
1
12
0
1
-3
0
None
7
2
-0.68758
0.024053
0.017567
0.725491
0.698322
-0.25496
-0.99999
-0.68758
0.024053
0.017567
0.725491
0.698322
-0.25496
-0.99999
3
-0.68758
0.024053
0.017567
0.725491
0.698322
-0.25496
-0.99999
-0.68758
0.024053
0.017567
0.725491
0.698322
-0.25496
-0.99999
-0.68758
0.024053
0.017567
0.725491
0.698322
-0.25496
-0.99999
3
-0.83501
0.326869
-0.23313
0.376232
0.999984
-0.39688
-0.98534
-0.96117
0.269227
0.022383
0.056181
0.998894
-0.44336
-0.99999
-0.88522
0.203331
0.259151
0.328443
1.000003
-0.40188
-0.98538
3
-0.68758
0.024053
0.017567
0.725491
0.698322
-0.25496
-0.99999
-0.47638
0.02778
0.010743
0.878731
0.602612
-0.22353
-0.99998
-0.68758
0.024053
0.017567
0.725491
0.698322
-0.25496
-0.99999
2
-0.99707
0.005866
0.029202
0.070361
0.698432
0.114569
-1
-0.99707
0.005866
0.029202
0.070361
0.698432
0.114569
-1
2
-0.72549
0.017567
-0.02405
-0.68758
0.698322
-0.25496
-0.99999
-0.72549
0.017567
-0.02405
-0.68758
0.698322
-0.25496
-0.99999
2
-0.92849
0.267998
-0.03408
0.254793
1.000003
-0.40188
-0.98538
-0.92849
0.267998
-0.03408
0.254793
1.000003
-0.40188
-0.98538
foot
False
False
True
False
False
0.081
0.041
0.111
0
0
0.02
11
0
0
1
-5
0
None
7
2
0
0
0
1
0.196999
-0.48483
-1
0
0
0
1
0.196999
-0.48483
-1
3
0
0
0
1
0.196999
-0.48483
-1
0
0
0
1
0.196999
-0.48483
-1
0
0
0
1
0.196999
-0.48483
-1
3
0
0
0
1
0.613026
0.088089
-1.00001
0
0
0
1
0.613026
0.088089
-1.00001
0
0.224951
0
0.97437
0.613026
0.088089
-1.00001
3
0
0
0
1
0.196999
-0.48483
-1
0.382683
0
0
0.923879
0.196999
-0.48483
-1
0.382683
0
0
0.923879
0.196999
-0.48483
-1
2
-0.67123
-0.07189
0.022754
0.737398
0.196999
-0.48483
-1
-0.67123
-0.07189
0.022754
0.737398
0.196999
-0.48483
-1
2
-1
0
0
0
0.196999
-0.48483
-1
-1
0
0
0
0.196999
-0.48483
-1
2
0
0
0
1
0.613026
0.088089
-1.00001
0
0
0
1
0.613026
0.088089
-1.00001
tailext
False
False
False
True
False
0.051
0.111
0.341002
0
0
0.32
8
0
0
0
-5
0
None
7
2
-0.00872
0
0
0.999962
0
-0.19415
1
-0.00872
0
0
0.999962
0
-0.19415
1
3
-0.00872
0
0
0.999962
0
-0.19415
1
-0.00872
0
0
0.999962
0
-0.19415
1
-0.00872
0
0
0.999962
0
-0.19415
1
3
0.121869
0
0
0.992546
0
-0.02704
1
0.121869
0
0
0.992546
0
-0.02704
1
0.121869
0
0
0.992546
0
-0.02704
1
3
0.078459
0
0
0.996917
0
-0.19415
1
0.078459
0
0
0.996917
0
-0.19415
1
0.078459
0
0
0.996917
0
-0.19415
1
2
0.414693
0
0
0.909961
0
-0.19415
1
0.414693
0
0
0.909961
0
-0.19415
1
2
-0.00872
0
0
0.999962
0
-0.19415
1
-0.00872
0
0
0.999962
0
-0.19415
1
2
0.121869
0
0
0.992546
0
-0.02704
1
0.121869
0
0
0.992546
0
-0.02704
1
snouttip
False
False
False
True
False
0.080999
0.051
0.021
0
0
0
3
0
0
1
2
0
pigSnout
7
2
-0.21643
0
0
0.976296
0
0.608432
1.000004
-0.21643
0
0
0.976296
0
0.608432
1.000004
3
-0.21643
0
0
0.976296
0
0.608432
1.000004
-0.21643
0
0
0.976296
0
0.608432
1.000004
-0.21643
0
0
0.976296
0
0.608432
1.000004
3
-0.21643
0
0
0.976296
0
0.608432
1.000004
-0.21643
0
0
0.976296
0
0.608432
1.000004
-0.21643
0
0
0.976296
0
0.608432
1.000004
3
-0.21643
0
0
0.976296
0
0.608432
1.000004
-0.21643
0
0
0.976296
0
0.608432
1.000004
-0.21643
0
0
0.976296
0
0.608432
1.000004
2
-0.21643
0
0
0.976296
0
0.608432
1.000004
-0.21643
0
0
0.976296
0
0.608432
1.000004
2
-0.21643
0
0
0.976296
0
0.608432
1.000004
-0.21643
0
0
0.976296
0
0.608432
1.000004
2
-0.21643
0
0
0.976296
0
0.608432
1.000004
-0.21643
0
0
0.976296
0
0.608432
1.000004
tongue
False
False
False
True
False
0.021
0.021
0.111
0
0
0.12
3
1
16
-25
3
5
0
None
7
2
0.216439
0
0
0.976296
0
-0.48429
1.000002
0.216439
0
0
0.976296
0
-0.48429
1.000002
3
0.216439
0
0
0.976296
0
-0.48429
1.000002
0.216439
0
0
0.976296
0
-0.48429
1.000002
0.216439
0
0
0.976296
0
-0.48429
1.000002
3
0.216439
0
0
0.976296
0
-0.48429
1.000002
0.216439
0
0
0.976296
0
-0.48429
1.000002
0.216439
0
0
0.976296
0
-0.48429
1.000002
3
0.216439
0
0
0.976296
0
-0.48429
1.000002
0.216439
0
0
0.976296
0
-0.48429
1.000002
0.216439
0
0
0.976296
0
-0.48429
1.000002
2
0.216439
0
0
0.976296
0
-0.48429
1.000002
0.216439
0
0
0.976296
0
-0.48429
1.000002
2
0.216439
0
0
0.976296
0
-0.48429
1.000002
0.216439
0
0
0.976296
0
-0.48429
1.000002
2
0.216439
0
0
0.976296
0
-0.48429
1.000002
0.216439
0
0
0.976296
0
-0.48429
1.000002
tongueext
False
True
False
True
False
0.021
0.021
0.081
0
0
0.06
15
0
-25
3
5
0
None
7
2
0
-0.34202
0
0.939692
0
0
1.00001
0
-0.34202
0
0.939692
0
0
1.00001
3
0
-0.34202
0
0.939692
0
0
1.00001
0
-0.34202
0
0.939692
0
0
1.00001
0
-0.34202
0
0.939692
0
0
1.00001
3
0
-0.34202
0
0.939692
0
0
1.00001
0
-0.34202
0
0.939692
0
0
1.00001
0
-0.34202
0
0.939692
0
0
1.00001
3
0
-0.34202
0
0.939692
0
0
1.00001
0
-0.34202
0
0.939692
0
0
1.00001
0
-0.34202
0
0.939692
0
0
1.00001
2
0
-0.34202
0
0.939692
0
0
1.00001
0
-0.34202
0
0.939692
0
0
1.00001
2
0
-0.34202
0
0.939692
0
0
1.00001
0
-0.34202
0
0.939692
0
0
1.00001
2
0
-0.34202
0
0.939692
0
0
1.00001
0
-0.34202
0
0.939692
0
0
1.00001
