30
0.247158
0.870588
0
0
perk_healing_touch
false
0.598530
lady
beetle
joaninha
mulher
besouro
божья коровка
женщина
жук
ladybug
betina
kumbang
mariquita
femenino
escarabajo
เต่าทอง
ผู้หญิง
ด้วง
mulher
женщина
femenina
M
M
M
женщина
false
Bug Meat
?
?
?
?
19
torso
False
False
False
False
False
0.171
0.061
0.191
0
0
0
-1
6
1
4
5
10
16
18
0
0
0
0
giraffeSpots
7
2
-0.06104
0
0
0.998134
0
0
0
-0.06104
0
0
0.998134
0
0
0
3
0.069756
0
0
0.997564
0
0
0
-0.1478
0
0
0.989015
0
0
0
-0.06104
0
0
0.998134
0
0
0
3
0.026176
0
0
0.999657
0
0
0
0.026176
0
0
0.999657
0
0
0
0.026176
0
0
0.999657
0
0
0
3
0.113203
0
0
0.993571
0
-0.04
-0.22
-0.1908
0
0
0.981627
0
0
0.22
0.069756
0
0
0.997564
0
0
0.22
2
-0.27563
0
0
0.961261
0
0.18
0.24
-0.3173
0
0
0.948323
0
0.18
0.24
2
-0.99984
0
0
-0.01745
0
-0.55999
-0.4
-0.99984
0
0
-0.01745
0
-0.57999
-0.4
2
0.026176
0
0
0.999657
0
0
0
0.026176
0
0
0.999657
0
0
0
neck
False
False
False
True
False
0.161
0.091
0.091
0
0
0.06
0
1
2
0
0
-22
0
giraffeSpots
7
2
0.173648
0
0
0.984807
0
-0.08964
0.999998
0.130526
0
0
0.991444
0
-0.08964
0.999998
3
0.173648
0
0
0.984807
0
-0.08964
0.999998
0.173648
0
0
0.984807
0
-0.08964
0.999998
0.173648
0
0
0.984807
0
-0.08964
0.999998
3
0.173648
0
0
0.984807
0
0.28409
1.000002
0.173648
0
0
0.984807
0
0.28409
1.000002
0.173648
0
0
0.984807
0
0.28409
1.000002
3
0.173648
0
0
0.984807
0
-0.08964
0.999998
0.173648
0
0
0.984807
0
-0.08964
0.999998
0.173648
0
0
0.984807
0
-0.08964
0.999998
2
0.258819
0
0
0.965925
0
-0.08964
0.999998
0.258819
0
0
0.965925
0
-0.08964
0.999998
2
0.173648
0
0
0.984807
0
-0.08964
0.999998
0.173648
0
0
0.984807
0
-0.08964
0.999998
2
0.173648
0
0
0.984807
0
0.28409
1.000002
0.173648
0
0
0.984807
0
0.28409
1.000002
head
False
False
False
False
False
0.090999
0.051
0.051
0
0
0
1
3
3
13
14
0
8
-19
0
None
7
2
0.113203
0
0
0.993571
0.013187
-0.32988
0.999992
0.113203
0
0
0.993571
0.013187
-0.32988
0.999992
3
0.113203
0
0
0.993571
0.013187
-0.32988
0.999992
0.113203
0
0
0.993571
0.013187
-0.32988
0.999992
0.113203
0
0
0.993571
0.013187
-0.32988
0.999992
3
0.113203
0
0
0.993571
0.013187
0.005518
1.000024
0.113203
0
0
0.993571
0.013187
0.005518
1.000024
0.113203
0
0
0.993571
0.013187
0.005518
1.000024
3
0.522498
0
0
0.85264
0.013187
-0.32988
0.999992
-0.27563
0
0
0.961261
0.013187
-0.32988
0.999992
-0.27563
0
0
0.961261
0.013187
-0.32988
0.999992
2
0.113203
0
0
0.993571
0.013187
-0.32988
0.999992
0.113203
0
0
0.993571
0.013187
-0.32988
0.999992
2
-0.98768
0
0
0.156434
0.013187
-0.32988
0.999992
-0.98768
0
0
0.156434
0.013187
-0.32988
0.999992
2
0.113203
0
0
0.993571
0.013187
0.005518
1.000024
0.113203
0
0
0.993571
0.013187
0.005518
1.000024
eyes
True
True
False
True
False
0.05
0.069999
0.05
0
0
0.009999
2
0
0
0
0
0
BlackEye
7
2
-0.02456
-0.18662
-0.05034
0.980833
-0.73001
-0.01437
0.999999
-0.02456
-0.18662
-0.05034
0.980833
-0.73001
-0.01437
0.999999
3
-0.02456
-0.18662
-0.05034
0.980833
-0.73001
-0.01437
0.999999
-0.02456
-0.18662
-0.05034
0.980833
-0.73001
-0.01437
0.999999
-0.02456
-0.18662
-0.05034
0.980833
-0.73001
-0.01437
0.999999
3
0.024167
-0.13705
-0.17195
0.975223
-0.73001
-0.01437
0.999999
0.024167
-0.13705
-0.17195
0.975223
-0.73001
-0.01437
0.999999
0.024167
-0.13705
-0.17195
0.975223
-0.73001
-0.01437
0.999999
3
-0.02456
-0.18662
-0.05034
0.980833
-0.73001
-0.01437
0.999999
-0.02456
-0.18662
-0.05034
0.980833
-0.73001
-0.01437
0.999999
-0.02456
-0.18662
-0.05034
0.980833
-0.73001
-0.01437
0.999999
2
-0.02456
-0.18662
-0.05034
0.980833
-0.73001
-0.01437
0.999999
-0.02456
-0.18662
-0.05034
0.980833
-0.73001
-0.01437
0.999999
2
-0.02456
-0.18662
-0.05034
0.980833
-0.73001
-0.01437
0.999999
-0.02456
-0.18662
-0.05034
0.980833
-0.73001
-0.01437
0.999999
2
0.024167
-0.13705
-0.17195
0.975223
-0.73001
-0.01437
0.999999
0.024167
-0.13705
-0.17195
0.975223
-0.73001
-0.01437
0.999999
shoulder
False
True
True
False
False
0.031
0.031
0.071000
0
0
-0.06
0
1
6
0
0
-22
0
None
7
2
-0.66278
0.389602
-0.19382
0.609395
-0.63876
-0.43143
0.999997
-0.66278
0.389602
-0.19382
0.609395
-0.63876
-0.43143
0.999997
3
-0.4731
0.361271
-0.3565
0.720107
-0.63876
-0.43143
0.999997
-0.55418
0.425451
-0.33709
0.631062
-0.63876
-0.43143
0.999997
-0.81535
0.429855
-0.0677
0.381889
-0.63876
-0.43143
0.999997
3
-0.45092
0.563704
-0.51856
0.458261
-0.99999
-0.85803
0.747156
-0.45092
0.563704
-0.51856
0.458261
-0.99999
-0.85803
0.747156
-0.45092
0.563704
-0.51856
0.458261
-0.99999
-0.85803
0.747156
3
-0.66278
0.389602
-0.19382
0.609395
-0.88411
0.602555
1
-0.85822
0.435014
-0.01101
0.272196
-0.63876
-0.43143
0.999997
-0.83123
0.432399
-0.04888
0.34596
-0.63876
-0.43143
0.999997
2
-0.45747
0.014181
-0.00573
0.889091
-0.63876
-0.43143
0.999997
-0.45747
0.014181
-0.00573
0.889091
-0.63876
-0.43143
0.999997
2
-0.63772
-0.17664
-0.39768
-0.63556
-0.63876
-0.43143
0.999997
-0.63772
-0.17664
-0.39768
-0.63556
-0.63876
-0.43143
0.999997
2
-0.45092
0.563704
-0.51856
0.458261
-0.99999
-0.85803
0.747156
-0.45092
0.563704
-0.51856
0.458261
-0.99999
-0.85803
0.747156
hip
False
True
True
False
False
0.051000
0.051000
0.081000
0
0
-0.04
0
1
8
0
0
-22
0
None
7
2
-0.54706
0.383645
-0.4315
0.606078
-0.99999
-0.56953
-0.73605
-0.54706
0.383645
-0.4315
0.606078
-0.99999
-0.56953
-0.73605
3
-0.55809
0.593399
-0.50888
0.278275
-0.99999
-0.56953
-0.73605
-0.48606
0.459472
-0.49922
0.550817
-0.99999
-0.56953
-0.73605
-0.34247
0.296587
-0.57386
0.68222
-1
-0.21954
-0.81251
3
0.202136
0.386557
-0.76829
0.468442
-0.90691
-0.17203
-1
0.202136
0.386557
-0.76829
0.468442
-0.90691
-0.17203
-1
0.202136
0.386557
-0.76829
0.468442
-0.90691
-0.17203
-1
3
-0.54706
0.383645
-0.4315
0.606078
-0.99999
-0.56953
-0.73605
-0.30678
0.212924
-0.5367
0.756636
-0.99999
-0.56953
-0.73605
-0.30678
0.212924
-0.5367
0.756636
-0.99999
-0.56953
-0.73605
2
-0.37426
0.615477
-0.61193
0.326577
-0.99999
-0.56953
-0.73605
-0.37426
0.615477
-0.61193
0.326577
-0.99999
-0.56953
-0.73605
2
-0.62936
-0.41436
-0.4021
-0.52011
-0.99999
-0.56953
-0.73605
-0.62936
-0.41436
-0.4021
-0.52011
-0.99999
-0.56953
-0.73605
2
0.202136
0.386557
-0.76829
0.468442
-0.90691
-0.17203
-1
0.202136
0.386557
-0.76829
0.468442
-0.90691
-0.17203
-1
arm
False
False
True
False
False
0.021
0.021
0.091000
0
0
-0.06
4
1
7
0
0
-25
0
None
7
2
-0.8753
-0.08083
-0.16513
0.447255
0.189457
-0.09502
-0.99999
-0.8753
-0.08083
-0.16513
0.447255
0.189457
-0.09502
-0.99999
3
-0.6697
0.07423
-0.61285
0.412799
0.189457
-0.09502
-0.99999
-0.74547
0.096478
-0.48753
0.444143
0.189457
-0.09502
-0.99999
-0.92243
-0.09806
-0.0915
0.362097
0.189457
-0.09502
-0.99999
3
-0.75925
-0.12892
-0.14454
0.621298
0.189457
-0.09502
-0.99999
-0.75925
-0.12892
-0.14454
0.621298
0.189457
-0.09502
-0.99999
-0.75925
-0.12892
-0.14454
0.621298
0.189457
-0.09502
-0.99999
3
-0.8753
-0.08083
-0.16513
0.447255
0.189457
-0.09502
-0.99999
-0.9475
0.05197
-0.17636
-0.26159
0.189457
-0.09502
-0.99999
-0.93967
-0.05092
-0.17666
0.288466
0.189457
-0.09502
-0.99999
2
-0.75775
-0.11465
-0.14372
0.626104
0.189457
-0.09502
-0.99999
-0.75775
-0.11465
-0.14372
0.626104
0.189457
-0.09502
-0.99999
2
-0.48501
-0.1685
0.073551
-0.85496
0.189457
-0.09502
-0.99999
-0.48501
-0.1685
0.073551
-0.85496
0.189457
-0.09502
-0.99999
2
-0.75925
-0.12892
-0.14454
0.621298
0.189457
-0.09502
-0.99999
-0.75925
-0.12892
-0.14454
0.621298
0.189457
-0.09502
-0.99999
hand
False
False
True
False
False
0.031
0.021
0.070999
0
-0.02
0.04
6
0
0
8
-18
0
None
7
2
0
-0.39073
0
0.920504
0.147063
-0.57498
-0.99999
0
-0.39073
0
0.920504
0.147063
-0.57498
-0.99999
3
0
-0.71325
0
0.700909
0.147063
-0.57498
-0.99999
0
-0.39073
0
0.920504
0.147063
-0.57498
-0.99999
0
-0.39073
0
0.920504
0.147063
-0.57498
-0.99999
3
0
-0.13917
0
0.990268
0.147063
-0.57498
-0.99999
0
-0.13917
0
0.990268
0.147063
-0.57498
-0.99999
0
-0.13917
0
0.990268
0.147063
-0.57498
-0.99999
3
0
-0.39073
0
0.920504
0.147063
-0.57498
-0.99999
-0.31483
-0.36716
-0.13363
0.864991
0.147063
-0.57498
-0.99999
-0.08022
-0.38924
-0.03405
0.917002
0.147063
-0.57498
-0.99999
2
0
-0.39073
0
0.920504
0.147063
-0.57498
-0.99999
0
-0.39073
0
0.920504
0.147063
-0.57498
-0.99999
2
-0.91962
-0.01704
0.390359
0.040152
0.147063
-0.57498
-0.99999
-0.91962
-0.01704
0.390359
0.040152
0.147063
-0.57498
-0.99999
2
0
-0.13917
0
0.990268
0.147063
-0.57498
-0.99999
0
-0.13917
0
0.990268
0.147063
-0.57498
-0.99999
leg
False
False
True
False
False
0.021
0.021
0.070999
0
0
-0.06
5
1
9
0
0
-25
0
None
7
2
-0.38071
0.129026
-0.18426
0.896912
0.560646
-0.17298
-1.00001
-0.38071
0.129026
-0.18426
0.896912
0.560646
-0.17298
-1.00001
3
-0.69105
0.289894
-0.26981
0.604652
0.560646
-0.17298
-1.00001
-0.38071
0.129026
-0.18426
0.896912
0.560646
-0.17298
-1.00001
-0.30109
0.112475
-0.19481
0.926681
0.560646
-0.17298
-1.00001
3
-0.6328
0.178465
-0.13694
0.740916
-0.2932
0.159393
-0.99999
-0.6328
0.178465
-0.13694
0.740916
-0.2932
0.159393
-0.99999
-0.6328
0.178465
-0.13694
0.740916
-0.2932
0.159393
-0.99999
3
-0.38071
0.129026
-0.18426
0.896912
0.560646
-0.17298
-1.00001
-0.38071
0.129026
-0.18426
0.896912
0.560646
-0.17298
-1.00001
-0.38071
0.129026
-0.18426
0.896912
0.560646
-0.17298
-1.00001
2
-0.73262
0.078638
0.014971
0.675904
0.560646
-0.17298
-1.00001
-0.73262
0.078638
0.014971
0.675904
0.560646
-0.17298
-1.00001
2
-0.91266
-0.17846
-0.13694
-0.34123
0.560646
-0.17298
-1.00001
-0.91266
-0.17846
-0.13694
-0.34123
0.560646
-0.17298
-1.00001
2
-0.6328
0.178465
-0.13694
0.740916
-0.2932
0.159393
-0.99999
-0.6328
0.178465
-0.13694
0.740916
-0.2932
0.159393
-0.99999
foot
False
False
True
False
False
0.011
0.021
0.071
0
0
0.06
8
0
0
8
-18
0
None
7
2
-0.01513
-0.90285
0.085831
0.42101
0.13029
-0.13534
-1
-0.01513
-0.90285
0.085831
0.42101
0.13029
-0.13534
-1
3
-0.05402
-0.50106
0.018776
0.863515
0.13029
-0.13534
-1
-0.01513
-0.90285
0.085831
0.42101
0.13029
-0.13534
-1
-0.01513
-0.90285
0.085831
0.42101
0.13029
-0.13534
-1
3
0
-0.99144
0
0.130526
0.13029
-0.13534
-1
0
-0.99144
0
0.130526
0.13029
-0.13534
-1
0
-0.99144
0
0.130526
0.13029
-0.13534
-1
3
-0.01513
-0.90285
0.085831
0.42101
0.13029
-0.13534
-1
-0.01513
-0.90285
0.085831
0.42101
0.13029
-0.13534
-1
-0.01513
-0.90285
0.085831
0.42101
0.13029
-0.13534
-1
2
-0.01513
-0.90285
0.085831
0.42101
0.13029
-0.13534
-1
-0.01513
-0.90285
0.085831
0.42101
0.13029
-0.13534
-1
2
-0.42126
0.046367
0.905743
0.003244
0.13029
-0.13534
-1
-0.42126
0.046367
0.905743
0.003244
0.13029
-0.13534
-1
2
0
-0.99144
0
0.130526
0.13029
-0.13534
-1
0
-0.99144
0
0.130526
0.13029
-0.13534
-1
extrahip
False
True
True
False
False
0.031
0.031
0.041
0
0
-0.04
0
1
11
0
0
-22
0
None
7
2
-0.21877
0.757189
0.235557
0.568607
-0.99999
-0.5897
0.143494
-0.21877
0.757189
0.235557
0.568607
-0.99999
-0.5897
0.143494
3
-0.21877
0.757189
0.235557
0.568607
-0.99999
-0.5897
0.143494
-0.0111
0.79209
-0.03762
0.609142
-0.99999
-0.5897
0.143494
-0.21877
0.757189
0.235557
0.568607
-0.99999
-0.5897
0.143494
3
0.118062
0.647982
-0.10263
0.745417
-0.99999
-0.98197
0.018788
0.118062
0.647982
-0.10263
0.745417
-0.99999
-0.98197
0.018788
0.118062
0.647982
-0.10263
0.745417
-0.99999
-0.98197
0.018788
3
-0.21877
0.757189
0.235557
0.568607
-0.99999
-0.5897
0.143494
-0.21877
0.757189
0.235557
0.568607
-0.99999
-0.5897
0.143494
-0.21877
0.757189
0.235557
0.568607
-0.99999
-0.5897
0.143494
2
-0.09052
0.790224
0.066087
0.602481
-0.99999
-0.5897
0.143494
-0.09052
0.790224
0.066087
0.602481
-0.99999
-0.5897
0.143494
2
-0.5776
0.268361
-0.74619
-0.19376
-0.99999
-0.5897
0.143494
-0.5776
0.268361
-0.74619
-0.19376
-0.99999
-0.5897
0.143494
2
0.118062
0.647982
-0.10263
0.745417
-0.99999
-0.98197
0.018788
0.118062
0.647982
-0.10263
0.745417
-0.99999
-0.98197
0.018788
extraleg
False
False
True
False
False
0.021
0.021
0.051
0
0.02
-0.04
10
1
12
0
0
-25
0
None
7
2
-0.48669
0.354648
0.442325
0.664606
-0.17391
-0.10917
-0.99998
-0.48669
0.354648
0.442325
0.664606
-0.17391
-0.10917
-0.99998
3
-0.48669
0.354648
0.442325
0.664606
-0.17391
-0.10917
-0.99998
-0.16022
0.508355
0.251001
0.808023
-0.17391
-0.10917
-0.99998
-0.48669
0.354648
0.442325
0.664606
-0.17391
-0.10917
-0.99998
3
-0.43968
0.528628
0.412948
0.597244
-0.16136
1.000006
-0.92774
-0.43968
0.528628
0.412948
0.597244
-0.16136
1.000006
-0.92774
-0.43968
0.528628
0.412948
0.597244
-0.16136
1.000006
-0.92774
3
-0.48669
0.354648
0.442325
0.664606
-0.17391
-0.10917
-0.99998
-0.48669
0.354648
0.442325
0.664606
-0.17391
-0.10917
-0.99998
-0.48669
0.354648
0.442325
0.664606
-0.17391
-0.10917
-0.99998
2
-0.48669
0.354648
0.442325
0.664606
-0.17391
-0.10917
-0.99998
-0.48669
0.354648
0.442325
0.664606
-0.17391
-0.10917
-0.99998
2
-0.6852
0.457373
-0.33501
-0.45724
-0.17391
-0.10917
-0.99998
-0.6852
0.457373
-0.33501
-0.45724
-0.17391
-0.10917
-0.99998
2
-0.43968
0.528628
0.412948
0.597244
-0.16136
1.000006
-0.92774
-0.43968
0.528628
0.412948
0.597244
-0.16136
1.000006
-0.92774
extrafoot
False
False
True
False
False
0.021
0.021
0.041000
0
-0.02
0.02
11
0
0
8
-18
0
None
7
2
0.507294
-0.52572
0.425316
0.534199
-0.0146
0.972134
-1.00001
0.507294
-0.52572
0.425316
0.534199
-0.0146
0.972134
-1.00001
3
0.507294
-0.52572
0.425316
0.534199
-0.0146
0.972134
-1.00001
0.507294
-0.52572
0.425316
0.534199
-0.0146
0.972134
-1.00001
0.507294
-0.52572
0.425316
0.534199
-0.0146
0.972134
-1.00001
3
0
-0.96592
0
0.258819
-0.01457
-0.31209
-1
0
-0.96592
0
0.258819
-0.01457
-0.31209
-1
0
-0.96592
0
0.258819
-0.01457
-0.31209
-1
3
0.507294
-0.52572
0.425316
0.534199
-0.0146
0.972134
-1.00001
0.507294
-0.52572
0.425316
0.534199
-0.0146
0.972134
-1.00001
0.507294
-0.52572
0.425316
0.534199
-0.0146
0.972134
-1.00001
2
0.507294
-0.52572
0.425316
0.534199
-0.0146
0.972134
-1.00001
0.507294
-0.52572
0.425316
0.534199
-0.0146
0.972134
-1.00001
2
-0.51156
0.401979
0.543779
0.530112
-0.0146
0.972134
-1.00001
-0.51156
0.401979
0.543779
0.530112
-0.0146
0.972134
-1.00001
2
0
-0.96592
0
0.258819
-0.01457
-0.31209
-1
0
-0.96592
0
0.258819
-0.01457
-0.31209
-1
chomper
False
True
False
True
False
0.021
0.031
0.021
0
-0.02
0
2
0
0
-12
-13
0
None
7
2
0
0
0.156434
0.987688
-0.53399
-1.00001
0.272914
0
0
0.156434
0.987688
-0.53399
-1.00001
0.272914
3
0
0
0.156434
0.987688
-0.53399
-1.00001
0.272914
0
0
0.156434
0.987688
-0.53399
-1.00001
0.272914
0
0
0.156434
0.987688
-0.53399
-1.00001
0.272914
3
0
0
0.156434
0.987688
-0.53399
-1.00001
0.272914
0
0
0.156434
0.987688
-0.53399
-1.00001
0.272914
0
0
0.156434
0.987688
-0.53399
-1.00001
0.272914
3
0
0
0.156434
0.987688
-0.53399
-1.00001
0.272914
0
0
0.156434
0.987688
-0.53399
-1.00001
0.272914
0
0
0.156434
0.987688
-0.53399
-1.00001
0.272914
2
0
0
0.156434
0.987688
-0.53399
-1.00001
0.272914
0
0
0.156434
0.987688
-0.53399
-1.00001
0.272914
2
0
0
0.156434
0.987688
-0.53399
-1.00001
0.272914
0
0
0.156434
0.987688
-0.53399
-1.00001
0.272914
2
0
0
0.156434
0.987688
-0.53399
-1.00001
0.272914
0
0
0.156434
0.987688
-0.53399
-1.00001
0.272914
waspantler
False
True
False
True
True
0.011
0.011
0.041
0
0
0.02
2
1
15
0
-9
-8
0
None
7
2
-0.56048
-0.15409
0.067316
0.810914
-0.40656
1.000008
0.924804
-0.55248
-0.22418
0.115909
0.794398
-0.50439
1.000009
0.884098
3
-0.56048
-0.15409
0.067316
0.810914
-0.40656
1.000008
0.924804
-0.56048
-0.15409
0.067316
0.810914
-0.40656
1.000008
0.924804
-0.56048
-0.15409
0.067316
0.810914
-0.40656
1.000008
0.924804
3
-0.69278
-0.16344
0.039535
0.701268
-0.40656
0.999993
0.924798
-0.69278
-0.16344
0.039535
0.701268
-0.40656
0.999993
0.924798
-0.69278
-0.16344
0.039535
0.701268
-0.40656
0.999993
0.924798
3
-0.56048
-0.15409
0.067316
0.810914
-0.40656
1.000008
0.924804
-0.56048
-0.15409
0.067316
0.810914
-0.40656
1.000008
0.924804
-0.56048
-0.15409
0.067316
0.810914
-0.40656
1.000008
0.924804
2
-0.56048
-0.15409
0.067316
0.810914
-0.40656
1.000008
0.924804
-0.56048
-0.15409
0.067316
0.810914
-0.40656
1.000008
0.924804
2
-0.56048
-0.15409
0.067316
0.810914
-0.40656
1.000008
0.924804
-0.56048
-0.15409
0.067316
0.810914
-0.40656
1.000008
0.924804
2
-0.69278
-0.16344
0.039535
0.701268
-0.40656
0.999993
0.924798
-0.69278
-0.16344
0.039535
0.701268
-0.40656
0.999993
0.924798
waspantlerext
False
False
False
True
True
0.021
0.021
0.031
0
0
0.019999
14
0
0
-9
-12
0
None
7
2
-0.02607
0.023291
-0.08398
0.995853
0
0
1.000003
-0.02607
0.023291
-0.08398
0.995853
0
0
1.000003
3
-0.02607
0.023291
-0.08398
0.995853
0
0
1.000003
-0.02607
0.023291
-0.08398
0.995853
0
0
1.000003
-0.02607
0.023291
-0.08398
0.995853
0
0
1.000003
3
-0.15583
0.034054
-0.08022
0.983929
0
0
1.000003
-0.15583
0.034054
-0.08022
0.983929
0
0
1.000003
-0.15583
0.034054
-0.08022
0.983929
0
0
1.000003
3
-0.02607
0.023291
-0.08398
0.995853
0
0
1.000003
-0.02607
0.023291
-0.08398
0.995853
0
0
1.000003
-0.02607
0.023291
-0.08398
0.995853
0
0
1.000003
2
-0.02607
0.023291
-0.08398
0.995853
0
0
1.000003
-0.02607
0.023291
-0.08398
0.995853
0
0
1.000003
2
-0.02607
0.023291
-0.08398
0.995853
0
0
1.000003
-0.02607
0.023291
-0.08398
0.995853
0
0
1.000003
2
-0.15583
0.034054
-0.08022
0.983929
0
0
1.000003
-0.15583
0.034054
-0.08022
0.983929
0
0
1.000003
assextender
False
False
False
True
False
0.091
0.051
0.031
0
0
-0.02
0
1
17
0
0
0
0
None
7
2
0
0
0
1
-0.12002
-0.03307
-1
0
0
0
1
-0.12002
-0.03307
-1
3
0
0
0
1
-0.12002
-0.03307
-1
0
0
0
1
-0.12002
-0.03307
-1
0
0
0
1
-0.12002
-0.03307
-1
3
0
0
0
1
-0.12002
-0.03307
-1
0
0
0
1
-0.12002
-0.03307
-1
0
0
0
1
-0.12002
-0.03307
-1
3
0
0
0
1
-0.12002
-0.03307
-1
0
0
0
1
-0.12002
-0.03307
-1
0
0
0
1
-0.12002
-0.03307
-1
2
0
0
0
1
-0.12002
-0.03307
-1
0
0
0
1
-0.12002
-0.03307
-1
2
0
0
0
1
-0.12002
-0.03307
-1
0
0
0
1
-0.12002
-0.03307
-1
2
0
0
0
1
-0.12002
-0.03307
-1
0
0
0
1
-0.12002
-0.03307
-1
bigass
False
False
False
False
False
0.181
0.101
0.070998
0
0.02
-0.06
16
0
0
0
-9
0
giraffeSpots
7
2
-0.06975
0
0
0.997564
0.121453
0.990805
-1.00001
-0.06975
0
0
0.997564
0.121453
0.990805
-1.00001
3
-0.06975
0
0
0.997564
0.121453
0.990805
-1.00001
-0.06975
0
0
0.997564
0.121453
0.990805
-1.00001
-0.06975
0
0
0.997564
0.121453
0.990805
-1.00001
3
0.061048
0
0
0.998134
0.121423
-0.13816
-0.99999
0.061048
0
0
0.998134
0.121423
-0.13816
-0.99999
0.061048
0
0
0.998134
0.121423
-0.13816
-0.99999
3
-0.06975
0
0
0.997564
0.121453
0.990805
-1.00001
-0.06975
0
0
0.997564
0.121453
0.990805
-1.00001
-0.06975
0
0
0.997564
0.121453
0.990805
-1.00001
2
0.104528
0
0
0.994521
0.121453
0.990805
-1.00001
0.104528
0
0
0.994521
0.121453
0.990805
-1.00001
2
-0.99965
0
0
-0.02617
0.121453
0.990805
-1.00001
-0.99965
0
0
-0.02617
0.121453
0.990805
-1.00001
2
0.061048
0
0
0.998134
0.121423
-0.13816
-0.99999
0.061048
0
0
0.998134
0.121423
-0.13816
-0.99999
insectwing
False
True
False
True
False
0.131
0.191
0.231
0
0.099999
0
0
0
0
0
0
0
ladySpots
7
2
0.043453
0
-0.0038
0.999048
-0.76051
0.999989
-0.11792
0.043453
0
-0.0038
0.999048
-0.76051
0.999989
-0.11792
3
0.043453
0
-0.0038
0.999048
-0.76051
0.999989
-0.11792
0.043453
0
-0.0038
0.999048
-0.76051
0.999989
-0.11792
0.043453
0
-0.0038
0.999048
-0.76051
0.999989
-0.11792
3
0.043453
0
-0.0038
0.999048
-0.76051
0.999989
-0.11792
0.043453
0
-0.0038
0.999048
-0.76051
0.999989
-0.11792
0.043453
0
-0.0038
0.999048
-0.76051
0.999989
-0.11792
3
0.043453
0
-0.0038
0.999048
-0.76051
0.999989
-0.11792
0.043453
0
-0.0038
0.999048
-0.76051
0.999989
-0.11792
0.043453
0
-0.0038
0.999048
-0.76051
0.999989
-0.11792
2
0.043453
0
-0.0038
0.999048
-0.76051
0.999989
-0.11792
0.043453
0
-0.0038
0.999048
-0.76051
0.999989
-0.11792
2
0.043453
0
-0.0038
0.999048
-0.76051
0.999989
-0.11792
0.043453
0
-0.0038
0.999048
-0.76051
0.999989
-0.11792
2
0.043453
0
-0.0038
0.999048
-0.76051
0.999989
-0.11792
0.043453
0
-0.0038
0.999048
-0.76051
0.999989
-0.11792
