30
0.601922
0.701960
0.701960
0.274509
perk_rage
false
0.527846
roaring
king
leão
rugindo 
rei
лев
ревущий
король
singa
menderu
raja
león
rugiente
rey
สิงโต
คำราม
กษัตริย์
ruginda
ревущая
rugiente
M
M
M
ревущее
false
Sharp Tooth
Fur
Uncooked Meat
Bones
?
18
torso
False
False
False
False
False
0.14973
0.18693
0.47523
0
0
0
-1
4
1
5
6
7
0
0
0
0
None
7
2
0.052335
0
0
0.998629
0
0
0
0.052335
0
0
0.998629
0
0.02
0
3
0.121869
0
0
0.992546
0
0
0
-0.05233
0
0
0.998629
0
0
0
-0.05233
0
0
0.998629
0
0
0
3
0.052049
0.104385
0.00547
0.993158
0
0
0
0.052335
0
0
0.998629
0
0
0
0.052049
-0.10438
-0.00547
0.993158
0
0
0
3
0.224951
0
0
0.97437
0
-0.22
-0.26
0.224951
0
0
0.97437
0
0
0.14
0.008726
0
0
0.999962
0
0.08
0.2
2
-0.41469
0
0
0.909961
0
0
0.16
-0.45399
0
0
0.891006
0
0
0.16
2
-0.99996
0
0
0.008726
0
-0.14
-0.63999
-0.99996
0
0
0.008726
0
-0.16
-0.63999
2
-0.29237
0
0
0.956304
0
0
0
-0.41469
0
0
0.909961
0
0
0
neck
False
False
False
True
False
0.10323
0.13113
0.17763
0
0
0
0
1
2
0
0
0
0
None
7
2
-0.35836
0
0
0.93358
0
0.918821
0.999999
-0.35836
0
0
0.93358
0
0.651354
1.000001
3
-0.35836
0
0
0.93358
0
0.176455
1.000002
-0.35836
0
0
0.93358
0
0.105261
1
-0.35836
0
0
0.93358
0
0.167553
1.000002
3
-0.35836
0
0
0.93358
0
0.918821
0.999999
-0.35836
0
0
0.93358
0
0.918821
0.999999
-0.35836
0
0
0.93358
0
0.918821
0.999999
3
-0.35836
0
0
0.93358
0
0.918821
0.999999
-0.35836
0
0
0.93358
0
0.918821
0.999999
-0.35836
0
0
0.93358
0
0.918821
0.999999
2
0.113203
0
0
0.993571
0
0.03859
1.000001
0.113203
0
0
0.993571
0
0.03859
1.000001
2
0.156434
0
0
0.987688
0
0.580792
1.000005
0.156434
0
0
0.987688
0
0.580792
1.000005
2
-0.10452
0
0
0.994521
0
-0.13896
0.999999
0.156434
0
0
0.987688
0
-0.39941
0.999999
head
False
False
False
False
False
0.14973
0.14973
0.11253
0
0
0
1
5
3
4
12
13
15
0
0
0
0
None
7
2
-0.12186
0
0
0.992546
0
-0.5268
0.999998
-0.05233
0
0
0.998629
0
-0.5268
0.999998
3
-0.12186
0
0
0.992546
0
-0.5268
0.999998
-0.12186
0
0
0.992546
0
-0.5268
0.999998
-0.12186
0
0
0.992546
0
-0.5268
0.999998
3
-0.12186
0
0
0.992546
0
-0.5268
0.999998
-0.12186
0
0
0.992546
0
-0.5268
0.999998
-0.12186
0
0
0.992546
0
-0.5268
0.999998
3
0.430511
0
0
0.902585
0
-0.5268
0.999998
0.390731
0
0
0.920504
0
-0.5268
0.999998
-0.07845
0
0
0.996917
0
0.083989
1.000008
2
-0.12186
0
0
0.992546
0
-0.5268
0.999998
-0.12186
0
0
0.992546
0
-0.5268
0.999998
2
-0.98628
0
0
-0.16504
0
-0.5268
0.999998
-0.98628
0
0
-0.16504
0
-0.5268
0.999998
2
-0.12186
0
0
0.992546
0
-0.5268
0.999998
-0.12186
0
0
0.992546
0
-0.5268
0.999998
snout
False
False
False
True
False
0.084629
0.093929
0.075329
0
0
0.02
2
2
16
17
0
0
0
0
None
7
2
0.104464
-0.00238
0
0.994525
0.026198
-0.59032
1.000005
0.104464
-0.00238
0
0.994525
0.026198
-0.59032
1.000005
3
0.104464
-0.00238
0
0.994525
0.026198
-0.59032
1.000005
0.104464
-0.00238
0
0.994525
0.026198
-0.59032
1.000005
0.104464
-0.00238
0
0.994525
0.026198
-0.59032
1.000005
3
0.104464
-0.00238
0
0.994525
0.026198
-0.59032
1.000005
0.104464
-0.00238
0
0.994525
0.026198
-0.59032
1.000005
0.104464
-0.00238
0
0.994525
0.026198
-0.59032
1.000005
3
0.104464
-0.00238
0
0.994525
0.026198
-0.59032
1.000005
0.104464
-0.00238
0
0.994525
0.026198
-0.59032
1.000005
0.104464
-0.00238
0
0.994525
0.026198
-0.59032
1.000005
2
0.104464
-0.00238
0
0.994525
0.026198
-0.59032
1.000005
0.104464
-0.00238
0
0.994525
0.026198
-0.59032
1.000005
2
0.104464
-0.00238
0
0.994525
0.026198
-0.59032
1.000005
0.104464
-0.00238
0
0.994525
0.026198
-0.59032
1.000005
2
0.104464
-0.00238
0
0.994525
0.026198
-0.59032
1.000005
0.104464
-0.00238
0
0.994525
0.026198
-0.59032
1.000005
eyes
True
True
False
True
False
0.0558
0.0558
0.0465
0
0
0.01
2
0
0
0
0
0
SeriousEye
7
2
0.017187
-0.05653
-0.16418
0.984657
-0.72542
0.138916
1.000001
0.017187
-0.05653
-0.16418
0.984657
-0.72542
0.138916
1.000001
3
0.017187
-0.05653
-0.16418
0.984657
-0.72542
0.138916
1.000001
0.017187
-0.05653
-0.16418
0.984657
-0.72542
0.138916
1.000001
0.017187
-0.05653
-0.16418
0.984657
-0.72542
0.138916
1.000001
3
0.017187
-0.05653
-0.16418
0.984657
-0.72542
0.138916
1.000001
0.017187
-0.05653
-0.16418
0.984657
-0.72542
0.138916
1.000001
0.017187
-0.05653
-0.16418
0.984657
-0.72542
0.138916
1.000001
3
0.017187
-0.05653
-0.16418
0.984657
-0.72542
0.138916
1.000001
0.017187
-0.05653
-0.16418
0.984657
-0.72542
0.138916
1.000001
0.017187
-0.05653
-0.16418
0.984657
-0.72542
0.138916
1.000001
2
0.017187
-0.05653
-0.16418
0.984657
-0.72542
0.138916
1.000001
0.017187
-0.05653
-0.16418
0.984657
-0.72542
0.138916
1.000001
2
0.017187
-0.05653
-0.16418
0.984657
-0.72542
0.138916
1.000001
0.017187
-0.05653
-0.16418
0.984657
-0.72542
0.138916
1.000001
2
0.017187
-0.05653
-0.16418
0.984657
-0.72542
0.138916
1.000001
0.017187
-0.05653
-0.16418
0.984657
-0.72542
0.138916
1.000001
shoulder
False
True
True
False
False
0.10323
0.11253
0.20553
0
0
0
0
1
8
0
0
-3
0
None
7
2
-0.69465
0
0
0.71934
-1
0.006212
0.698795
-0.69465
0
0
0.71934
-1
-0.37941
0.698799
3
-0.57357
0
0
0.819152
-1
-0.2953
0.445498
-0.69465
0
0
0.71934
-1
-0.05264
0.571453
-0.78801
0
0
0.615661
-1
-0.48332
0.718786
3
-0.69201
0.062694
-0.06054
0.716602
-1
-0.28838
0.698805
-0.69465
0
0
0.71934
-1
0.141083
0.55307
-0.68948
-0.08766
0.084657
0.713978
-1
-0.40478
0.522932
3
-0.24192
0
0
0.970295
-1
0.006212
0.698795
-0.85716
0
0
0.515038
-1
0.006212
0.698795
-0.85716
0
0
0.515038
-1
0.006212
0.698795
2
-0.65695
-0.08984
0.09468
0.742548
-1
-0.81172
0.566823
-0.65695
-0.08984
0.09468
0.742548
-1
-0.81172
0.566823
2
-0.68835
0
0
-0.72537
-1
0.006212
0.698795
-0.68835
0
0
-0.72537
-1
0.006212
0.698795
2
-0.65356
0.065777
0.057179
-0.75183
-1
0.713404
0.732675
-0.4367
0.048736
0.072255
-0.89537
-0.97576
1.000004
0.441202
hip
False
True
True
False
False
0.084629
0.14043
0.21483
0
0
0
0
1
10
0
0
-3
0
None
7
2
-0.55919
0
0
0.829037
-1
-0.56489
-0.80794
-0.55919
0
0
0.829037
-1
-0.81865
-0.80794
3
-0.65605
0
0
0.754709
-1
-0.54997
-0.61558
-0.76604
0
0
0.642787
-1
-0.67543
-0.30104
-0.55919
0
0
0.829037
-1
-0.80881
-0.87017
3
-0.54486
0.186492
-0.12579
0.807789
-1
-0.89843
-0.80794
-0.55919
0
0
0.829037
-1
-0.38734
-0.88952
-0.5523
-0.12969
0.087477
0.81883
-0.99999
-0.91189
-0.86078
3
-0.55919
0
0
0.829037
-0.99206
-1
-0.80149
-0.55919
0
0
0.829037
-1
-0.56489
-0.80794
-0.55919
0
0
0.829037
-1
-0.9619
-0.80795
2
-0.99073
0.00911
-0.08667
0.10413
-0.99999
-0.72864
-0.36881
-0.99073
0.00911
-0.08667
0.10413
-0.99999
-0.72864
-0.36881
2
-0.80385
0
0
-0.59482
-1
-0.56489
-0.80794
-0.80385
0
0
-0.59482
-1
-0.56489
-0.80794
2
-0.55919
0
0
0.829037
-1
-0.56489
-0.80794
-0.55919
0
0
0.829037
-1
-0.56489
-0.80794
tail
False
False
False
False
False
0.06603
0.056730
0.261332
0
0
0.26
0
0
0
0
0
0
None
7
2
-0.93301
-0.06698
0.25
0.25
0.035806
0.657398
-1
-0.86453
0.10983
-0.21555
0.440505
0.035806
0.657398
-1
3
-0.93301
0.066987
-0.24999
0.25
0.035806
0.657398
-1
-0.93301
-0.06698
0.25
0.25
0.035806
0.657398
-1
-0.91098
0.069849
0.054297
0.402829
0.035806
0.657398
-1
3
-0.90176
0.092752
-0.34615
0.241628
0.035806
0.657398
-1
-0.93301
-0.06698
0.25
0.25
0.035806
0.657398
-1
-0.96225
0.022557
-0.08418
0.257834
0.035806
0.657398
-1
3
-0.65256
0.077828
0.24684
0.712155
0.035806
0.657398
-1
-0.76632
0.033782
0.256604
0.588018
0.035806
0.657398
-1
-0.68301
0.066987
0.25
0.683012
0.035806
0.657398
-1
2
-0.85678
-0.01128
0.258572
0.446015
0.035806
0.657398
-1
-0.85678
-0.01128
0.258572
0.446015
0.035806
0.657398
-1
2
-0.20906
0.252684
0.056018
-0.94302
0.035806
0.657398
-1
-0.20906
0.252684
0.056018
-0.94302
0.035806
0.657398
-1
2
-0.93301
-0.06698
0.25
0.25
0.035806
0.657398
-1
-0.93301
-0.06698
0.25
0.25
0.035806
0.657398
-1
arm
False
False
True
False
False
0.066029
0.066030
0.14043
0
0
-0.12
5
1
9
0
0
2
0
None
7
2
-0.72857
-0.06374
-0.05944
0.679403
-0.4436
-0.3585
-0.99999
-0.72857
-0.06374
-0.05944
0.679403
-0.4436
-0.3585
-0.99999
3
-0.5279
-0.07695
-0.04091
0.84482
-0.44356
0.06381
-0.99999
-0.50461
-0.03794
-0.11677
0.854568
-0.4436
-0.3585
-0.99999
-0.82588
-0.05365
-0.06867
0.557064
-0.4436
-0.3585
-0.99999
3
-0.70384
0.067065
-0.19736
0.679083
-0.4436
-0.3585
-0.99999
-0.58554
-0.07391
-0.04618
0.805938
-0.4436
-0.3585
-0.99999
-0.72782
-0.18075
0.067977
0.658012
-0.4436
-0.3585
-0.99999
3
-0.85835
-0.04936
-0.07182
0.505606
-0.4436
-0.3585
-0.99999
-0.97951
-0.02182
-0.08437
0.181541
-0.4436
-0.3585
-0.99999
-0.97951
-0.02182
-0.08437
0.181541
-0.4436
-0.3585
-0.99999
2
-0.73097
-0.12271
0.004285
0.671262
-0.4436
-0.3585
-0.99999
-0.73097
-0.12271
0.004285
0.671262
-0.4436
-0.3585
-0.99999
2
-0.64697
-0.0566
0.066273
-0.75751
-0.4436
-0.3585
-0.99999
-0.64697
-0.0566
0.066273
-0.75751
-0.4436
-0.3585
-0.99999
2
-0.61606
0.132941
-0.00464
-0.77637
-0.4436
-0.3585
-0.99999
-0.27206
0.124598
0.046585
-0.95304
-0.4436
-0.3585
-0.99999
hand
False
False
True
False
False
0.08463
0.04743
0.08463
0
-0.02
0
8
0
0
0
-5
0
None
7
2
0
-0.10452
0
0.994522
0.104454
-0.58996
-1
0
-0.10452
0
0.994522
0.104454
-0.58996
-1
3
0
-0.10452
0
0.994522
0.104454
-0.58996
-1
0
-0.10452
0
0.994522
0.104454
-0.58996
-1
0
-0.10452
0
0.994522
0.104454
-0.58996
-1
3
0
-0.10452
0
0.994522
0.104454
-0.58996
-1
0.13841
-0.10351
0.014547
0.984843
0.104454
-0.58996
-1
0
-0.10452
0
0.994522
0.104454
-0.58996
-1
3
0
-0.10452
0
0.994522
0.104454
-0.58996
-1
0
-0.10452
0
0.994522
0.104454
-0.58996
-1
0
-0.10452
0
0.994522
0.104454
-0.58996
-1
2
0
-0.10452
0
0.994522
0.104454
-0.58996
-1
0
-0.10452
0
0.994522
0.104454
-0.58996
-1
2
-0.99357
0.004559
0.104429
-0.04338
0.104454
-0.58996
-1
-0.99357
0.004559
0.104429
-0.04338
0.104454
-0.58996
-1
2
-0.93454
0.03575
-0.09822
-0.34014
0.104485
0.004197
-1
-0.93454
0.03575
-0.09822
-0.34014
0.104485
0.004197
-1
leg
False
False
True
False
False
0.05673
0.066030
0.15903
0
0
-0.14
6
1
11
0
0
2
0
None
7
2
-0.62932
0
0
0.777146
-0.33142
0.186986
-1
-0.62932
0
0
0.777146
-0.33142
0.186986
-1
3
-0.62932
0
0
0.777146
-0.33142
0.186986
-1
-0.81915
0
0
0.573576
-0.33141
-0.28006
-0.99999
-0.4848
0
0
0.874619
-0.33142
0.186986
-1
3
-0.61556
0.161577
-0.13084
0.760163
-0.33142
0.186986
-1
-0.46947
0
0
0.882947
-0.33142
0.186986
-1
-0.61775
-0.14828
0.12008
0.762867
-0.33142
0.186986
-1
3
-0.62932
0
0
0.777146
-0.33142
0.186986
-1
-0.62932
0
0
0.777146
-0.33142
0.186986
-1
-0.62932
0
0
0.777146
-0.33142
0.186986
-1
2
-0.99073
0.00911
-0.08667
0.10413
-0.33142
0.186986
-1
-0.99073
0.00911
-0.08667
0.10413
-0.33142
0.186986
-1
2
-0.74895
0
0
-0.66261
-0.33142
0.186986
-1
-0.74895
0
0
-0.66261
-0.33142
0.186986
-1
2
-0.62932
0
0
0.777146
-0.33142
0.186986
-1
-0.52249
0
0
0.85264
-0.33142
0.186986
-1
foot
False
False
True
False
False
0.075329
0.04743
0.10323
0
0
0
10
0
0
0
-5
0
None
7
2
0
-0.06975
0
0.997564
0.073476
-0.73625
-1
0
-0.06975
0
0.997564
0.073476
-0.73625
-1
3
0
-0.06975
0
0.997564
0.073476
-0.73625
-1
0
-0.06975
0
0.997564
0.073476
-0.73625
-1
0
-0.06975
0
0.997564
0.073476
-0.73625
-1
3
0
-0.06975
0
0.997564
0.073476
-0.73625
-1
0
-0.06975
0
0.997564
0.073476
-0.73625
-1
0
-0.06975
0
0.997564
0.073476
-0.73625
-1
3
0
-0.06975
0
0.997564
0.073476
-0.73625
-1
0
-0.06975
0
0.997564
0.073476
-0.73625
-1
0
-0.06975
0
0.997564
0.073476
-0.73625
-1
2
-0.60727
-0.05534
-0.04246
0.79142
0.073476
-0.73625
-1
-0.60727
-0.05534
-0.04246
0.79142
0.073476
-0.73625
-1
2
-0.99661
0.003042
0.06969
-0.04351
0.073476
-0.73625
-1
-0.99661
0.003042
0.06969
-0.04351
0.073476
-0.73625
-1
2
0
-0.06975
0
0.997564
0.073476
-0.73625
-1
0
-0.06975
0
0.997564
0.073476
-0.73625
-1
ear
False
True
False
True
False
0.084629
0.06603
0.01953
0
0
0
2
0
0
0
0
0
None
7
2
0.285982
-0.10708
-0.17821
0.935407
-1
0.587518
0.054015
0.285982
-0.10708
-0.17821
0.935407
-1
0.587518
0.054015
3
0.285982
-0.10708
-0.17821
0.935407
-1
0.587518
0.054015
0.285982
-0.10708
-0.17821
0.935407
-1
0.587518
0.054015
0.285982
-0.10708
-0.17821
0.935407
-1
0.587518
0.054015
3
0.285982
-0.10708
-0.17821
0.935407
-1
0.587518
0.054015
0.285982
-0.10708
-0.17821
0.935407
-1
0.587518
0.054015
0.285982
-0.10708
-0.17821
0.935407
-1
0.587518
0.054015
3
0.285982
-0.10708
-0.17821
0.935407
-1
0.587518
0.054015
0.285982
-0.10708
-0.17821
0.935407
-1
0.587518
0.054015
0.285982
-0.10708
-0.17821
0.935407
-1
0.587518
0.054015
2
0.285982
-0.10708
-0.17821
0.935407
-1
0.587518
0.054015
0.285982
-0.10708
-0.17821
0.935407
-1
0.587518
0.054015
2
0.285982
-0.10708
-0.17821
0.935407
-1
0.587518
0.054015
0.285982
-0.10708
-0.17821
0.935407
-1
0.587518
0.054015
2
0.285982
-0.10708
-0.17821
0.935407
-1
0.587518
0.054015
0.285982
-0.10708
-0.17821
0.935407
-1
0.587518
0.054015
mane
False
False
False
True
False
0.27063
0.26133
0.14043
0
0
0
2
1
14
0
5
-7
0
None
7
2
0.034899
0
0
0.99939
-0.01304
0.019888
-1
0.034899
0
0
0.99939
-0.01304
0.019888
-1
3
0.034899
0
0
0.99939
-0.01304
0.019888
-1
0.034899
0
0
0.99939
-0.01304
0.019888
-1
0.034899
0
0
0.99939
-0.01304
0.019888
-1
3
0.034899
0
0
0.99939
-0.01304
0.019888
-1
0.034899
0
0
0.99939
-0.01304
0.019888
-1
0.034899
0
0
0.99939
-0.01304
0.019888
-1
3
0.034899
0
0
0.99939
-0.01304
0.019888
-1
0.034899
0
0
0.99939
-0.01304
0.019888
-1
0.034899
0
0
0.99939
-0.01304
0.019888
-1
2
0.034899
0
0
0.99939
-0.01304
0.019888
-1
0.034899
0
0
0.99939
-0.01304
0.019888
-1
2
0.034899
0
0
0.99939
-0.01304
0.019888
-1
0.034899
0
0
0.99939
-0.01304
0.019888
-1
2
0.034899
0
0
0.99939
-0.01304
0.019888
-1
0.034899
0
0
0.99939
-0.01304
0.019888
-1
mane-ext
False
False
False
True
True
0.18693
0.07533
0.10323
0
0
0
13
0
0
5
-7
0
None
7
2
0
0
0
1
-0.01034
1.000001
0.38088
0
0
0
1
-0.01034
1.000001
0.38088
3
0
0
0
1
-0.01034
1.000001
0.38088
0
0
0
1
-0.01034
1.000001
0.38088
0
0
0
1
-0.01034
1.000001
0.38088
3
0
0
0
1
-0.01034
1.000001
0.38088
0
0
0
1
-0.01034
1.000001
0.38088
0
0
0
1
-0.01034
1.000001
0.38088
3
0
0
0
1
-0.01034
1.000001
0.38088
0
0
0
1
-0.01034
1.000001
0.38088
0
0
0
1
-0.01034
1.000001
0.38088
2
0
0
0
1
-0.01034
1.000001
0.38088
0
0
0
1
-0.01034
1.000001
0.38088
2
0
0
0
1
-0.01034
1.000001
0.38088
0
0
0
1
-0.01034
1.000001
0.38088
2
0
0
0
1
-0.01034
1.000001
0.38088
0
0
0
1
-0.01034
1.000001
0.38088
goatee
False
False
False
False
False
0.11253
0.14043
0.02883
0
-0.08
0
2
0
0
5
-7
0
None
7
2
0
0
0
1
0
-0.99999
0.445203
0
0
0
1
0
-0.99999
0.445203
3
0
0
0
1
0
-0.99999
0.445203
0
0
0
1
0
-0.99999
0.445203
0
0
0
1
0
-0.99999
0.445203
3
0
0
0
1
0
-0.99999
0.445203
0
0
0
1
0
-0.99999
0.445203
0
0
0
1
0
-0.99999
0.445203
3
0
0
0
1
0
-0.99999
0.445203
0
0
0
1
0
-0.99999
0.445203
0
0
0
1
0
-0.99999
0.445203
2
0.043619
0
0
0.999048
0
-0.99999
0.445203
0.043619
0
0
0.999048
0
-0.99999
0.445203
2
-0.99904
0
0
-0.04361
0
-0.99999
0.445203
-0.99904
0
0
-0.04361
0
-0.99999
0.445203
2
0
0
0
1
0
-0.99999
0.445203
0
0
0
1
0
-0.99999
0.445203
mouth
True
False
False
False
False
0.0837
0.0744
0.0465
0
0
0.01
3
0
0
0
0
0
ViciousMouth
7
2
0
0
0
1
-0.0311
-0.27644
1.000007
0
0
0
1
-0.0311
-0.27644
1.000007
3
0
0
0
1
-0.0311
-0.27644
1.000007
0
0
0
1
-0.0311
-0.27644
1.000007
0
0
0
1
-0.0311
-0.27644
1.000007
3
0
0
0
1
-0.0311
-0.27644
1.000007
0
0
0
1
-0.0311
-0.27644
1.000007
0
0
0
1
-0.0311
-0.27644
1.000007
3
0.422618
0
0
0.906307
-0.0311
-0.27644
1.000007
0.422618
0
0
0.906307
-0.0311
-0.27644
1.000007
0.043619
0
0
0.999048
-0.0311
-0.27644
1.000007
2
0
0
0
1
-0.0311
-0.27644
1.000007
0
0
0
1
-0.0311
-0.27644
1.000007
2
-0.99904
0
0
-0.04361
-0.0311
-0.27644
1.000007
-0.99904
0
0
-0.04361
-0.0311
-0.27644
1.000007
2
0
0
0
1
-0.0311
-0.27644
1.000007
0
0
0
1
-0.0311
-0.27644
1.000007
snouttip
False
False
False
True
False
0.061
0.031
0.021
0
0
0
3
0
0
0
-9
0
None
7
2
0
0
0
1
0
0.709606
1.000003
0
0
0
1
0
0.709606
1.000003
3
0
0
0
1
0
0.709606
1.000003
0
0
0
1
0
0.709606
1.000003
0
0
0
1
0
0.709606
1.000003
3
0
0
0
1
0
0.709606
1.000003
0
0
0
1
0
0.709606
1.000003
0
0
0
1
0
0.709606
1.000003
3
0
0
0
1
0
0.709606
1.000003
0
0
0
1
0
0.709606
1.000003
0
0
0
1
0
0.709606
1.000003
2
0
0
0
1
0
0.709606
1.000003
0
0
0
1
0
0.709606
1.000003
2
0
0
0
1
0
0.709606
1.000003
0
0
0
1
0
0.709606
1.000003
2
0
0
0
1
0
0.709606
1.000003
0
0
0
1
0
0.709606
1.000003
