30
0.377164
0.960784
0.047058
0.047058
perk_eagle_eye
false
0.819586
talking
copycat
arara
falando
imitador
ара
говорящий
подражатель
macaw
pembicaraan
peniru
guacamayo
que habla
imitador
นกแก้วมาคอว์
การพูด
เลียนแบบ
falando
говорящая
que habla
M
M
M
говорящее
false
Feathers
Uncooked Meat
Bones
?
?
12
torso
False
False
False
False
False
0.151
0.131
0.211
0
0
0
-1
4
1
5
6
7
0
0
0
0
None
7
2
-0.43837
0
0
0.898794
0
0
0
-0.47715
0
0
0.878817
0
0.02
0
3
-0.27563
0
0
0.961261
0
0
0
-0.58778
0
0
0.809016
0
0
0
-0.43837
0
0
0.898794
0
0
0
3
-0.0174
0.069745
-0.00121
0.997412
0
0
0
-0.13917
0
0
0.990268
0
0
0
-0.01732
-0.12185
0.002126
0.992395
0
0
0
3
-0.1908
0
0
0.981627
0
0.02
-0.3
-0.1478
0
0
0.989015
0
-0.02
0.28
-0.3173
0
0
0.948323
0
0
0.4
2
-0.62251
0
0
0.782608
0
0
0.18
-0.65605
0
0
0.754709
0
0
0.18
2
-0.99965
0
0
0.026176
0
-0.32
-0.49999
-0.99965
0
0
0.026176
0
-0.34
-0.49999
2
-0.27563
0
0
0.961261
0
0
0
-0.43837
0
0
0.898794
0
0
0
neck
False
False
False
True
False
0.131
0.071000
0.141
0
-0.04
0
0
1
2
6
0
0
0
None
7
2
-0.79335
0
0
0.608761
0
0
1.000005
-0.79335
0
0
0.608761
0
0.111908
1.000001
3
-0.79335
0
0
0.608761
0
0
1.000005
-0.79335
0
0
0.608761
0
0
1.000005
-0.79335
0
0
0.608761
0
0
1.000005
3
-0.7071
0
0
0.707106
0
0.882483
0.999998
-0.7071
0
0
0.707106
0
0.882483
0.999998
-0.7071
0
0
0.707106
0
0.882483
0.999998
3
-0.67559
0
0
0.737277
0
0
1.000005
-0.79335
0
0
0.608761
0
0
1.000005
-0.79335
0
0
0.608761
0
0
1.000005
2
-0.79335
0
0
0.608761
0
0
1.000005
-0.79335
0
0
0.608761
0
0
1.000005
2
-0.79335
0
0
0.608761
0
0
1.000005
-0.79335
0
0
0.608761
0
0
1.000005
2
-0.7071
0
0
0.707106
0
0.882483
0.999998
-0.53729
0
0
0.843391
0
-0.34823
0.999999
head
False
False
False
False
False
0.121
0.081
0.121
0
0
0
1
3
3
4
11
0
-30
6
0
None
7
2
0.043619
0
0
0.999048
0
-0.99997
0.109506
0.043619
0
0
0.999048
0
-0.99999
0.002374
3
0.043619
0
0
0.999048
0
-0.99997
0.109506
0.043619
0
0
0.999048
0
-0.99997
0.109506
0.043619
0
0
0.999048
0
-0.99997
0.109506
3
-0.08715
0
0
0.996194
0
-0.52036
1.000003
-0.08715
0
0
0.996194
0
-0.52036
1.000003
-0.08715
0
0
0.996194
0
-0.52036
1.000003
3
0.67559
0
0
0.737277
0
-0.99997
0.109506
0.573576
0
0
0.819151
0
-0.99997
0.109506
-0.04361
0
0
0.999048
0
-0.99997
0.109506
2
0.043619
0
0
0.999048
0
-1
-0.29932
0.043619
0
0
0.999048
0
-1
-0.29932
2
-0.76604
0
0
0.642787
0
-0.99997
0.109506
-0.76604
0
0
0.642787
0
-0.99997
0.109506
2
-0.08715
0
0
0.996194
0
-0.52036
1.000003
-0.08715
0
0
0.996194
0
-0.52036
1.000003
snout
False
False
False
True
False
0.051
0.090999
0.081
0
0
0.04
2
0
9
-22
6
0
puffinNose
7
2
-0.30076
-0.00199
-0.00139
0.953695
0.0262
-0.29521
1.000003
-0.30076
-0.00199
-0.00139
0.953695
0.0262
-0.29521
1.000003
3
-0.30076
-0.00199
-0.00139
0.953695
0.0262
-0.29521
1.000003
-0.30076
-0.00199
-0.00139
0.953695
0.0262
-0.29521
1.000003
-0.30076
-0.00199
-0.00139
0.953695
0.0262
-0.29521
1.000003
3
0.087092
-0.00237
0
0.996197
0.026198
-0.64649
0.999998
0.087092
-0.00237
0
0.996197
0.026198
-0.64649
0.999998
0.087092
-0.00237
0
0.996197
0.026198
-0.64649
0.999998
3
-0.30076
-0.00199
-0.00139
0.953695
0.0262
-0.29521
1.000003
-0.30076
-0.00199
-0.00139
0.953695
0.0262
-0.29521
1.000003
-0.30076
-0.00199
-0.00139
0.953695
0.0262
-0.29521
1.000003
2
-0.30076
-0.00199
-0.00139
0.953695
0.0262
-0.29521
1.000003
-0.30076
-0.00199
-0.00139
0.953695
0.0262
-0.29521
1.000003
2
-0.30076
-0.00199
-0.00139
0.953695
0.0262
-0.29521
1.000003
-0.30076
-0.00199
-0.00139
0.953695
0.0262
-0.29521
1.000003
2
0.087092
-0.00237
0
0.996197
0.026198
-0.64649
0.999998
0.087092
-0.00237
0
0.996197
0.026198
-0.64649
0.999998
eyes
True
True
False
True
False
0.06
0.06
0.05
0
0
0.01
2
0
0
0
0
0
DerpyEye
7
2
-0.01713
-0.19077
0.00333
0.981477
-0.99999
0.380853
0.978277
-0.01713
-0.19077
0.00333
0.981477
-0.99999
0.380853
0.978277
3
-0.01713
-0.19077
0.00333
0.981477
-0.99999
0.380853
0.978277
-0.01713
-0.19077
0.00333
0.981477
-0.99999
0.380853
0.978277
-0.01713
-0.19077
0.00333
0.981477
-0.99999
0.380853
0.978277
3
-0.01713
-0.19077
0.00333
0.981477
-0.99999
0.065221
0.97827
-0.01713
-0.19077
0.00333
0.981477
-0.99999
0.065221
0.97827
-0.01713
-0.19077
0.00333
0.981477
-0.99999
0.065221
0.97827
3
-0.01713
-0.19077
0.00333
0.981477
-0.99999
0.380853
0.978277
-0.01713
-0.19077
0.00333
0.981477
-0.99999
0.380853
0.978277
-0.01713
-0.19077
0.00333
0.981477
-0.99999
0.380853
0.978277
2
-0.01713
-0.19077
0.00333
0.981477
-0.99999
0.380853
0.978277
-0.01713
-0.19077
0.00333
0.981477
-0.99999
0.380853
0.978277
2
-0.01713
-0.19077
0.00333
0.981477
-0.99999
0.380853
0.978277
-0.01713
-0.19077
0.00333
0.981477
-0.99999
0.380853
0.978277
2
-0.01713
-0.19077
0.00333
0.981477
-0.99999
0.065221
0.97827
-0.01713
-0.19077
0.00333
0.981477
-0.99999
0.065221
0.97827
shoulder
False
True
False
False
False
0.041
0.041
0.111
-0.02
0
0
0
1
10
13
0
0
0
None
7
2
-0.97437
0
0
0.224951
-1
0.283048
0.898923
-0.93678
0.237754
-0.07589
0.245267
-1
0.283048
0.898923
3
-0.75321
0.632024
0.117138
0.1396
-1
0.283048
0.898923
-0.3487
0.896367
0.10139
-0.25426
-1
0.283048
0.898923
-0.92927
0.292998
0.067644
0.214539
-1
0.283048
0.898923
3
-0.78801
0
0
0.615661
-1
-0.12285
0.607957
-0.73063
0.230631
-0.29519
0.570831
-1
0.165835
0.607966
-0.78801
0
0
0.615661
-1
-0.12285
0.607957
3
-0.96588
0.233606
0.111424
0.008429
-1
0.283048
0.898923
-0.6946
0.135935
0.164229
-0.68707
-1
0.283048
0.898923
-0.41039
0.492151
0.319607
-0.698
-1
0.283048
0.898923
2
-0.97437
0
0
0.224951
-1
0.283048
0.898923
-0.97066
0.084921
0.019605
0.224095
-1
0.119534
0.898925
2
-0.59093
0.448473
0.009066
-0.6705
-1
0.283048
0.898923
-0.65634
0.392731
0.045671
-0.64255
-1
0.283048
0.898923
2
0.351568
0.115692
0.280422
-0.88565
-0.99999
0.319106
0.620856
0.601617
0.026012
0.302233
-0.73894
-0.99999
0.973687
0.521256
hip
False
True
True
False
False
0.061
0.061
0.081000
0
0
0.06
0
1
8
0
0
0
0
None
7
2
-0.4848
0
0
0.874619
-0.44131
-0.73233
-0.99999
-0.4848
0
0
0.874619
-0.44131
-0.53061
-0.99999
3
-0.44619
0
0
0.894934
-0.20951
-0.74017
-0.99999
-0.80901
0
0
0.587785
-0.42735
-0.99999
-0.96838
-0.4848
0
0
0.874619
-0.44131
-0.73233
-0.99999
3
-0.55502
0.101034
-0.06814
0.822858
-0.71076
-1
-0.20779
-0.55919
0
0
0.829037
-0.66801
-1
-0.24567
-0.55375
-0.11537
0.077824
0.820969
-0.45969
-1
-0.16905
3
-0.7826
0
0
0.622514
-0.44131
-0.73233
-0.99999
-0.4848
0
0
0.874619
-0.44131
-0.73233
-0.99999
-0.4848
0
0
0.874619
-0.44131
-0.73233
-0.99999
2
-0.98901
0
0
0.147809
-0.37908
-1
-0.47899
-0.98901
0
0
0.147809
-0.37908
-1
-0.47899
2
-0.98901
0
0
0.147809
-0.44131
-0.73233
-0.99999
-0.98901
0
0
0.147809
-0.44131
-0.73233
-0.99999
2
-0.55919
0
0
0.829037
-0.45969
-1
-0.16905
-0.55919
0
0
0.829037
-0.45969
-1
-0.16905
tail
False
False
False
False
False
0.091
0.041000
0.071000
0
0
0.04
0
0
0
0
0
0
None
7
2
-0.99756
0
0
0.069756
0.035806
0.624753
-1
-0.99756
0
0
0.069756
0.035806
0.624753
-1
3
-0.99756
0
0
0.069756
0.035806
0.624753
-1
-0.99756
0
0
0.069756
0.035806
0.624753
-1
-0.99756
0
0
0.069756
0.035806
0.624753
-1
3
-0.99756
0
0
0.069756
0.035806
0.624753
-1
-0.99756
0
0
0.069756
0.035806
0.624753
-1
-0.99756
0
0
0.069756
0.035806
0.624753
-1
3
-0.99756
0
0
0.069756
0.035806
0.624753
-1
-0.99756
0
0
0.069756
0.035806
0.624753
-1
-0.99756
0
0
0.069756
0.035806
0.624753
-1
2
-0.99756
0
0
0.069756
0.035806
0.624753
-1
-0.99756
0
0
0.069756
0.035806
0.624753
-1
2
-0.66262
0
0
-0.74895
0.035806
0.624753
-1
-0.66262
0
0
-0.74895
0.035806
0.624753
-1
2
-0.99756
0
0
0.069756
0.035806
0.624753
-1
-0.99756
0
0
0.069756
0.035806
0.624753
-1
leg
False
False
True
False
False
0.021
0.021
0.061000
0
0
-0.04
6
1
9
36
-15
-5
0
None
7
2
-0.7547
0
0
0.656059
-0.06999
-0.56578
-1
-0.7547
0
0
0.656059
-0.06999
-0.56578
-1
3
-0.4848
0
0
0.874619
-0.06999
-0.56578
-1
-0.87881
0
0
0.477158
-0.06999
-0.56578
-1
-0.7547
0
0
0.656059
-0.06999
-0.56578
-1
3
-0.61775
0.148286
-0.12008
0.762867
-0.33145
0.240073
-1
-0.42261
0
0
0.906307
-0.33145
0.240073
-1
-0.61556
-0.16157
0.130843
0.760163
-0.33145
0.240073
-1
3
-0.85716
0
0
0.515038
-0.06999
-0.56578
-1
-0.4848
0
0
0.874619
-0.07001
0.281496
-1.00001
-0.59482
0
0
0.803856
0.25765
0.600783
-0.99999
2
-0.98901
0
0
0.147809
-0.06998
0.022041
-1
-0.98901
0
0
0.147809
-0.06998
0.022041
-1
2
-0.97992
0
0
-0.19936
-0.06999
-0.56578
-1
-0.97992
0
0
-0.19936
-0.06999
-0.56578
-1
2
-0.62932
0
0
0.777146
-0.33145
0.240073
-1
-0.62932
0
0
0.777146
-0.33145
0.240073
-1
foot
False
False
True
False
False
0.061
0.021
0.090999
0
0
0.02
8
0
36
-15
-5
0
None
7
2
0
-0.10452
0
0.994522
-0.07331
-0.9606
-1
0
-0.10452
0
0.994522
-0.07331
-0.9606
-1
3
0.299058
-0.09969
0.031432
0.948492
-0.07331
-0.9606
-1
-0.12981
-0.10363
-0.01364
0.986013
-0.07331
-0.9606
-1
0
-0.10452
0
0.994522
-0.07331
-0.9606
-1
3
0
-0.10452
0
0.994522
-0.07331
-0.9606
-1
0.274127
-0.10047
0.028811
0.955995
-0.07331
-0.9606
-1
0
-0.10452
0
0.994522
-0.07331
-0.9606
-1
3
0
-0.10452
0
0.994522
-0.07331
-0.9606
-1
0.340146
-0.09822
0.03575
0.934544
-0.07331
-0.9606
-1
0.459219
-0.09271
0.048265
0.882151
-0.07331
-0.9606
-1
2
-0.45921
-0.09271
-0.04826
0.882151
-0.07331
-0.9606
-1
-0.45921
-0.09271
-0.04826
0.882151
-0.07331
-0.9606
-1
2
-0.789
-0.06363
0.082928
0.605426
-0.07331
-0.9606
-1
-0.789
-0.06363
0.082928
0.605426
-0.07331
-0.9606
-1
2
0
-0.10452
0
0.994522
-0.07331
-0.9606
-1
0
-0.10452
0
0.994522
-0.07331
-0.9606
-1
wing
False
False
False
True
False
0.031
0.221
0.111
0
0.18
0
5
0
59
0
0
0
None
7
2
0.181696
0.002465
-0.03583
0.982698
-0.08711
0.999992
0.1534
0.181696
0.002465
-0.03583
0.982698
-0.08711
0.999992
0.1534
3
0.181696
0.002465
-0.03583
0.982698
-0.08711
0.999992
0.1534
0.181696
0.002465
-0.03583
0.982698
-0.08711
0.999992
0.1534
0.181696
0.002465
-0.03583
0.982698
-0.08711
0.999992
0.1534
3
-0.03425
0.006659
0.190692
0.981029
-1.00003
0.106261
0.038239
-0.06823
0
0.207911
0.975764
-1.00001
0.262701
0.038213
-0.03485
0.001826
0.052304
0.998021
-1.00003
0.106261
0.038239
3
0.181696
0.002465
-0.03583
0.982698
-0.08711
0.999992
0.1534
0.181696
0.002465
-0.03583
0.982698
-0.08711
0.999992
0.1534
0.181696
0.002465
-0.03583
0.982698
-0.08711
0.999992
0.1534
2
0.181696
0.002465
-0.03583
0.982698
-0.08711
0.999992
0.1534
0.181696
0.002465
-0.03583
0.982698
-0.08711
0.999992
0.1534
2
0.181696
0.002465
-0.03583
0.982698
-0.08711
0.999992
0.1534
0.181696
0.002465
-0.03583
0.982698
-0.08711
0.999992
0.1534
2
-0.03485
0.001826
0.052304
0.998021
-1.00003
0.106261
0.038239
-0.03485
0.001826
0.052304
0.998021
-1.00003
0.106261
0.038239
headcrest
False
False
False
True
True
0.1055
0.0355
0.1155
0
0.02
0
2
0
0
0
0
0
None
7
2
0
0
0
1
-0.02518
0.999993
0.575427
0
0
0
1
-0.02518
0.999993
0.575427
3
0
0
0
1
-0.02518
0.999993
0.575427
0
0
0
1
-0.02518
0.999993
0.575427
0
0
0
1
-0.02518
0.999993
0.575427
3
0
0
0
1
-0.02518
0.999993
0.575427
0
0
0
1
-0.02518
0.999993
0.575427
0
0
0
1
-0.02518
0.999993
0.575427
3
0
0
0
1
-0.02518
0.999993
0.575427
0
0
0
1
-0.02518
0.999993
0.575427
0
0
0
1
-0.02518
0.999993
0.575427
2
0
0
0
1
-0.02518
0.999993
0.575427
0
0
0
1
-0.02518
0.999993
0.575427
2
0
0
0
1
-0.02518
0.999993
0.575427
0
0
0
1
-0.02518
0.999993
0.575427
2
0
0
0
1
-0.02518
0.999993
0.575427
0
0
0
1
-0.02518
0.999993
0.575427
