30
0.504190
0.725490
0.725490
0.509804
perk_toxic_plume
false
0.244992
thicc
lardball
peixe-boi
grosso
bola de banha
ламантин
толстый
комок сала
manatee
tebal
bola lemak babi
manatí
grueso
bola de manteca
มาเนท
หนา
ลูกน้ำมันหมู
grossa
толстая
gruesa
M
M
M
толстoe
false
Uncooked Meat
Bones
?
?
?
10
torso
False
False
False
False
False
0.35987
0.26287
0.43747
0
0
0
-1
3
1
5
6
0
0
0
0
None
7
2
0.034899
0
0
0.99939
0
0
0
0.034899
0
0
0.99939
0
0
0
3
0.034766
0.087102
0.003041
0.995587
0
0
0
0.0346
-0.13044
-0.00455
0.99084
0
0
0
0.034899
0
0
0.99939
0
0
0
3
0.034766
0.087102
0.003041
0.995587
0
0
0
0.034899
0
0
0.99939
0
0
0
0.034639
-0.12179
-0.00425
0.991941
0
0
0
3
0.078459
0
0
0.996917
0
0
-0.08
0.078459
0
0
0.996917
0
0
0.22
-0.22495
0
0
0.97437
0
0
0.24
2
-0.43051
0
0
0.902585
0
0
0.42
-0.46947
0
0
0.882947
0
0
0.42
2
-0.99939
0
0
0.034899
0
-0.24
-0.32
-0.99939
0
0
0.034899
0
-0.26
-0.32
2
-0.22495
0
0
0.97437
0
0
0
-0.3502
0
0
0.936672
0
0
0
neck
False
False
False
True
False
0.25317
0.21377
0.13677
0
0
0
0
1
2
0
2
-3
0
None
7
2
0
-0.01511
0.008726
0.999847
0
-0.00493
0.999997
0.043612
-0.01471
0.009377
0.998896
0
-0.00493
0.999997
3
0
-0.01511
0.008726
0.999847
0
-0.00493
0.999997
0
-0.01511
0.008726
0.999847
0
-0.00493
0.999997
0
-0.01511
0.008726
0.999847
0
-0.00493
0.999997
3
-0.25877
-0.01685
0.004517
0.965778
0
0.333453
1.000001
-0.25877
-0.01685
0.004517
0.965778
0
0.333453
1.000001
-0.25877
-0.01685
0.004517
0.965778
0
0.333453
1.000001
3
0
-0.01511
0.008726
0.999847
0
-0.00493
0.999997
0.173621
-0.01336
0.011218
0.984657
0
-0.00493
0.999997
0
-0.01511
0.008726
0.999847
0
-0.00493
0.999997
2
0.422554
-0.01001
0.014296
0.906169
0
-0.19755
0.999998
0.422554
-0.01001
0.014296
0.906169
0
-0.19755
0.999998
2
0
-0.01511
0.008726
0.999847
0
-0.00493
0.999997
0
-0.01511
0.008726
0.999847
0
-0.00493
0.999997
2
0.087142
-0.01429
0.01001
0.996043
0
0.003797
0.999998
0.173621
-0.01336
0.011218
0.984657
0
-0.31353
1.000002
head
False
False
False
False
False
0.18707
0.14767
0.09737
0
0
-0.04
1
3
3
4
8
0
2
-7
0
None
7
2
-0.02617
0
0
0.999657
0
-0.02503
1.00001
-0.02617
0
0
0.999657
0
-0.02503
1.00001
3
-0.02617
0
0
0.999657
0
-0.02503
1.00001
-0.02617
0
0
0.999657
0
-0.02503
1.00001
-0.02617
0
0
0.999657
0
-0.02503
1.00001
3
-0.06975
0
0
0.997564
0
0.354616
0.999997
-0.06975
0
0
0.997564
0
0.354616
0.999997
-0.06975
0
0
0.997564
0
0.354616
0.999997
3
0.190809
0
0
0.981627
0
-0.02503
1.00001
0.398749
0
0
0.91706
0
-0.02503
1.00001
-0.19936
0
0
0.979924
0
-0.02503
1.00001
2
0.104528
0
0
0.994522
0
-0.02503
1.00001
0.104528
0
0
0.994522
0
-0.02503
1.00001
2
-0.99965
0
0
-0.02617
0
-0.02503
1.00001
-0.99965
0
0
-0.02617
0
-0.02503
1.00001
2
-0.06975
0
0
0.997564
0
0.354616
0.999997
-0.06975
0
0
0.997564
0
0.354616
0.999997
snout
False
False
False
True
False
0.11797
0.09917
0.03977
0
0
0.02
2
0
0
2
-4
0
None
7
2
0.017388
-0.00233
0
0.999845
0.026194
-0.28333
1.00001
0.017388
-0.00233
0
0.999845
0.026194
-0.28333
1.00001
3
0.017388
-0.00233
0
0.999845
0.026194
-0.28333
1.00001
0.017388
-0.00233
0
0.999845
0.026194
-0.28333
1.00001
0.017388
-0.00233
0
0.999845
0.026194
-0.28333
1.00001
3
0.017388
-0.00233
0
0.999845
0.026193
-0.05574
1.000005
0.017388
-0.00233
0
0.999845
0.026193
-0.05574
1.000005
0.017388
-0.00233
0
0.999845
0.026193
-0.05574
1.000005
3
0.017388
-0.00233
0
0.999845
0.026194
-0.28333
1.00001
0.017388
-0.00233
0
0.999845
0.026194
-0.28333
1.00001
0.017388
-0.00233
0
0.999845
0.026194
-0.28333
1.00001
2
0.017388
-0.00233
0
0.999845
0.026194
-0.28333
1.00001
0.017388
-0.00233
0
0.999845
0.026194
-0.28333
1.00001
2
0.017388
-0.00233
0
0.999845
0.026194
-0.28333
1.00001
0.017388
-0.00233
0
0.999845
0.026194
-0.28333
1.00001
2
0.017388
-0.00233
0
0.999845
0.026193
-0.05574
1.000005
0.017388
-0.00233
0
0.999845
0.026193
-0.05574
1.000005
eyes
True
True
False
True
False
0.0582
0.058200
0.048500
0
0
0.01
2
0
0
0
0
0
BlackEye
7
2
0.042818
-0.19062
0.008322
0.980692
-0.85606
0.234882
0.999993
0.042818
-0.19062
0.008322
0.980692
-0.85606
0.234882
0.999993
3
0.042818
-0.19062
0.008322
0.980692
-0.85606
0.234882
0.999993
0.042818
-0.19062
0.008322
0.980692
-0.85606
0.234882
0.999993
0.042818
-0.19062
0.008322
0.980692
-0.85606
0.234882
0.999993
3
0
-0.1908
0
0.981627
-0.93901
0.366586
1.000002
0
-0.1908
0
0.981627
-0.93901
0.366586
1.000002
0
-0.1908
0
0.981627
-0.93901
0.366586
1.000002
3
0.042818
-0.19062
0.008322
0.980692
-0.85606
0.234882
0.999993
0.042818
-0.19062
0.008322
0.980692
-0.85606
0.234882
0.999993
0.042818
-0.19062
0.008322
0.980692
-0.85606
0.234882
0.999993
2
0.042818
-0.19062
0.008322
0.980692
-0.85606
0.234882
0.999993
0.042818
-0.19062
0.008322
0.980692
-0.85606
0.234882
0.999993
2
0.042818
-0.19062
0.008322
0.980692
-0.85606
0.234882
0.999993
0.042818
-0.19062
0.008322
0.980692
-0.85606
0.234882
0.999993
2
0
-0.1908
0
0.981627
-0.93901
0.366586
1.000002
0
-0.1908
0
0.981627
-0.93901
0.366586
1.000002
shoulder
False
True
False
False
False
0.11737
0.10767
0.10767
0
0
0
0
1
7
0
0
-2
0
None
7
2
-0.69465
0
0
0.71934
-1
-0.47611
0.570169
-0.69201
0.062694
-0.06054
0.716602
-1
-0.47611
0.570169
3
-0.67819
0.155693
-0.15035
0.702288
-0.99999
-0.48953
0.331133
-0.70776
0.208552
-0.15855
0.656077
-1
-0.03783
0.775929
-0.69465
0
0
0.71934
-1
-0.52107
0.723366
3
-0.68948
0.087665
-0.08465
0.713978
-0.99999
-0.58087
0.636398
-0.69465
0
0
0.71934
-1
-0.14162
0.536805
-0.68789
-0.10011
0.096677
0.712339
-1
-0.48521
0.364984
3
-0.69465
0
0
0.71934
-1
-0.47611
0.570169
-0.69465
0
0
0.71934
-1
-0.47611
0.570169
-0.70065
0.178159
-0.18774
0.664899
-1
-0.47611
0.570169
2
-0.69465
0
0
0.71934
-1
-0.47611
0.570169
-0.69465
0
0
0.71934
-1
-0.47611
0.570169
2
-0.71934
0
0
-0.69465
-1
-0.47611
0.570169
-0.71934
0
0
-0.69465
-1
-0.47611
0.570169
2
-0.59459
0.318953
0.277262
-0.68399
-0.56673
0.999998
0.32314
-0.28757
0.188571
0.378215
-0.85947
-0.34312
0.999997
0.195649
tail
False
False
False
False
False
0.25317
0.254070
0.252270
0
0
0.22
0
1
9
0
0
-3
0
None
7
2
-0.99084
-0.00455
-0.13044
-0.0346
0.035805
-0.07521
-0.99999
-0.99084
0.004555
0.130446
-0.0346
0.035805
-0.07521
-0.99999
3
-0.99939
0
0
-0.03489
0.035805
-0.07521
-0.99999
-0.99939
0
0
-0.03489
0.035805
-0.07521
-0.99999
-0.99939
0
0
-0.03489
0.035805
-0.07521
-0.99999
3
-0.98708
-0.00545
-0.15633
-0.03446
0.035805
-0.07521
-0.99999
-0.99939
0
0
-0.03489
0.035805
-0.07521
-0.99999
-0.9842
0.00606
0.173542
-0.03436
0.035805
-0.07521
-0.99999
3
-0.99939
0
0
-0.03489
0.035805
-0.07521
-0.99999
-0.99939
0
0
-0.03489
0.035805
-0.07521
-0.99999
-0.99939
0
0
-0.03489
0.035805
-0.07521
-0.99999
2
-0.91657
-0.00224
0.018738
0.399415
0.035805
-0.07521
-0.99999
-0.91657
-0.00224
0.018738
0.399415
0.035805
-0.07521
-0.99999
2
0.0346
-0.13044
0.004555
-0.99084
0.035805
-0.07521
-0.99999
0.0346
-0.13044
0.004555
-0.99084
0.035805
-0.07521
-0.99999
2
-0.99939
0
0
-0.03489
0.035805
-0.07521
-0.99999
-0.99939
0
0
-0.03489
0.035805
-0.07521
-0.99999
arm
False
False
False
False
False
0.03977
0.14647
0.090070
0
0.099999
0
5
0
0
0
-5
0
None
7
2
-0.96126
0
0
0.275637
-0.6289
0.008074
-1.00001
-0.95564
0.095677
-0.01776
0.277981
-0.6289
0.008074
-1.00001
3
-0.83388
0
0
0.551936
-0.6289
0.008074
-1.00001
-0.87119
0.406246
0.116489
0.249812
-0.6289
0.008074
-1.00001
-0.87881
0
0
0.477158
-0.6289
0.008074
-1.00001
3
-0.69465
0
0
0.719339
-0.62889
0.358715
-1
-0.69465
0
0
0.719339
-0.62889
0.358715
-1
-0.69465
0
0
0.719339
-0.62889
0.358715
-1
3
-0.7826
0
0
0.622514
-0.6289
0.008074
-1.00001
-0.96126
0
0
0.275637
-0.6289
0.008074
-1.00001
-0.90361
0.384278
-0.06236
0.178646
-0.6289
0.008074
-1.00001
2
-0.96126
0
0
0.275637
-0.6289
0.008074
-1.00001
-0.96126
0
0
0.275637
-0.6289
0.008074
-1.00001
2
-0.27563
0
0
-0.96126
-0.6289
0.008074
-1.00001
-0.27563
0
0
-0.96126
-0.6289
0.008074
-1.00001
2
-0.58778
0
0
-0.80901
-0.62889
0.358715
-1
-0.27523
-0.04281
0.300248
-0.91228
-0.62889
0.358715
-1
chomper
False
True
False
True
False
0.051
0.051
0.071
0
0
0
2
0
0
0
-7
0
None
7
2
0.129409
0.017037
-0.1294
0.982963
-0.34746
-0.99999
0.698561
0.129409
0.017037
-0.1294
0.982963
-0.34746
-0.99999
0.698561
3
0.129409
0.017037
-0.1294
0.982963
-0.34746
-0.99999
0.698561
0.129409
0.017037
-0.1294
0.982963
-0.34746
-0.99999
0.698561
0.129409
0.017037
-0.1294
0.982963
-0.34746
-0.99999
0.698561
3
0.129409
0.017037
-0.1294
0.982963
-0.34746
-0.99999
0.698561
0.129409
0.017037
-0.1294
0.982963
-0.34746
-0.99999
0.698561
0.129409
0.017037
-0.1294
0.982963
-0.34746
-0.99999
0.698561
3
0.129409
0.017037
-0.1294
0.982963
-0.34746
-0.99999
0.698561
0.129409
0.017037
-0.1294
0.982963
-0.34746
-0.99999
0.698561
0.129409
0.017037
-0.1294
0.982963
-0.34746
-0.99999
0.698561
2
0.129409
0.017037
-0.1294
0.982963
-0.34746
-0.99999
0.698561
0.129409
0.017037
-0.1294
0.982963
-0.34746
-0.99999
0.698561
2
0.129409
0.017037
-0.1294
0.982963
-0.34746
-0.99999
0.698561
0.129409
0.017037
-0.1294
0.982963
-0.34746
-0.99999
0.698561
2
0.129409
0.017037
-0.1294
0.982963
-0.34746
-0.99999
0.698561
0.129409
0.017037
-0.1294
0.982963
-0.34746
-0.99999
0.698561
tailext
False
False
False
True
False
0.301
0.091000
0.221000
0
0
0.12
6
0
0
0
-5
0
None
7
2
0
0
0
1
0
0
1.000003
0
0
0
1
0
0
1.000003
3
0
0
0
1
0
0
1.000003
0
0
0
1
0
0
1.000003
0
0
0
1
0
0
1.000003
3
0
0
0
1
0
0
1.000003
0
0
0
1
0
0
1.000003
0
0
0
1
0
0
1.000003
3
0
0
0
1
0
0
1.000003
0
0
0
1
0
0
1.000003
0
0
0
1
0
0
1.000003
2
0.130526
0
0
0.991444
0
0
1.000003
0.130526
0
0
0.991444
0
0
1.000003
2
0
0
0
1
0
0
1.000003
0
0
0
1
0
0
1.000003
2
0
0
0
1
0
0
1.000003
0
0
0
1
0
0
1.000003
