30
0.645615
0.474509
0.839215
0.172549
perk_poison_sting
false
0.763075
praying
mantis
louva a Deus
orando
louva-a-deus
богомол
молящийся
богомол
belalang sembah
sembah
belalang
mantis religiosa
religioso
mantis
โรคมงคติส
สวดมนต์
ตั๊กแตนตำข้าว
oranda
молясь
religiosa
M
M
F
молитвеное
false
Venom
Bug Meat
?
?
?
18
torso
False
False
False
False
False
0.041
0.051000
0.241
0
0
0
-1
5
1
3
4
9
15
0
0
0
0
None
7
2
-0.58778
0
0
0.809016
0
0
0
-0.55193
0
0
0.833885
0
0
0
3
-0.51503
0
0
0.857167
0
0
0
-0.62251
0
0
0.782608
0
0
0
-0.58778
0
0
0.809016
0
0
0
3
0.026176
0
0
0.999657
0
0
0
0.026176
0
0
0.999657
0
0
0
0.026176
0
0
0.999657
0
0
0
3
-0.27563
0
0
0.961261
0
-0.02
-0.14
-0.39874
0
0
0.91706
0
-0.14
0.24
-0.23344
0
0
0.972369
0
-0.14
0.24
2
-0.58778
0
0
0.809016
0
0.04
0.16
-0.62251
0
0
0.782608
0
0.04
0.16
2
-0.99984
0
0
-0.01745
0
0.08
-0.57999
-0.99984
0
0
-0.01745
0
0.06
-0.57999
2
0.026176
0
0
0.999657
0
0
0
0.026176
0
0
0.999657
0
0
0
neck
False
False
False
True
False
0.061
0.071
0.111
0
0
0.099999
0
1
2
0
-5
3
0
None
7
2
0.216439
0
0
0.976296
0
0.125039
0.999999
0.173648
0
0
0.984807
0
0.125039
0.999999
3
0.216439
0
0
0.976296
0
0.125039
0.999999
0.216439
0
0
0.976296
0
0.125039
0.999999
0.216439
0
0
0.976296
0
0.125039
0.999999
3
0.216439
0
0
0.976296
0
0.28409
1.000002
0.216439
0
0
0.976296
0
0.28409
1.000002
0.216439
0
0
0.976296
0
0.28409
1.000002
3
0.216439
0
0
0.976296
0
0.125039
0.999999
0.216439
0
0
0.976296
0
0.125039
0.999999
0.216439
0
0
0.976296
0
0.125039
0.999999
2
0.300705
0
0
0.953716
0
-0.99999
0.843553
0.300705
0
0
0.953716
0
-0.99999
0.843553
2
0.216439
0
0
0.976296
0
0.125039
0.999999
0.216439
0
0
0.976296
0
0.125039
0.999999
2
0.216439
0
0
0.976296
0
0.28409
1.000002
0.216439
0
0
0.976296
0
0.28409
1.000002
head
False
False
False
False
False
0.120999
0.071
0.051
0
0
0
1
3
12
13
17
0
0
0
0
None
7
2
-0.1478
0
0
0.989015
0.013187
0.005518
1.000024
-0.1478
0
0
0.989015
0.013187
0.005518
1.000024
3
-0.1478
0
0
0.989015
0.013187
0.005518
1.000024
-0.1478
0
0
0.989015
0.013187
0.005518
1.000024
-0.1478
0
0
0.989015
0.013187
0.005518
1.000024
3
0.113203
0
0
0.993571
0.013187
0.005518
1.000024
0.113203
0
0
0.993571
0.013187
0.005518
1.000024
0.113203
0
0
0.993571
0.013187
0.005518
1.000024
3
0.406736
0
0
0.913545
0.013187
0.005518
1.000024
-0.1478
0
0
0.989015
0.013187
0.005518
1.000024
-0.1478
0
0
0.989015
0.013187
0.005518
1.000024
2
-0.1478
0
0
0.989015
0.013187
0.005518
1.000024
-0.1478
0
0
0.989015
0.013187
0.005518
1.000024
2
-0.89493
0
0
0.446197
0.013187
0.005518
1.000024
-0.89493
0
0
0.446197
0.013187
0.005518
1.000024
2
0.113203
0
0
0.993571
0.013187
0.005518
1.000024
0.113203
0
0
0.993571
0.013187
0.005518
1.000024
shoulder
False
True
True
False
False
0.021
0.051
0.181
-0.04
0
-0.18
0
1
5
0
3
-9
0
None
7
2
-0.7972
0.088686
-0.14902
0.578261
-0.5479
-0.58046
1.000004
-0.7972
0.088686
-0.14902
0.578261
-0.5479
-0.7749
1.000004
3
-0.7972
0.088686
-0.14902
0.578261
-0.5479
-0.7749
1.000004
-0.7972
0.088686
-0.14902
0.578261
-0.5479
-0.7749
1.000004
-0.7972
0.088686
-0.14902
0.578261
-0.5479
-0.7749
1.000004
3
-0.45092
0.563704
-0.51856
0.458261
-0.99999
-0.85803
0.747156
-0.45092
0.563704
-0.51856
0.458261
-0.99999
-0.85803
0.747156
-0.45092
0.563704
-0.51856
0.458261
-0.99999
-0.85803
0.747156
3
-0.62037
0.047093
-0.1669
0.76489
-0.5479
-0.7749
1.000004
-0.96689
0.14336
-0.09758
0.187169
-0.5479
-0.7749
1.000004
-0.93419
0.129396
-0.11546
0.311773
-0.5479
-0.7749
1.000004
2
-0.77767
0.049871
-0.12412
0.614272
-0.5479
-0.58046
1.000004
-0.77767
0.049871
-0.12412
0.614272
-0.5479
-0.58046
1.000004
2
-0.93094
-0.0712
-0.15812
-0.32135
-0.5479
-0.58046
1.000004
-0.93094
-0.0712
-0.15812
-0.32135
-0.5479
-0.58046
1.000004
2
-0.45092
0.563704
-0.51856
0.458261
-0.99999
-0.85803
0.747156
-0.45092
0.563704
-0.51856
0.458261
-0.99999
-0.85803
0.747156
hip
False
True
True
False
False
0.041
0.041
0.181
0
0
-0.14
0
1
7
0
3
-9
0
None
7
2
-0.0343
0.394464
-0.69863
0.59593
-0.90691
-0.17203
-1
-0.0343
0.394464
-0.69863
0.59593
-0.90691
-0.17203
-1
3
-0.14315
0.553975
-0.52613
0.629125
-0.90691
-0.17203
-1
-0.38492
0.574788
-0.49129
0.529227
-0.90691
-0.17203
-1
-0.00744
0.191394
-0.7222
0.664635
-0.90691
-0.17203
-1
3
0.202136
0.386557
-0.76829
0.468442
-0.90691
-0.17203
-1
0.202136
0.386557
-0.76829
0.468442
-0.90691
-0.17203
-1
0.202136
0.386557
-0.76829
0.468442
-0.90691
-0.17203
-1
3
-0.0343
0.394464
-0.69863
0.59593
-0.90691
-0.17203
-1
-0.34783
0.343181
-0.59814
0.635179
-0.90691
-0.17203
-1
-0.34783
0.343181
-0.59814
0.635179
-0.90691
-0.17203
-1
2
-0.02819
0.647544
-0.68994
0.322273
-0.90691
-0.17203
-1
-0.02819
0.647544
-0.68994
0.322273
-0.90691
-0.17203
-1
2
-0.5845
-0.07759
-0.79854
0.121102
-1
0.115026
-0.19726
-0.5845
-0.07759
-0.79854
0.121102
-1
0.115026
-0.19726
2
0.202136
0.386557
-0.76829
0.468442
-0.90691
-0.17203
-1
0.202136
0.386557
-0.76829
0.468442
-0.90691
-0.17203
-1
arm
False
False
True
False
False
0.011
0.061
0.201002
0.02
0.02
-0.2
3
1
6
0
0
0
0
None
7
2
-0.90952
0.228739
-0.18667
-0.29257
0.18946
0.501796
-0.99999
-0.90952
0.228739
-0.18667
-0.29257
0.18946
0.501796
-0.99999
3
-0.90952
0.228739
-0.18667
-0.29257
0.18946
0.501796
-0.99999
-0.90952
0.228739
-0.18667
-0.29257
0.18946
0.501796
-0.99999
-0.90952
0.228739
-0.18667
-0.29257
0.18946
0.501796
-0.99999
3
-0.75925
-0.12892
-0.14454
0.621298
0.189457
-0.09502
-0.99999
-0.75925
-0.12892
-0.14454
0.621298
0.189457
-0.09502
-0.99999
-0.75925
-0.12892
-0.14454
0.621298
0.189457
-0.09502
-0.99999
3
-0.90952
0.228739
-0.18667
-0.29257
0.18946
0.501796
-0.99999
-0.90952
0.228739
-0.18667
-0.29257
0.18946
0.501796
-0.99999
-0.95425
0.172631
-0.23951
-0.04719
0.18946
0.501796
-0.99999
2
-0.82464
0.263719
-0.13273
-0.48249
0.18946
0.501796
-0.99999
-0.82464
0.263719
-0.13273
-0.48249
0.18946
0.501796
-0.99999
2
-0.28202
-0.02171
-0.29444
-0.91285
0.18946
0.501796
-0.99999
-0.28202
-0.02171
-0.29444
-0.91285
0.18946
0.501796
-0.99999
2
-0.75925
-0.12892
-0.14454
0.621298
0.189457
-0.09502
-0.99999
-0.75925
-0.12892
-0.14454
0.621298
0.189457
-0.09502
-0.99999
hand
False
False
True
False
False
0.021
0.021000
0.111
0
0.02
0.06
5
0
0
0
0
0
None
7
2
0.894866
-0.14833
0.062769
0.416256
0.099254
0.999991
-0.67512
0.894866
-0.14833
0.062769
0.416256
0.099254
0.999991
-0.67512
3
0.894866
-0.14833
0.062769
0.416256
0.099254
0.999991
-0.67512
0.894866
-0.14833
0.062769
0.416256
0.099254
0.999991
-0.67512
0.894866
-0.14833
0.062769
0.416256
0.099254
0.999991
-0.67512
3
0
-0.13917
0
0.990268
0.147063
-0.57498
-0.99999
0
-0.13917
0
0.990268
0.147063
-0.57498
-0.99999
0
-0.13917
0
0.990268
0.147063
-0.57498
-0.99999
3
0.894866
-0.14833
0.062769
0.416256
0.099254
0.999991
-0.67512
0.566848
-0.15984
-0.0198
0.807922
0.099254
0.999991
-0.67512
0.808989
-0.15698
0.036057
0.565325
0.099254
0.999991
-0.67512
2
0.78356
-0.1584
0.029175
0.600074
0.099254
0.999991
-0.67512
0.78356
-0.1584
0.029175
0.600074
0.099254
0.999991
-0.67512
2
0.172297
-0.03366
0.157513
0.971787
0.099254
0.999991
-0.67512
0.172297
-0.03366
0.157513
0.971787
0.099254
0.999991
-0.67512
2
0
-0.13917
0
0.990268
0.147063
-0.57498
-0.99999
0
-0.13917
0
0.990268
0.147063
-0.57498
-0.99999
leg
False
False
True
False
False
0.021
0.021
0.281
0
0
-0.34
4
1
8
-5
0
0
0
None
7
2
-0.56581
0.165851
-0.15197
0.793249
-0.2932
0.159393
-0.99999
-0.56581
0.165851
-0.15197
0.793249
-0.2932
0.159393
-0.99999
3
-0.56581
0.165851
-0.15197
0.793249
-0.2932
0.159393
-0.99999
-0.56581
0.165851
-0.15197
0.793249
-0.2932
0.159393
-0.99999
-0.56581
0.165851
-0.15197
0.793249
-0.2932
0.159393
-0.99999
3
-0.6328
0.178465
-0.13694
0.740916
-0.2932
0.159393
-0.99999
-0.6328
0.178465
-0.13694
0.740916
-0.2932
0.159393
-0.99999
-0.6328
0.178465
-0.13694
0.740916
-0.2932
0.159393
-0.99999
3
-0.56581
0.165851
-0.15197
0.793249
-0.2932
0.159393
-0.99999
-0.56581
0.165851
-0.15197
0.793249
-0.2932
0.159393
-0.99999
-0.56581
0.165851
-0.15197
0.793249
-0.2932
0.159393
-0.99999
2
-0.66451
0.184269
-0.12902
0.712609
-0.2932
0.159393
-0.99999
-0.66451
0.184269
-0.12902
0.712609
-0.2932
0.159393
-0.99999
2
-0.97433
-0.02936
-0.22302
-0.0085
-0.2932
0.159393
-0.99999
-0.97433
-0.02936
-0.22302
-0.0085
-0.2932
0.159393
-0.99999
2
-0.6328
0.178465
-0.13694
0.740916
-0.2932
0.159393
-0.99999
-0.6328
0.178465
-0.13694
0.740916
-0.2932
0.159393
-0.99999
foot
False
False
True
False
False
0.011
0.021
0.090999
0
0
0.08
7
0
-21
2
-2
0
None
7
2
0
-0.99144
0
0.130526
0.13029
-0.13534
-1
0
-0.99144
0
0.130526
0.13029
-0.13534
-1
3
0
-0.99144
0
0.130526
0.13029
-0.13534
-1
0
-0.99144
0
0.130526
0.13029
-0.13534
-1
0
-0.99144
0
0.130526
0.13029
-0.13534
-1
3
0
-0.99144
0
0.130526
0.13029
-0.13534
-1
0
-0.99144
0
0.130526
0.13029
-0.13534
-1
0
-0.99144
0
0.130526
0.13029
-0.13534
-1
3
0
-0.99144
0
0.130526
0.13029
-0.13534
-1
0
-0.99144
0
0.130526
0.13029
-0.13534
-1
0
-0.99144
0
0.130526
0.13029
-0.13534
-1
2
0
-0.99144
0
0.130526
0.13029
-0.13534
-1
0
-0.99144
0
0.130526
0.13029
-0.13534
-1
2
-0.10692
-0.56866
0.812143
0.074866
0.13029
-0.13534
-1
-0.10692
-0.56866
0.812143
0.074866
0.13029
-0.13534
-1
2
0
-0.99144
0
0.130526
0.13029
-0.13534
-1
0
-0.99144
0
0.130526
0.13029
-0.13534
-1
extrahip
False
True
True
False
False
0.031000
0.041
0.121
0
0
-0.09999
0
1
10
0
0
0
0
None
7
2
-0.26007
0.672234
0.360769
0.591867
-0.99999
0.069596
-0.6779
-0.26007
0.672234
0.360769
0.591867
-0.99999
0.069596
-0.6779
3
-0.22764
0.618091
0.382064
0.648204
-0.99999
0.069596
-0.6779
-0.08798
0.82708
0.131568
0.539339
-0.99999
0.069596
-0.6779
-0.40076
0.777389
0.370505
0.312694
-0.99999
0.069596
-0.6779
3
0.118062
0.647982
-0.10263
0.745417
-0.99999
-0.98197
0.018788
0.118062
0.647982
-0.10263
0.745417
-0.99999
-0.98197
0.018788
0.118062
0.647982
-0.10263
0.745417
-0.99999
-0.98197
0.018788
3
-0.26007
0.672234
0.360769
0.591867
-0.99999
0.069596
-0.6779
-0.26007
0.672234
0.360769
0.591867
-0.99999
0.069596
-0.6779
-0.26007
0.672234
0.360769
0.591867
-0.99999
0.069596
-0.6779
2
0.071668
0.789861
-0.02057
0.608736
-0.99999
0.069596
-0.6779
0.071668
0.789861
-0.02057
0.608736
-0.99999
0.069596
-0.6779
2
-0.634
0.681103
-0.34373
0.126441
-0.99999
0.069596
-0.6779
-0.634
0.681103
-0.34373
0.126441
-0.99999
0.069596
-0.6779
2
0.118062
0.647982
-0.10263
0.745417
-0.99999
-0.98197
0.018788
0.118062
0.647982
-0.10263
0.745417
-0.99999
-0.98197
0.018788
extraleg
False
False
True
False
False
0.021
0.021
0.151
0
0.02
-0.16
9
1
11
-5
0
0
0
None
7
2
-0.474
0.57867
0.373056
0.548899
-0.43799
0.638239
-1
-0.474
0.57867
0.373056
0.548899
-0.43799
0.638239
-1
3
-0.39475
0.555406
0.356965
0.63896
-0.43799
0.638239
-1
-0.474
0.57867
0.373056
0.548899
-0.43799
0.638239
-1
-0.474
0.57867
0.373056
0.548899
-0.43799
0.638239
-1
3
-0.43968
0.528628
0.412948
0.597244
-0.16136
1.000006
-0.92774
-0.43968
0.528628
0.412948
0.597244
-0.16136
1.000006
-0.92774
-0.43968
0.528628
0.412948
0.597244
-0.16136
1.000006
-0.92774
3
-0.474
0.57867
0.373056
0.548899
-0.43799
0.638239
-1
-0.474
0.57867
0.373056
0.548899
-0.43799
0.638239
-1
-0.474
0.57867
0.373056
0.548899
-0.43799
0.638239
-1
2
-0.56211
0.505098
0.467873
0.45825
-0.43799
0.638239
-1
-0.56211
0.505098
0.467873
0.45825
-0.43799
0.638239
-1
2
-0.7215
0.637501
-0.26004
-0.07344
-0.43799
0.638239
-1
-0.7215
0.637501
-0.26004
-0.07344
-0.43799
0.638239
-1
2
-0.43968
0.528628
0.412948
0.597244
-0.16136
1.000006
-0.92774
-0.43968
0.528628
0.412948
0.597244
-0.16136
1.000006
-0.92774
extrafoot
False
False
True
False
False
0.011
0.021
0.070999
0
-0.02
0.06
10
0
-21
2
-2
0
None
7
2
0
-0.7071
0
0.707107
-0.01457
-0.31209
-1
0
-0.7071
0
0.707107
-0.01457
-0.31209
-1
3
0
-0.7071
0
0.707107
-0.01457
-0.31209
-1
0
-0.7071
0
0.707107
-0.01457
-0.31209
-1
0
-0.49999
0
0.866025
-0.01457
-0.31209
-1
3
0
-0.96592
0
0.258819
-0.01457
-0.31209
-1
0
-0.96592
0
0.258819
-0.01457
-0.31209
-1
0
-0.96592
0
0.258819
-0.01457
-0.31209
-1
3
0
-0.7071
0
0.707107
-0.01457
-0.31209
-1
0
-0.7071
0
0.707107
-0.01457
-0.31209
-1
0
-0.7071
0
0.707107
-0.01457
-0.31209
-1
2
0
-0.7071
0
0.707107
-0.01457
-0.31209
-1
0
-0.7071
0
0.707107
-0.01457
-0.31209
-1
2
-0.57922
-0.40557
0.579227
0.40558
-0.01457
-0.31209
-1
-0.57922
-0.40557
0.579227
0.40558
-0.01457
-0.31209
-1
2
0
-0.96592
0
0.258819
-0.01457
-0.31209
-1
0
-0.96592
0
0.258819
-0.01457
-0.31209
-1
chomper
False
True
False
True
False
0.021
0.031
0.021
0
-0.04
0
2
0
-21
2
-2
0
None
7
2
-0.3378
-0.0535
0.147
0.928123
-0.34577
-1
0.86912
-0.3378
-0.0535
0.147
0.928123
-0.34577
-1
0.86912
3
-0.3378
-0.0535
0.147
0.928123
-0.34577
-1
0.86912
-0.3378
-0.0535
0.147
0.928123
-0.34577
-1
0.86912
-0.3378
-0.0535
0.147
0.928123
-0.34577
-1
0.86912
3
0
0
0.156434
0.987688
-0.53399
-1.00001
0.272914
0
0
0.156434
0.987688
-0.53399
-1.00001
0.272914
0
0
0.156434
0.987688
-0.53399
-1.00001
0.272914
3
-0.3378
-0.0535
0.147
0.928123
-0.34577
-1
0.86912
-0.3378
-0.0535
0.147
0.928123
-0.34577
-1
0.86912
-0.3378
-0.0535
0.147
0.928123
-0.34577
-1
0.86912
2
-0.3378
-0.0535
0.147
0.928123
-0.34577
-1
0.86912
-0.3378
-0.0535
0.147
0.928123
-0.34577
-1
0.86912
2
-0.3378
-0.0535
0.147
0.928123
-0.34577
-1
0.86912
-0.3378
-0.0535
0.147
0.928123
-0.34577
-1
0.86912
2
0
0
0.156434
0.987688
-0.53399
-1.00001
0.272914
0
0
0.156434
0.987688
-0.53399
-1.00001
0.272914
waspantler
False
True
False
True
True
0.011
0.011
0.181
0
0
0.16
2
1
14
0
0
0
0
None
7
2
-0.29069
-0.12672
0.110537
0.941923
-0.40656
0.999993
0.924798
-0.29922
-0.04414
0.084781
0.949383
-0.40656
0.999993
0.924798
3
-0.29069
-0.12672
0.110537
0.941923
-0.40656
0.999993
0.924798
-0.29069
-0.12672
0.110537
0.941923
-0.40656
0.999993
0.924798
-0.29069
-0.12672
0.110537
0.941923
-0.40656
0.999993
0.924798
3
-0.69278
-0.16344
0.039535
0.701268
-0.40656
0.999993
0.924798
-0.69278
-0.16344
0.039535
0.701268
-0.40656
0.999993
0.924798
-0.69278
-0.16344
0.039535
0.701268
-0.40656
0.999993
0.924798
3
-0.29069
-0.12672
0.110537
0.941923
-0.40656
0.999993
0.924798
-0.29069
-0.12672
0.110537
0.941923
-0.40656
0.999993
0.924798
-0.29069
-0.12672
0.110537
0.941923
-0.40656
0.999993
0.924798
2
-0.29069
-0.12672
0.110537
0.941923
-0.40656
0.999993
0.924798
-0.29069
-0.12672
0.110537
0.941923
-0.40656
0.999993
0.924798
2
-0.29069
-0.12672
0.110537
0.941923
-0.40656
0.999993
0.924798
-0.29069
-0.12672
0.110537
0.941923
-0.40656
0.999993
0.924798
2
-0.69278
-0.16344
0.039535
0.701268
-0.40656
0.999993
0.924798
-0.69278
-0.16344
0.039535
0.701268
-0.40656
0.999993
0.924798
waspantlerext
False
False
False
True
True
0.011
0.011
0.111002
0
0
0.099999
13
0
-10
0
0
0
None
7
2
-0.80593
0.080809
-0.03264
0.585548
0
0
1.000003
-0.89537
0.085251
-0.01812
0.436702
0
0
1.000003
3
-0.80593
0.080809
-0.03264
0.585548
0
0
1.000003
-0.80593
0.080809
-0.03264
0.585548
0
0
1.000003
-0.80593
0.080809
-0.03264
0.585548
0
0
1.000003
3
-0.15583
0.034054
-0.08022
0.983929
0
0
1.000003
-0.15583
0.034054
-0.08022
0.983929
0
0
1.000003
-0.15583
0.034054
-0.08022
0.983929
0
0
1.000003
3
-0.80593
0.080809
-0.03264
0.585548
0
0
1.000003
-0.80593
0.080809
-0.03264
0.585548
0
0
1.000003
-0.80593
0.080809
-0.03264
0.585548
0
0
1.000003
2
-0.80593
0.080809
-0.03264
0.585548
0
0
1.000003
-0.80593
0.080809
-0.03264
0.585548
0
0
1.000003
2
-0.80593
0.080809
-0.03264
0.585548
0
0
1.000003
-0.80593
0.080809
-0.03264
0.585548
0
0
1.000003
2
-0.15583
0.034054
-0.08022
0.983929
0
0
1.000003
-0.15583
0.034054
-0.08022
0.983929
0
0
1.000003
assextender
False
False
False
True
False
0.091
0.111
0.041000
0
0
-0.02
0
1
16
0
0
0
0
None
7
2
0.34202
0
0
0.939692
-0.12002
-0.03307
-1
0.34202
0
0
0.939692
-0.12002
-0.03307
-1
3
0.34202
0
0
0.939692
-0.12002
-0.03307
-1
0.34202
0
0
0.939692
-0.12002
-0.03307
-1
0.34202
0
0
0.939692
-0.12002
-0.03307
-1
3
0.34202
0
0
0.939692
-0.12002
-0.03307
-1
0.34202
0
0
0.939692
-0.12002
-0.03307
-1
0.34202
0
0
0.939692
-0.12002
-0.03307
-1
3
0.34202
0
0
0.939692
-0.12002
-0.03307
-1
0.34202
0
0
0.939692
-0.12002
-0.03307
-1
0.34202
0
0
0.939692
-0.12002
-0.03307
-1
2
-0.21643
0
0
0.976295
-0.12002
-0.03307
-1
-0.21643
0
0
0.976295
-0.12002
-0.03307
-1
2
0.34202
0
0
0.939692
-0.12002
-0.03307
-1
0.34202
0
0
0.939692
-0.12002
-0.03307
-1
2
0.34202
0
0
0.939692
-0.12002
-0.03307
-1
0.34202
0
0
0.939692
-0.12002
-0.03307
-1
bigass
False
False
False
False
False
0.101
0.081
0.291
0
0
-0.3
15
0
0
6
2
0
None
7
2
-0.1132
0
0
0.993571
0.121375
0.169072
-1.00003
-0.1132
0
0
0.993571
0.121375
0.169072
-1.00003
3
-0.1132
0
0
0.993571
0.121375
0.169072
-1.00003
-0.1132
0
0
0.993571
0.121375
0.169072
-1.00003
-0.1132
0
0
0.993571
0.121375
0.169072
-1.00003
3
0.061048
0
0
0.998134
0.121423
-0.13816
-0.99999
0.061048
0
0
0.998134
0.121423
-0.13816
-0.99999
0.061048
0
0
0.998134
0.121423
-0.13816
-0.99999
3
-0.1132
0
0
0.993571
0.121375
0.169072
-1.00003
-0.1132
0
0
0.993571
0.121375
0.169072
-1.00003
-0.1132
0
0
0.993571
0.121375
0.169072
-1.00003
2
-0.98901
0
0
0.147808
0.121375
0.169072
-1.00003
-0.99452
0
0
0.104527
0.121375
0.169072
-1.00003
2
-0.97992
0
0
-0.19936
0.121375
0.169072
-1.00003
-0.97992
0
0
-0.19936
0.121375
0.169072
-1.00003
2
0.061048
0
0
0.998134
0.121423
-0.13816
-0.99999
0.061048
0
0
0.998134
0.121423
-0.13816
-0.99999
eye
False
True
False
True
False
0.041
0.051
0.051
0
0
0
2
0
-21
4
-5
0
None
7
2
0.172162
-0.02266
-0.12854
0.976382
-0.99999
0.28763
0.698196
0.172162
-0.02266
-0.12854
0.976382
-0.99999
0.28763
0.698196
3
0.172162
-0.02266
-0.12854
0.976382
-0.99999
0.28763
0.698196
0.172162
-0.02266
-0.12854
0.976382
-0.99999
0.28763
0.698196
0.172162
-0.02266
-0.12854
0.976382
-0.99999
0.28763
0.698196
3
0.172162
-0.02266
-0.12854
0.976382
-0.99999
0.28763
0.698196
0.172162
-0.02266
-0.12854
0.976382
-0.99999
0.28763
0.698196
0.172162
-0.02266
-0.12854
0.976382
-0.99999
0.28763
0.698196
3
0.172162
-0.02266
-0.12854
0.976382
-0.99999
0.28763
0.698196
0.172162
-0.02266
-0.12854
0.976382
-0.99999
0.28763
0.698196
0.172162
-0.02266
-0.12854
0.976382
-0.99999
0.28763
0.698196
2
0.172162
-0.02266
-0.12854
0.976382
-0.99999
0.28763
0.698196
0.172162
-0.02266
-0.12854
0.976382
-0.99999
0.28763
0.698196
2
0.172162
-0.02266
-0.12854
0.976382
-0.99999
0.28763
0.698196
0.172162
-0.02266
-0.12854
0.976382
-0.99999
0.28763
0.698196
2
0.172162
-0.02266
-0.12854
0.976382
-0.99999
0.28763
0.698196
0.172162
-0.02266
-0.12854
0.976382
-0.99999
0.28763
0.698196
