30
0.770712
0.482352
0.388235
0.258823
perk_ram
false
0.281947
canadian
stag
alce
canadense
veado
лось
канадский
олень
rusa besar
kanada
rusa jantan
alce
canadiense
ciervo
มูซ
ชาวแคนาดา
ยอง
canadense
канадская
canadiense
M
M
M
канадское
false
Fur
Uncooked Meat
Bones
?
?
22
torso
False
False
False
False
False
0.15747
0.21837
0.40977
0
0
0
-1
5
1
5
6
7
14
0
0
0
0
None
7
2
-0.05233
0
0
0.998629
0
0
0
-0.08715
0
0
0.996194
0
0
0
3
0.087155
0
0
0.996194
0
0
0
-0.03489
0
0
0.99939
0
0
0
-0.03489
0
0
0.99939
0
0
0
3
-0.05204
0.104385
-0.00547
0.993158
0
0
0
-0.13917
0
0
0.990268
0
0
0
-0.05204
-0.10438
0.00547
0.993158
0
0
0
3
0.207911
0
0
0.978147
0
-0.26
-0.28
0.121869
0
0
0.992546
0
-0.09999
0.18
-0.18223
0
0
0.983254
0
-0.09999
0.18
2
-0.43051
0
0
0.902585
0
-0.12
0.099999
-0.46947
0
0
0.882947
0
-0.12
0.099999
2
-0.99939
0
0
0.034899
0
0
-0.71999
-0.99939
0
0
0.034899
0
-0.02
-0.71999
2
-0.22495
0
0
0.97437
0
0
0
-0.3502
0
0
0.936672
0
0
0
neck
False
False
False
True
False
0.07047
0.11397
0.14007
0
0
0.04
0
1
2
0
0
-2
0
None
7
2
-0.17364
0
0
0.984807
0
0.390578
1
-0.10452
0
0
0.994522
0
0.438691
1.000001
3
-0.17364
0
0
0.984807
0
0.390578
1
-0.17364
0
0
0.984807
0
0.390578
1
-0.17364
0
0
0.984807
0
0.390578
1
3
-0.17364
0
0
0.984807
0
0.390578
1
-0.17364
0
0
0.984807
0
0.390578
1
-0.17364
0
0
0.984807
0
0.390578
1
3
0.130526
0
0
0.991444
0
0.390578
1
-0.17364
0
0
0.984807
0
0.390578
1
-0.17364
0
0
0.984807
0
0.390578
1
2
0.173648
0
0
0.984807
0
0.20252
0.999999
0.173648
0
0
0.984807
0
0.20252
0.999999
2
-0.17364
0
0
0.984807
0
0.051128
1
-0.17364
0
0
0.984807
0
0.051128
1
2
-0.17364
0
0
0.984807
0
0.390578
1
0.043619
0
0
0.999048
0
-0.13261
1
head
False
False
False
False
False
0.08787
0.13137
0.10527
0
0
0.06
1
5
3
4
12
13
15
0
0
-5
0
None
7
2
0.017452
0
0
0.999847
0
0.086139
1.000001
0.017452
0
0
0.999847
0
0.086139
1.000001
3
0.173648
0
0
0.984807
0
0.086139
1.000001
0.121869
0
0
0.992546
0
0.086139
1.000001
-0.22495
0
0
0.97437
0
0.086139
1.000001
3
0.017452
0
0
0.999847
0
0.086139
1.000001
0.017452
0
0
0.999847
0
0.086139
1.000001
0.017452
0
0
0.999847
0
0.086139
1.000001
3
0.622514
0
0
0.782608
0
0.086139
1.000001
0.587785
0
0
0.809016
0
0.086139
1.000001
-0.24192
0
0
0.970295
0
0.086139
1.000001
2
0.017452
0
0
0.999847
0
0.086139
1.000001
0.017452
0
0
0.999847
0
0.086139
1.000001
2
-0.99452
0
0
0.104528
0
0.086139
1.000001
-0.99452
0
0
0.104528
0
0.086139
1.000001
2
0.017452
0
0
0.999847
0
0.086139
1.000001
0.017452
0
0
0.999847
0
0.086139
1.000001
snout
False
False
False
True
False
0.061769
0.08787
0.12267
0
0
0.02
2
1
21
0
0
-5
0
None
7
2
0.087092
-0.00237
0
0.996197
0.026197
-0.35542
1.000011
0.087092
-0.00237
0
0.996197
0.026197
-0.35542
1.000011
3
0.087092
-0.00237
0
0.996197
0.026197
-0.35542
1.000011
0.087092
-0.00237
0
0.996197
0.026197
-0.35542
1.000011
0.087092
-0.00237
0
0.996197
0.026197
-0.35542
1.000011
3
0.087092
-0.00237
0
0.996197
0.026197
-0.35542
1.000011
0.087092
-0.00237
0
0.996197
0.026197
-0.35542
1.000011
0.087092
-0.00237
0
0.996197
0.026197
-0.35542
1.000011
3
0.087092
-0.00237
0
0.996197
0.026197
-0.35542
1.000011
0.087092
-0.00237
0
0.996197
0.026197
-0.35542
1.000011
0.087092
-0.00237
0
0.996197
0.026197
-0.35542
1.000011
2
0.087092
-0.00237
0
0.996197
0.026197
-0.35542
1.000011
0.087092
-0.00237
0
0.996197
0.026197
-0.35542
1.000011
2
0.087092
-0.00237
0
0.996197
0.026197
-0.35542
1.000011
0.087092
-0.00237
0
0.996197
0.026197
-0.35542
1.000011
2
0.087092
-0.00237
0
0.996197
0.026197
-0.35542
1.000011
0.087092
-0.00237
0
0.996197
0.026197
-0.35542
1.000011
eyes
True
True
False
True
False
0.0522
0.0522
0.0435
0
0
0.01
2
0
0
0
0
0
SeriousEye
7
2
-0.03371
-0.25866
0.009032
0.965337
-0.97625
0.141823
1.000006
-0.03371
-0.25866
0.009032
0.965337
-0.97625
0.141823
1.000006
3
-0.03371
-0.25866
0.009032
0.965337
-0.97625
0.141823
1.000006
-0.03371
-0.25866
0.009032
0.965337
-0.97625
0.141823
1.000006
-0.03371
-0.25866
0.009032
0.965337
-0.97625
0.141823
1.000006
3
-0.03371
-0.25866
0.009032
0.965337
-0.97625
0.141823
1.000006
-0.03371
-0.25866
0.009032
0.965337
-0.97625
0.141823
1.000006
-0.03371
-0.25866
0.009032
0.965337
-0.97625
0.141823
1.000006
3
-0.03371
-0.25866
0.009032
0.965337
-0.97625
0.141823
1.000006
-0.03371
-0.25866
0.009032
0.965337
-0.97625
0.141823
1.000006
-0.03371
-0.25866
0.009032
0.965337
-0.97625
0.141823
1.000006
2
-0.03371
-0.25866
0.009032
0.965337
-0.97625
0.141823
1.000006
-0.03371
-0.25866
0.009032
0.965337
-0.97625
0.141823
1.000006
2
-0.03371
-0.25866
0.009032
0.965337
-0.97625
0.141823
1.000006
-0.03371
-0.25866
0.009032
0.965337
-0.97625
0.141823
1.000006
2
-0.03371
-0.25866
0.009032
0.965337
-0.97625
0.141823
1.000006
-0.03371
-0.25866
0.009032
0.965337
-0.97625
0.141823
1.000006
shoulder
False
True
True
False
False
0.053069
0.11397
0.20097
0
0
0
0
1
8
0
0
0
0
None
7
2
-0.7071
0
0
0.707106
-0.97851
-0.99999
0.667815
-0.7071
0
0
0.707106
-1
-0.96663
0.583176
3
-0.62932
0
0
0.777146
-0.97335
-0.99999
0.316283
-0.7071
0
0
0.707106
-0.99999
-0.5825
0.565826
-0.79863
0
0
0.601815
-0.92985
-1
0.773932
3
-0.6984
0.110615
-0.11061
0.698401
-0.97851
-0.99999
0.667815
-0.7071
0
0
0.707106
-1
-0.62077
0.565823
-0.70183
-0.08617
0.086174
0.701836
-0.86374
-0.99999
0.393007
3
-0.3007
0
0
0.953717
-0.99999
-0.57743
0.513994
-0.9063
0
0
0.422618
-0.91548
-0.93647
1.000004
-0.79335
0
0
0.608761
-1
-0.82174
0.68249
2
-0.53525
-0.04682
0.073506
0.840182
-0.99999
-0.47048
0.553358
-0.53525
-0.04682
0.073506
0.840182
-0.99999
-0.47048
0.553358
2
-0.76604
0
0
-0.64278
-0.97851
-0.99999
0.667815
-0.76604
0
0
-0.64278
-0.97851
-0.99999
0.667815
2
-0.70441
0.061628
0.061628
-0.70441
-0.99999
0.201054
0.682445
-0.45999
0.040244
0.077308
-0.88363
-1
0.907131
0.51398
hip
False
True
True
False
False
0.04437
0.11397
0.20097
0
0
0
0
1
10
0
0
0
0
None
7
2
-0.62932
0
0
0.777146
-0.99999
-0.81513
-0.86615
-0.62932
0
0
0.777146
-0.99999
-0.81513
-0.86615
3
-0.62932
0
0
0.777146
-1
-0.69562
-0.61677
-0.79863
0
0
0.601815
-1
-0.8485
-0.39343
-0.62932
0
0
0.777146
-0.99999
-0.81513
-0.86615
3
-0.61319
0.174819
-0.14156
0.757227
-0.99999
-0.81513
-0.86615
-0.62932
0
0
0.777146
-1
-0.51751
-0.86613
-0.62462
-0.09471
0.076694
0.771353
-0.99999
-0.81513
-0.86615
3
-0.62932
0
0
0.777146
-0.98578
-0.99999
-0.72699
-0.3665
0
0
0.930417
-0.99999
-0.81513
-0.86615
-0.3665
0
0
0.930417
-0.99999
-0.89929
-0.86615
2
-0.98465
0.00303
-0.17362
0.017187
-1
-0.5051
-0.7437
-0.98465
0.00303
-0.17362
0.017187
-1
-0.5051
-0.7437
2
-0.82903
0
0
-0.55919
-0.99999
-0.81513
-0.86615
-0.82903
0
0
-0.55919
-0.99999
-0.81513
-0.86615
2
-0.62932
0
0
0.777146
-0.99999
-0.81513
-0.86615
-0.62932
0
0
0.777146
-0.99999
-0.81513
-0.86615
tail
False
False
False
False
False
0.04437
0.02697
0.06177
0
0
0.04
0
0
0
0
0
0
None
7
2
-0.78801
0
0
-0.61566
0.035806
0.844823
-1
-0.78801
0
0
-0.61566
0.035806
0.844823
-1
3
-0.78801
0
0
-0.61566
0.035806
0.844823
-1
-0.78801
0
0
-0.61566
0.035806
0.844823
-1
-0.78801
0
0
-0.61566
0.035806
0.844823
-1
3
-0.78801
0
0
-0.61566
0.035806
0.844823
-1
-0.78801
0
0
-0.61566
0.035806
0.844823
-1
-0.78801
0
0
-0.61566
0.035806
0.844823
-1
3
-0.78801
0
0
-0.61566
0.035806
0.844823
-1
-0.78801
0
0
-0.61566
0.035806
0.844823
-1
-0.78801
0
0
-0.61566
0.035806
0.844823
-1
2
-0.78801
0
0
-0.61566
0.035806
0.844823
-1
-0.78801
0
0
-0.61566
0.035806
0.844823
-1
2
0.544638
0
0
-0.83867
0.035806
0.844823
-1
0.544638
0
0
-0.83867
0.035806
0.844823
-1
2
-0.78801
0
0
-0.61566
0.035806
0.844823
-1
-0.78801
0
0
-0.61566
0.035806
0.844823
-1
arm
False
False
True
False
False
0.03567
0.061769
0.16617
0
0
-0.14
5
1
9
0
2
-8
0
None
7
2
-0.73135
0
0
0.681998
-0.46285
-0.13977
-1
-0.73135
0
0
0.681998
-0.46285
-0.13977
-1
3
-0.60181
0
0
0.798635
-0.46285
0.387375
-0.99999
-0.4848
0
0
0.874619
-0.46281
0.208754
-0.99999
-0.81915
0
0
0.573576
-0.46282
-0.29083
-1
3
-0.71791
0.130131
-0.13954
0.669468
-0.46285
-0.13977
-1
-0.60172
0.013938
-0.0105
0.798513
-0.46285
-0.13977
-1
-0.72234
-0.10668
0.114408
0.673601
-0.46285
-0.13977
-1
3
-0.73135
0
0
0.681998
-0.46285
-0.13977
-1
-0.99996
0
0
0.008726
-0.46285
-0.13977
-1
-0.9205
0
0
0.390731
-0.46285
-0.13977
-1
2
-0.66913
0
0
0.743144
-0.46285
-0.13977
-1
-0.66913
0
0
0.743144
-0.46285
-0.13977
-1
2
-0.74314
0
0
-0.66913
-0.46285
-0.13977
-1
-0.74314
0
0
-0.66913
-0.46285
-0.13977
-1
2
-0.67163
0.126998
0.118427
-0.72024
-0.46285
-0.13977
-1
-0.38479
0.078834
0.154721
-0.90652
-0.46285
-0.13977
-1
hand
False
False
True
False
False
0.04437
0.04437
0.06177
0
-0.02
0
8
0
0
2
-8
0
None
7
2
-0.0174
-0.06923
-0.0085
0.997412
0.204793
-0.27773
-1
-0.0174
-0.06923
-0.0085
0.997412
0.204793
-0.27773
-1
3
-0.0174
-0.06923
-0.0085
0.997412
0.204793
-0.27773
-1
-0.0174
-0.06923
-0.0085
0.997412
0.204793
-0.27773
-1
-0.0174
-0.06923
-0.0085
0.997412
0.204793
-0.27773
-1
3
-0.0174
-0.06923
-0.0085
0.997412
0.204793
-0.27773
-1
-0.0174
-0.06923
-0.0085
0.997412
0.204793
-0.27773
-1
-0.0174
-0.06923
-0.0085
0.997412
0.204793
-0.27773
-1
3
-0.0174
-0.06923
-0.0085
0.997412
0.204793
-0.27773
-1
-0.0174
-0.06923
-0.0085
0.997412
0.204793
-0.27773
-1
-0.0174
-0.06923
-0.0085
0.997412
0.204793
-0.27773
-1
2
-0.0174
-0.06923
-0.0085
0.997412
0.204793
-0.27773
-1
-0.0174
-0.06923
-0.0085
0.997412
0.204793
-0.27773
-1
2
-0.99513
-0.0145
0.068232
0.069586
0.204793
-0.27773
-1
-0.99513
-0.0145
0.068232
0.069586
0.204793
-0.27773
-1
2
-0.99209
0.014503
-0.06823
-0.10427
0.204793
-0.27773
-1
-0.99209
0.014503
-0.06823
-0.10427
0.204793
-0.27773
-1
leg
False
False
True
False
False
0.04437
0.05307
0.20967
0
0
-0.12
6
1
11
0
2
-8
0
None
7
2
-0.69465
0
0
0.719339
0.032954
0.141789
-0.99999
-0.69465
0
0
0.719339
0.032954
0.141789
-0.99999
3
-0.3746
0
0
0.927183
0.032954
0.141789
-0.99999
-0.77714
0
0
0.62932
0.20702
-0.10494
-0.99999
-0.4848
0
0
0.874619
0.032956
0.28554
-0.99999
3
-0.6841
0.124912
-0.12062
0.708411
0.032954
0.141789
-0.99999
-0.54463
0
0
0.83867
0.032954
0.141789
-0.99999
-0.67947
-0.14955
0.144427
0.70362
0.032954
0.141789
-0.99999
3
-0.69465
0
0
0.719339
0.032954
0.141789
-0.99999
-0.52249
0
0
0.85264
0.032954
0.141789
-0.99999
-0.52249
0
0
0.85264
0.032954
0.141789
-0.99999
2
-0.96557
-0.0104
-0.25879
-0.02414
0.032954
0.141789
-0.99999
-0.96557
-0.0104
-0.25879
-0.02414
0.032954
0.141789
-0.99999
2
-0.77714
0
0
-0.62932
0.032954
0.141789
-0.99999
-0.77714
0
0
-0.62932
0.032954
0.141789
-0.99999
2
-0.69465
0
0
0.719339
0.032954
0.141789
-0.99999
-0.62932
0
0
0.777146
0.032954
0.141789
-0.99999
foot
False
False
True
False
False
0.04437
0.03567
0.07047
0
0
0
10
0
0
2
-8
0
None
7
2
0
0
0
1
-0.07332
-0.34534
-0.99999
0
0
0
1
-0.07332
-0.34534
-0.99999
3
0
0
0
1
-0.07332
-0.34534
-0.99999
0
0
0
1
-0.07332
-0.34534
-0.99999
0
0
0
1
-0.07332
-0.34534
-0.99999
3
0
0
0
1
-0.07332
-0.34534
-0.99999
0
0
0
1
-0.07332
-0.34534
-0.99999
0
0
0
1
-0.07332
-0.34534
-0.99999
3
0
0
0
1
-0.07332
-0.34534
-0.99999
0
0
0
1
-0.07332
-0.34534
-0.99999
0
0
0
1
-0.07332
-0.34534
-0.99999
2
-0.7071
0
0
0.707106
-0.07332
-0.34534
-0.99999
-0.7071
0
0
0.707106
-0.07332
-0.34534
-0.99999
2
-0.99619
0
0
0.087155
-0.07332
-0.34534
-0.99999
-0.99619
0
0
0.087155
-0.07332
-0.34534
-0.99999
2
0
0
0
1
-0.07332
-0.34534
-0.99999
0
0
0
1
-0.07332
-0.34534
-0.99999
ear
False
True
False
True
True
0.04437
0.02697
0.01827
-0.04
0
-0.02
2
0
0
0
0
0
None
7
2
-0.07016
-0.05355
-0.43529
0.895951
-0.99999
0.633284
-0.2991
-0.07016
-0.05355
-0.43529
0.895951
-0.99999
0.633284
-0.2991
3
-0.07016
-0.05355
-0.43529
0.895951
-0.99999
0.633284
-0.2991
-0.07016
-0.05355
-0.43529
0.895951
-0.99999
0.633284
-0.2991
-0.07016
-0.05355
-0.43529
0.895951
-0.99999
0.633284
-0.2991
3
-0.07016
-0.05355
-0.43529
0.895951
-0.99999
0.633284
-0.2991
-0.07016
-0.05355
-0.43529
0.895951
-0.99999
0.633284
-0.2991
-0.07016
-0.05355
-0.43529
0.895951
-0.99999
0.633284
-0.2991
3
-0.07016
-0.05355
-0.43529
0.895951
-0.99999
0.633284
-0.2991
-0.07016
-0.05355
-0.43529
0.895951
-0.99999
0.633284
-0.2991
-0.07016
-0.05355
-0.43529
0.895951
-0.99999
0.633284
-0.2991
2
-0.07016
-0.05355
-0.43529
0.895951
-0.99999
0.633284
-0.2991
-0.07016
-0.05355
-0.43529
0.895951
-0.99999
0.633284
-0.2991
2
-0.07016
-0.05355
-0.43529
0.895951
-0.99999
0.633284
-0.2991
-0.07016
-0.05355
-0.43529
0.895951
-0.99999
0.633284
-0.2991
2
-0.07016
-0.05355
-0.43529
0.895951
-0.99999
0.633284
-0.2991
-0.07016
-0.05355
-0.43529
0.895951
-0.99999
0.633284
-0.2991
goatee
False
False
False
False
False
0.061769
0.10527
0.03567
0
-0.1
0
2
0
0
0
-11
0
None
7
2
0
0
0
1
0
-1
0.478958
0
0
0
1
0
-1
0.478958
3
0
0
0
1
0
-1
0.478958
0
0
0
1
0
-1
0.478958
0
0
0
1
0
-1
0.478958
3
0
0
0
1
0
-1
0.478958
0
0
0
1
0
-1
0.478958
0
0
0
1
0
-1
0.478958
3
0
0
0
1
0
-1
0.478958
0
0
0
1
0
-1
0.478958
0
0
0
1
0
-1
0.478958
2
0
0
0
1
0
-1
0.478958
0
0
0
1
0
-1
0.478958
2
-0.99619
0
0
0.087155
0
-1
0.478958
-0.99619
0
0
0.087155
0
-1
0.478958
2
0
0
0
1
0
-1
0.478958
0
0
0
1
0
-1
0.478958
shell
False
False
False
True
False
0.10527
0.06177
0.12267
0
0
0
0
0
0
0
0
0
None
7
2
0
0
0
1
-0.01493
0.999998
0.63123
0
0
0
1
-0.01493
0.999998
0.63123
3
0
0
0
1
-0.01493
0.999998
0.63123
0
0
0
1
-0.01493
0.999998
0.63123
0
0
0
1
-0.01493
0.999998
0.63123
3
0
0
0
1
-0.01493
0.999998
0.63123
0
0
0
1
-0.01493
0.999998
0.63123
0
0
0
1
-0.01493
0.999998
0.63123
3
0
0
0
1
-0.01493
0.999998
0.63123
0
0
0
1
-0.01493
0.999998
0.63123
0
0
0
1
-0.01493
0.999998
0.63123
2
0
0
0
1
-0.01493
0.999998
0.63123
0
0
0
1
-0.01493
0.999998
0.63123
2
0
0
0
1
-0.01493
0.999998
0.63123
0
0
0
1
-0.01493
0.999998
0.63123
2
0
0
0
1
-0.01493
0.999998
0.63123
0
0
0
1
-0.01493
0.999998
0.63123
moose
False
True
False
True
True
0.03567
0.02697
0.05307
0
0
0
2
1
16
0
-2
9
0
None
7
2
0
0
0
1
-0.71357
1.000004
0.126578
0
0
0
1
-0.71357
1.000004
0.126578
3
0
0
0
1
-0.71357
1.000004
0.126578
0
0
0
1
-0.71357
1.000004
0.126578
0
0
0
1
-0.71357
1.000004
0.126578
3
0
0
0
1
-0.71357
1.000004
0.126578
0
0
0
1
-0.71357
1.000004
0.126578
0
0
0
1
-0.71357
1.000004
0.126578
3
0
0
0
1
-0.71357
1.000004
0.126578
0
0
0
1
-0.71357
1.000004
0.126578
0
0
0
1
-0.71357
1.000004
0.126578
2
0
0
0
1
-0.71357
1.000004
0.126578
0
0
0
1
-0.71357
1.000004
0.126578
2
0
0
0
1
-0.71357
1.000004
0.126578
0
0
0
1
-0.71357
1.000004
0.126578
2
0
0
0
1
-0.71357
1.000004
0.126578
0
0
0
1
-0.71357
1.000004
0.126578
moose2
False
False
False
True
True
0.13137
0.01827
0.02697
-0.12
0
0
15
2
17
18
0
-2
9
0
None
7
2
0
0
0
1
0.357028
1.000015
0.81084
0
0
0
1
0.357028
1.000015
0.81084
3
0
0
0
1
0.357028
1.000015
0.81084
0
0
0
1
0.357028
1.000015
0.81084
0
0
0
1
0.357028
1.000015
0.81084
3
0
0
0
1
0.357028
1.000015
0.81084
0
0
0
1
0.357028
1.000015
0.81084
0
0
0
1
0.357028
1.000015
0.81084
3
0
0
0
1
0.357028
1.000015
0.81084
0
0
0
1
0.357028
1.000015
0.81084
0
0
0
1
0.357028
1.000015
0.81084
2
0
0
0
1
0.357028
1.000015
0.81084
0
0
0
1
0.357028
1.000015
0.81084
2
0
0
0
1
0.357028
1.000015
0.81084
0
0
0
1
0.357028
1.000015
0.81084
2
0
0
0
1
0.357028
1.000015
0.81084
0
0
0
1
0.357028
1.000015
0.81084
moose3
False
False
False
True
True
0.07047
0.00957
0.14877
0
0
-0.14
16
2
19
20
0
-2
9
0
None
7
2
0.257401
0.027053
-0.10096
0.960634
-0.51794
1.000021
-0.17562
0.257401
0.027053
-0.10096
0.960634
-0.51794
1.000021
-0.17562
3
0.257401
0.027053
-0.10096
0.960634
-0.51794
1.000021
-0.17562
0.257401
0.027053
-0.10096
0.960634
-0.51794
1.000021
-0.17562
0.257401
0.027053
-0.10096
0.960634
-0.51794
1.000021
-0.17562
3
0.257401
0.027053
-0.10096
0.960634
-0.51794
1.000021
-0.17562
0.257401
0.027053
-0.10096
0.960634
-0.51794
1.000021
-0.17562
0.257401
0.027053
-0.10096
0.960634
-0.51794
1.000021
-0.17562
3
0.257401
0.027053
-0.10096
0.960634
-0.51794
1.000021
-0.17562
0.257401
0.027053
-0.10096
0.960634
-0.51794
1.000021
-0.17562
0.257401
0.027053
-0.10096
0.960634
-0.51794
1.000021
-0.17562
2
0.257401
0.027053
-0.10096
0.960634
-0.51794
1.000021
-0.17562
0.257401
0.027053
-0.10096
0.960634
-0.51794
1.000021
-0.17562
2
0.257401
0.027053
-0.10096
0.960634
-0.51794
1.000021
-0.17562
0.257401
0.027053
-0.10096
0.960634
-0.51794
1.000021
-0.17562
2
0.257401
0.027053
-0.10096
0.960634
-0.51794
1.000021
-0.17562
0.257401
0.027053
-0.10096
0.960634
-0.51794
1.000021
-0.17562
moose4
False
False
False
True
True
0.01827
0.070469
0.01827
0
0.08
0
16
0
0
-2
9
0
None
7
2
0.258819
0
0
0.965925
0
0
0.999996
0.258819
0
0
0.965925
0
0
0.999996
3
0.258819
0
0
0.965925
0
0
0.999996
0.258819
0
0
0.965925
0
0
0.999996
0.258819
0
0
0.965925
0
0
0.999996
3
0.258819
0
0
0.965925
0
0
0.999996
0.258819
0
0
0.965925
0
0
0.999996
0.258819
0
0
0.965925
0
0
0.999996
3
0.258819
0
0
0.965925
0
0
0.999996
0.258819
0
0
0.965925
0
0
0.999996
0.258819
0
0
0.965925
0
0
0.999996
2
0.258819
0
0
0.965925
0
0
0.999996
0.258819
0
0
0.965925
0
0
0.999996
2
0.258819
0
0
0.965925
0
0
0.999996
0.258819
0
0
0.965925
0
0
0.999996
2
0.258819
0
0
0.965925
0
0
0.999996
0.258819
0
0
0.965925
0
0
0.999996
moose6
False
False
False
True
True
0.01827
0.07047
0.01827
0
0.06
0
17
0
0
-2
9
0
None
7
2
0.155268
0.019064
0.120368
0.980326
-0.72865
0.999984
0.649174
0.155268
0.019064
0.120368
0.980326
-0.72865
0.999984
0.649174
3
0.155268
0.019064
0.120368
0.980326
-0.72865
0.999984
0.649174
0.155268
0.019064
0.120368
0.980326
-0.72865
0.999984
0.649174
0.155268
0.019064
0.120368
0.980326
-0.72865
0.999984
0.649174
3
0.155268
0.019064
0.120368
0.980326
-0.72865
0.999984
0.649174
0.155268
0.019064
0.120368
0.980326
-0.72865
0.999984
0.649174
0.155268
0.019064
0.120368
0.980326
-0.72865
0.999984
0.649174
3
0.155268
0.019064
0.120368
0.980326
-0.72865
0.999984
0.649174
0.155268
0.019064
0.120368
0.980326
-0.72865
0.999984
0.649174
0.155268
0.019064
0.120368
0.980326
-0.72865
0.999984
0.649174
2
0.155268
0.019064
0.120368
0.980326
-0.72865
0.999984
0.649174
0.155268
0.019064
0.120368
0.980326
-0.72865
0.999984
0.649174
2
0.155268
0.019064
0.120368
0.980326
-0.72865
0.999984
0.649174
0.155268
0.019064
0.120368
0.980326
-0.72865
0.999984
0.649174
2
0.155268
0.019064
0.120368
0.980326
-0.72865
0.999984
0.649174
0.155268
0.019064
0.120368
0.980326
-0.72865
0.999984
0.649174
moose7
False
False
False
True
True
0.01827
0.070470
0.01827
0
0.04
0
17
0
0
-2
9
0
None
7
2
0.004222
0.016934
0.241885
0.970148
-0.94203
1.000003
0.099025
0.004222
0.016934
0.241885
0.970148
-0.94203
1.000003
0.099025
3
0.004222
0.016934
0.241885
0.970148
-0.94203
1.000003
0.099025
0.004222
0.016934
0.241885
0.970148
-0.94203
1.000003
0.099025
0.004222
0.016934
0.241885
0.970148
-0.94203
1.000003
0.099025
3
0.004222
0.016934
0.241885
0.970148
-0.94203
1.000003
0.099025
0.004222
0.016934
0.241885
0.970148
-0.94203
1.000003
0.099025
0.004222
0.016934
0.241885
0.970148
-0.94203
1.000003
0.099025
3
0.004222
0.016934
0.241885
0.970148
-0.94203
1.000003
0.099025
0.004222
0.016934
0.241885
0.970148
-0.94203
1.000003
0.099025
0.004222
0.016934
0.241885
0.970148
-0.94203
1.000003
0.099025
2
0.004222
0.016934
0.241885
0.970148
-0.94203
1.000003
0.099025
0.004222
0.016934
0.241885
0.970148
-0.94203
1.000003
0.099025
2
0.004222
0.016934
0.241885
0.970148
-0.94203
1.000003
0.099025
0.004222
0.016934
0.241885
0.970148
-0.94203
1.000003
0.099025
2
0.004222
0.016934
0.241885
0.970148
-0.94203
1.000003
0.099025
0.004222
0.016934
0.241885
0.970148
-0.94203
1.000003
0.099025
mouth
True
False
False
True
False
0.0522
0.087
0.0435
0
0
0.01
3
0
0
0
0
0
SeriousMouth
7
2
0
0
0
1
-0.10407
-0.66693
1.000002
0
0
0
1
-0.10407
-0.66693
1.000002
3
0
0
0
1
-0.10407
-0.66693
1.000002
0
0
0
1
-0.10407
-0.66693
1.000002
0
0
0
1
-0.10407
-0.66693
1.000002
3
0
0
0
1
-0.10407
-0.66693
1.000002
0
0
0
1
-0.10407
-0.66693
1.000002
0
0
0
1
-0.10407
-0.66693
1.000002
3
0
0
0
1
-0.10407
-0.66693
1.000002
0
0
0
1
-0.10407
-0.66693
1.000002
0
0
0
1
-0.10407
-0.66693
1.000002
2
0
0
0
1
-0.10407
-0.66693
1.000002
0
0
0
1
-0.10407
-0.66693
1.000002
2
0
0
0
1
-0.10407
-0.66693
1.000002
0
0
0
1
-0.10407
-0.66693
1.000002
2
0
0
0
1
-0.10407
-0.66693
1.000002
0
0
0
1
-0.10407
-0.66693
1.000002
