30
0.448168
0.282353
0.282353
0.262745
perk_shrink
false
0.757425
tiny
thief
o rato
minúsculo
ladrão
мышь
крошечный
вор
tikus
mungil
pencuri
ratón
pequeño
ladrón
เมาส์
ขนาดเล็ก
ขโมย
minúscula
крошечная
pequeña
M
M
M
крошечное
false
Fur
Uncooked Meat
Bones
?
?
16
torso
False
False
False
False
False
0.171
0.221
0.261
0
0
0
-1
4
1
5
6
7
0
0
0
0
None
7
2
0.017452
0
0
0.999847
0
0
0
0.061048
0
0
0.998134
0
0
0
3
0.104528
0
0
0.994521
0
0
0
-0.1132
0
0
0.993571
0
0
0
-0.1132
0
0
0.993571
0
0
0
3
0.017386
0.087142
0.001521
0.996043
0
0
0
-0.12186
0
0
0.992546
0
0
0
0.017322
-0.12185
-0.00212
0.992395
0
0
0
3
0.190809
0
0
0.981627
0
-0.14
-0.22
0.104528
0
0
0.994521
0
0
0.32
-0.32556
0
0
0.945518
0
0
0.36
2
-0.4848
0
0
0.874619
0
0.06
0.22
-0.52249
0
0
0.85264
0
0.06
0.22
2
-0.99984
0
0
0.017452
0
-0.32
-0.54
-0.99984
0
0
0.017452
0
-0.34
-0.54
2
-0.24192
0
0
0.970295
0
0
0
-0.40673
0
0
0.913545
0
0
0
neck
False
False
False
True
False
0.070999
0.121
0.091
0
0
0
0
1
2
0
0
0
0
None
7
2
-0.12186
0
0
0.992546
-0.02271
0.040513
1.000002
-0.12186
0
0
0.992546
-0.02271
0.040513
1.000002
3
-0.12186
0
0
0.992546
-0.02271
0.040513
1.000002
-0.12186
0
0
0.992546
-0.02271
0.040513
1.000002
-0.12186
0
0
0.992546
-0.02271
0.040513
1.000002
3
-0.52991
0
0
0.848048
-0.02029
0.999999
0.893208
-0.52991
0
0
0.848048
-0.02029
0.999999
0.893208
-0.52991
0
0
0.848048
-0.02029
0.999999
0.893208
3
-0.12186
0
0
0.992546
-0.02271
0.040513
1.000002
-0.12186
0
0
0.992546
-0.02271
0.040513
1.000002
-0.12186
0
0
0.992546
-0.02271
0.040513
1.000002
2
0.182235
0
0
0.983254
-0.02271
-0.42134
1
0.182235
0
0
0.983254
-0.02271
-0.42134
1
2
-0.12186
0
0
0.992546
-0.02271
0.040513
1.000002
-0.12186
0
0
0.992546
-0.02271
0.040513
1.000002
2
-0.03489
0
0
0.99939
-0.02271
0.230347
0.999997
-0.03489
0
0
0.99939
-0.02271
0.230347
0.999997
head
False
False
False
False
False
0.171
0.121
0.111
0
0
0
1
4
3
4
12
13
0
0
2
0
None
7
2
-0.03489
0
0
0.99939
0
-0.05643
0.999997
-0.03489
0
0
0.99939
0
-0.05643
0.999997
3
-0.03489
0
0
0.99939
0
-0.05643
0.999997
0.095845
0
0
0.995396
0
-0.05643
0.999997
-0.03489
0
0
0.99939
0
-0.05643
0.999997
3
-0.12186
0
0
0.992546
0
-0.05643
0.999997
-0.12186
0
0
0.992546
0
-0.05643
0.999997
-0.12186
0
0
0.992546
0
-0.05643
0.999997
3
0.580703
0
0
0.814115
0
-0.05643
0.999997
0.267238
0
0
0.96363
0
-0.05643
0.999997
-0.29237
0
0
0.956304
0
-0.05643
0.999997
2
-0.03489
0
0
0.99939
0
-0.05643
0.999997
-0.03489
0
0
0.99939
0
-0.05643
0.999997
2
-0.99939
0
0
-0.03489
0
-0.05643
0.999997
-0.99939
0
0
-0.03489
0
-0.05643
0.999997
2
-0.12186
0
0
0.992546
0
-0.05643
0.999997
-0.12186
0
0
0.992546
0
-0.05643
0.999997
snout
False
False
False
True
False
0.070997
0.071000
0.101
0
0
0.02
2
2
14
15
0
0
1
0
None
7
2
0.207848
-0.00242
0
0.978158
0.026195
-0.48525
0.999994
0.207848
-0.00242
0
0.978158
0.026195
-0.48525
0.999994
3
0.207848
-0.00242
0
0.978158
0.026195
-0.48525
0.999994
0.207848
-0.00242
0
0.978158
0.026195
-0.48525
0.999994
0.207848
-0.00242
0
0.978158
0.026195
-0.48525
0.999994
3
0.034835
-0.00234
0
0.99939
0.026194
-0.59795
1.000007
0.034835
-0.00234
0
0.99939
0.026194
-0.59795
1.000007
0.034835
-0.00234
0
0.99939
0.026194
-0.59795
1.000007
3
0.207848
-0.00242
0
0.978158
0.026195
-0.48525
0.999994
0.207848
-0.00242
0
0.978158
0.026195
-0.48525
0.999994
0.207848
-0.00242
0
0.978158
0.026195
-0.48525
0.999994
2
0.207848
-0.00242
0
0.978158
0.026195
-0.48525
0.999994
0.207848
-0.00242
0
0.978158
0.026195
-0.48525
0.999994
2
0.207848
-0.00242
0
0.978158
0.026195
-0.48525
0.999994
0.207848
-0.00242
0
0.978158
0.026195
-0.48525
0.999994
2
0.034835
-0.00234
0
0.99939
0.026194
-0.59795
1.000007
0.034835
-0.00234
0
0.99939
0.026194
-0.59795
1.000007
eyes
True
True
False
True
False
0.080000
0.07
0.05
0
0
0.03
2
0
0
0
0
0
BlackEye
7
2
0
-0.13052
0
0.991444
-0.68493
-0.03336
0.999996
0
-0.13052
0
0.991444
-0.68493
-0.03336
0.999996
3
0
-0.13052
0
0.991444
-0.68493
-0.03336
0.999996
0
-0.13052
0
0.991444
-0.68493
-0.03336
0.999996
0
-0.13052
0
0.991444
-0.68493
-0.03336
0.999996
3
0
-0.13052
0
0.991444
-0.52637
0.117918
1.000007
0
-0.13052
0
0.991444
-0.52637
0.117918
1.000007
0
-0.13052
0
0.991444
-0.52637
0.117918
1.000007
3
0
-0.13052
0
0.991444
-0.68493
-0.03336
0.999996
0
-0.13052
0
0.991444
-0.68493
-0.03336
0.999996
0
-0.13052
0
0.991444
-0.68493
-0.03336
0.999996
2
0
-0.13052
0
0.991444
-0.68493
-0.03336
0.999996
0
-0.13052
0
0.991444
-0.68493
-0.03336
0.999996
2
0
-0.13052
0
0.991444
-0.68493
-0.03336
0.999996
0
-0.13052
0
0.991444
-0.68493
-0.03336
0.999996
2
0
-0.13052
0
0.991444
-0.52637
0.117918
1.000007
0
-0.13052
0
0.991444
-0.52637
0.117918
1.000007
shoulder
False
True
True
False
False
0.051
0.101
0.131
0
0
0
0
1
8
0
0
2
0
None
7
2
-0.60181
0
0
0.798635
-0.99999
-0.52975
0.545932
-0.60181
0
0
0.798635
-0.99999
-0.52975
0.545932
3
-0.49242
0
0
0.870355
-0.99999
-0.52975
0.545932
-0.60181
0
0
0.798635
-0.99999
-0.52975
0.545932
-0.95105
0
0
0.309017
-0.99999
-0.52975
0.545932
3
-0.73821
0.136402
-0.15691
0.641722
-1
-0.8175
0.683639
-0.66913
0
0
0.743144
-1
-0.43013
0.545969
-0.5944
-0.12493
0.094144
0.788803
-0.99273
-0.99999
0.325328
3
-0.60181
0
0
0.798635
-0.99999
-0.52975
0.545932
-0.60181
0
0
0.798635
-0.99999
-0.52975
0.545932
-0.98325
0
0
0.182235
-0.99999
-0.52975
0.545932
2
-0.52538
-0.11069
0.069168
0.840793
-0.7381
-1
0.467153
-0.52538
-0.11069
0.069168
0.840793
-0.7381
-1
0.467153
2
-0.79863
0
0
-0.60181
-0.99999
-0.52975
0.545932
-0.79863
0
0
-0.60181
-0.99999
-0.52975
0.545932
2
-0.54256
0.073094
0.047468
-0.83547
-1
0.381152
0.545962
-0.26622
0.055437
0.067251
-0.95996
-1
0.947803
0.427673
hip
False
True
True
False
False
0.060999
0.111
0.131
0
0
0
0
1
10
0
0
-3
0
None
7
2
-0.62271
0.019606
-0.05971
0.779922
-0.99999
-0.44414
-0.71863
-0.62271
0.019606
-0.05971
0.779922
-0.99999
-0.44414
-0.71863
3
-0.77675
0.032066
-0.05405
0.626655
-0.99999
-0.44414
-0.71863
-0.62271
0.019606
-0.05971
0.779922
-0.99999
-0.44414
-0.71863
-0.47781
0.008939
-0.06221
0.876206
-0.99999
-0.44414
-0.71863
3
-0.49957
0.145179
-0.14165
0.842188
-1
-0.73568
-0.71863
-0.51558
0.011644
-0.06176
0.85453
-1
-0.32168
-0.71861
-0.5521
-0.19237
0.100913
0.804979
-1
-0.73568
-0.71863
3
-0.55236
0.014327
-0.06119
0.831227
-0.99999
-0.44414
-0.71863
-0.51558
0.011644
-0.06176
0.85453
-0.99999
-0.44414
-0.71863
-0.43914
0.006216
-0.06254
0.896214
-0.99999
-0.44414
-0.71863
2
-0.98937
0.102824
-0.10135
0.016823
-0.99999
-0.44414
-0.71863
-0.98937
0.102824
-0.10135
0.016823
-0.99999
-0.44414
-0.71863
2
-0.77992
-0.05971
-0.0196
-0.62271
-0.99999
-0.44414
-0.71863
-0.77992
-0.05971
-0.0196
-0.62271
-0.99999
-0.44414
-0.71863
2
-0.51558
0.011644
-0.06176
0.85453
-1
-0.73568
-0.71863
-0.51558
0.011644
-0.06176
0.85453
-1
-0.73568
-0.71863
tail
False
False
False
False
False
0.041
0.041
0.411005
0
0
0.4
0
0
-10
11
9
0
None
7
2
-0.9768
0.027733
0.044383
0.207626
0.035806
0.519276
-0.99999
-0.9768
0.027733
0.044383
0.207626
0.035806
0.519276
-0.99999
3
-0.95426
-0.00874
0.21333
0.209288
0.035806
0.519276
-0.99999
-0.96967
0.063366
-0.12591
0.199656
0.035806
0.519276
-0.99999
-0.9768
0.027733
0.044383
0.207626
0.035806
0.519276
-0.99999
3
-0.90913
-0.04137
0.359982
0.205344
0.035806
0.519276
-0.99999
-0.97609
0.049284
-0.05796
0.20359
0.035806
0.519276
-0.99999
-0.87585
0.124916
-0.43474
0.168148
0.035804
0.726443
-1
3
-0.99782
0.010688
-0.03705
-0.05339
0.035806
0.519276
-0.99999
-0.99859
0.01747
0.049334
-0.00871
0.035806
0.519276
-0.99999
-0.92591
0.035019
0.038893
0.374093
0.035806
0.519276
-0.99999
2
-0.86916
0.039796
0.033989
0.491749
0.035806
0.519276
-0.99999
-0.86916
0.039796
0.033989
0.491749
0.035806
0.519276
-0.99999
2
-0.03485
0.048525
-0.0196
-0.99802
0.035806
0.519276
-0.99999
-0.03485
0.048525
-0.0196
-0.99802
0.035806
0.519276
-0.99999
2
-0.9768
0.027733
0.044383
0.207626
0.035806
0.519276
-0.99999
-0.9768
0.027733
0.044383
0.207626
0.035806
0.519276
-0.99999
arm
False
False
True
False
False
0.041
0.041000
0.091000
0
0
-0.1
5
1
9
0
0
6
0
None
7
2
-0.95531
-0.03825
0.255976
0.142772
-0.13781
0
-1
-0.95531
-0.03825
0.255976
0.142772
-0.13781
0
-1
3
-0.80547
0.073508
0.24816
0.53313
-0.13781
0
-1
-0.82796
0.062614
0.251131
0.497488
-0.13781
0
-1
-0.95531
-0.03825
0.255976
0.142772
-0.13781
0
-1
3
-0.78828
0.132222
-0.18198
0.57272
-0.1378
-0.25164
-0.99999
-0.52991
0
0
0.848048
-0.13782
0.136962
-0.99999
-0.6861
-0.11252
0.108668
0.710483
-0.13781
0
-1
3
-0.95531
-0.03825
0.255976
0.142772
-0.13781
0
-1
-0.95531
-0.03825
0.255976
0.142772
-0.13781
0
-1
-0.95531
-0.03825
0.255976
0.142772
-0.13781
0
-1
2
-0.91601
0.006775
0.25873
0.306492
-0.13781
0
-1
-0.91601
0.006775
0.25873
0.306492
-0.13781
0
-1
2
-0.14277
0.255976
0.038255
-0.95531
-0.13781
0
-1
-0.14277
0.255976
0.038255
-0.95531
-0.13781
0
-1
2
-0.57885
0.140484
0.102067
-0.79672
-0.13781
0
-1
-0.22989
0.09073
0.148059
-0.95759
-0.13781
0
-1
hand
False
False
True
False
False
0.041
0.031
0.041
0
-0.02
0
8
0
-10
11
9
0
None
7
2
0.300705
0
0
0.953716
0.191439
-0.41203
-0.99999
0.300705
0
0
0.953716
0.191439
-0.41203
-0.99999
3
0.300705
0
0
0.953716
0.191439
-0.41203
-0.99999
0.300705
0
0
0.953716
0.191439
-0.41203
-0.99999
0.300705
0
0
0.953716
0.191439
-0.41203
-0.99999
3
0.300705
0
0
0.953716
0.191498
-0.41204
-1
0.207911
0
0
0.978147
0.191498
-0.41204
-1
0.207911
0
0
0.978147
0.191498
-0.41204
-1
3
0.300705
0
0
0.953716
0.191439
-0.41203
-0.99999
0.300705
0
0
0.953716
0.191439
-0.41203
-0.99999
0.300705
0
0
0.953716
0.191439
-0.41203
-0.99999
2
0.300705
0
0
0.953716
0.191439
-0.41203
-0.99999
0.300705
0
0
0.953716
0.191439
-0.41203
-0.99999
2
-0.95371
0
0
0.300706
0.191439
-0.41203
-0.99999
-0.95371
0
0
0.300706
0.191439
-0.41203
-0.99999
2
-0.96592
0
0
-0.25881
0.191498
-0.41204
-1
-0.96592
0
0
-0.25881
0.191498
-0.41204
-1
leg
False
False
True
False
False
0.031
0.051
0.121
0
0
-0.08
6
1
11
-10
11
9
0
None
7
2
-0.69465
0
0
0.719339
-0.04329
0
-0.99999
-0.69465
0
0
0.719339
-0.04329
0
-0.99999
3
-0.80901
0
0
0.587785
-0.04329
0
-0.99999
-0.69465
0
0
0.719339
-0.04329
0
-0.99999
-0.44619
0
0
0.894934
-0.04329
0
-0.99999
3
-0.68189
0.137256
-0.13254
0.706123
-0.04329
0
-0.99999
-0.51503
0
0
0.857167
-0.04329
0
-0.99999
-0.70841
-0.12062
0.124912
0.684104
-0.04329
0
-0.99999
3
-0.69465
0
0
0.719339
-0.04329
0
-0.99999
-0.40673
0
0
0.913545
-0.04329
0
-0.99999
-0.40673
0
0
0.913545
-0.04329
0
-0.99999
2
-0.99718
0.002662
-0.04353
0.06099
-0.04329
0
-0.99999
-0.99718
0.002662
-0.04353
0.06099
-0.04329
0
-0.99999
2
-0.71933
0
0
-0.69465
-0.04329
0
-0.99999
-0.71933
0
0
-0.69465
-0.04329
0
-0.99999
2
-0.69465
0
0
0.719339
-0.04329
0
-0.99999
-0.69465
0
0
0.719339
-0.04329
0
-0.99999
foot
False
False
True
False
False
0.041
0.031
0.111
0
0
0.08
10
0
-10
11
9
0
None
7
2
0
-0.13052
0
0.991444
0.016867
-0.30397
-0.99999
0
-0.13052
0
0.991444
0.016867
-0.30397
-0.99999
3
0
-0.13052
0
0.991444
0.016867
-0.30397
-0.99999
0
-0.13052
0
0.991444
0.016867
-0.30397
-0.99999
0
-0.13052
0
0.991444
0.016867
-0.30397
-0.99999
3
0
-0.13052
0
0.991444
0.016867
-0.30397
-0.99999
0.241921
0
0
0.970295
0.016867
-0.30397
-0.99999
0.241921
0
0
0.970295
0.016867
-0.30397
-0.99999
3
0
-0.13052
0
0.991444
0.016867
-0.30397
-0.99999
0
-0.13052
0
0.991444
0.016867
-0.30397
-0.99999
0
-0.13052
0
0.991444
0.016867
-0.30397
-0.99999
2
-0.70105
-0.09229
-0.09229
0.701057
0.016867
-0.30397
-0.99999
-0.70105
-0.09229
-0.09229
0.701057
0.016867
-0.30397
-0.99999
2
-0.99144
0
0.130526
0
0.016867
-0.30397
-0.99999
-0.99144
0
0.130526
0
0.016867
-0.30397
-0.99999
2
0
-0.13052
0
0.991444
0.016867
-0.30397
-0.99999
0
-0.13052
0
0.991444
0.016867
-0.30397
-0.99999
ear
False
True
False
True
True
0.101
0.091
0.011
-0.04
0
0
2
0
-10
11
9
0
None
7
2
0.089483
-0.13852
-0.4892
0.856432
-0.85414
0.999997
-0.3401
0.089483
-0.13852
-0.4892
0.856432
-0.85414
0.999997
-0.3401
3
0.089483
-0.13852
-0.4892
0.856432
-0.85414
0.999997
-0.3401
0.089483
-0.13852
-0.4892
0.856432
-0.85414
0.999997
-0.3401
0.089483
-0.13852
-0.4892
0.856432
-0.85414
0.999997
-0.3401
3
0
0
-0.69465
0.719339
-0.85414
0.999997
-0.3401
0
0
-0.69465
0.719339
-0.85414
0.999997
-0.3401
0
0
-0.69465
0.719339
-0.85414
0.999997
-0.3401
3
0.089483
-0.13852
-0.4892
0.856432
-0.85414
0.999997
-0.3401
0.089483
-0.13852
-0.4892
0.856432
-0.85414
0.999997
-0.3401
0.089483
-0.13852
-0.4892
0.856432
-0.85414
0.999997
-0.3401
2
0.089483
-0.13852
-0.4892
0.856432
-0.85414
0.999997
-0.3401
0.089483
-0.13852
-0.4892
0.856432
-0.85414
0.999997
-0.3401
2
0.089483
-0.13852
-0.4892
0.856432
-0.85414
0.999997
-0.3401
0.089483
-0.13852
-0.4892
0.856432
-0.85414
0.999997
-0.3401
2
0
0
-0.69465
0.719339
-0.85414
0.999997
-0.3401
0
0
-0.69465
0.719339
-0.85414
0.999997
-0.3401
sideburns
False
True
False
False
False
0.070999
0.061
0.081
0
0
0
2
0
0
0
6
0
None
7
2
0.045717
0.42261
-0.0106
0.905095
-0.99999
-0.29874
-0.13587
0.045717
0.42261
-0.0106
0.905095
-0.99999
-0.29874
-0.13587
3
0.045717
0.42261
-0.0106
0.905095
-0.99999
-0.29874
-0.13587
0.045717
0.42261
-0.0106
0.905095
-0.99999
-0.29874
-0.13587
0.045717
0.42261
-0.0106
0.905095
-0.99999
-0.29874
-0.13587
3
0.045717
0.42261
-0.0106
0.905095
-0.99999
-0.29874
-0.13587
0.045717
0.42261
-0.0106
0.905095
-0.99999
-0.29874
-0.13587
0.045717
0.42261
-0.0106
0.905095
-0.99999
-0.29874
-0.13587
3
0.045717
0.42261
-0.0106
0.905095
-0.99999
-0.29874
-0.13587
0.045717
0.42261
-0.0106
0.905095
-0.99999
-0.29874
-0.13587
0.045717
0.42261
-0.0106
0.905095
-0.99999
-0.29874
-0.13587
2
0.045717
0.42261
-0.0106
0.905095
-0.99999
-0.29874
-0.13587
0.045717
0.42261
-0.0106
0.905095
-0.99999
-0.29874
-0.13587
2
-0.90509
-0.0106
-0.42261
0.045717
-0.99999
-0.29874
-0.13587
-0.90509
-0.0106
-0.42261
0.045717
-0.99999
-0.29874
-0.13587
2
0.045717
0.42261
-0.0106
0.905095
-0.99999
-0.29874
-0.13587
0.045717
0.42261
-0.0106
0.905095
-0.99999
-0.29874
-0.13587
mouth
True
False
False
True
False
0.059999
0.05
0.05
0
0
0.01
3
0
0
0
0
0
CuteMouth
7
2
0
0
0
1
0.028037
-0.41315
1.000002
0
0
0
1
0.028037
-0.41315
1.000002
3
0
0
0
1
0.028037
-0.41315
1.000002
0
0
0
1
0.028037
-0.41315
1.000002
0
0
0
1
0.028037
-0.41315
1.000002
3
0
0
0
1
0.028037
-0.25077
0.999987
0
0
0
1
0.028037
-0.25077
0.999987
0
0
0
1
0.028037
-0.25077
0.999987
3
0
0
0
1
0.028037
-0.41315
1.000002
0
0
0
1
0.028037
-0.41315
1.000002
0
0
0
1
0.028037
-0.41315
1.000002
2
0
0
0
1
0.028037
-0.41315
1.000002
0
0
0
1
0.028037
-0.41315
1.000002
2
0
0
0
1
0.028037
-0.41315
1.000002
0
0
0
1
0.028037
-0.41315
1.000002
2
0
0
0
1
0.028037
-0.25077
0.999987
0
0
0
1
0.028037
-0.25077
0.999987
snouttip
False
False
False
True
False
0.041
0.021
0.021
0
0
0
3
0
-10
11
9
0
None
7
2
-0.13052
0
0
0.991444
0
0.982601
0.999987
-0.13052
0
0
0.991444
0
0.982601
0.999987
3
-0.13052
0
0
0.991444
0
0.982601
0.999987
-0.13052
0
0
0.991444
0
0.982601
0.999987
-0.13052
0
0
0.991444
0
0.982601
0.999987
3
-0.13052
0
0
0.991444
0
0.794088
0.999999
-0.13052
0
0
0.991444
0
0.794088
0.999999
-0.13052
0
0
0.991444
0
0.794088
0.999999
3
-0.13052
0
0
0.991444
0
0.982601
0.999987
-0.13052
0
0
0.991444
0
0.982601
0.999987
-0.13052
0
0
0.991444
0
0.982601
0.999987
2
-0.13052
0
0
0.991444
0
0.982601
0.999987
-0.13052
0
0
0.991444
0
0.982601
0.999987
2
-0.13052
0
0
0.991444
0
0.982601
0.999987
-0.13052
0
0
0.991444
0
0.982601
0.999987
2
-0.13052
0
0
0.991444
0
0.794088
0.999999
-0.13052
0
0
0.991444
0
0.794088
0.999999
