30
0.263975
0.301960
0.529411
0.752941
perk_tail_slap
false
0.687205
spear-headed
whale
narval
com cara de lança
baleia
нарвал
копье-голова
КИТ
narwhal
dipelopori
ikan-paus
narval
encabezado-lanza
ballena
นาร์วาล
เป็นหัวหอก
ปลาวาฬ
com cara de lança
копье-голова
encabezada-lanza
F
M
F
копье-голова
false
Uncooked Meat
Bones
?
?
?
11
torso
False
False
False
False
False
0.241707
0.251736
0.412206
0
0
0
-1
3
1
4
5
0
0
0
0
None
7
2
0.017452
0
0
0.999847
0
0
0
-0.03489
0
0
0.99939
0
0
0
3
0.069756
0
0
0.997564
0
0
0
-0.15643
0
0
0.987688
0
0
0
-0.15643
0
0
0.987688
0
0
0
3
0.017409
0.069745
0.001217
0.997412
0
0
0
0.017409
0.069745
0.001217
0.997412
0
0
0
0.017386
-0.08714
-0.00152
0.996043
0
0
0
3
0.190809
0
0
0.981627
0
-0.06
-0.26
0.061048
0
0
0.998134
0
0
0.36
-0.1132
0
0
0.993571
0
0
0.36
2
-0.4848
0
0
0.874619
0
0.16
0.56
-0.52249
0
0
0.85264
0
0.16
0.56
2
-0.99984
0
0
0.017452
0
-0.52
-0.55999
-0.99984
0
0
0.017452
0
-0.54
-0.55999
2
-0.24192
0
0
0.970295
0
0
0
-0.3665
0
0
0.930417
0
0
0
neck
False
False
False
True
False
0.081237
0.101296
0.061179
0
0
0
0
1
2
0
0
0
0
None
7
2
0.052335
0
0
0.998629
-0.05528
-0.08989
0.999998
0.052335
0
0
0.998629
-0.05528
-0.08989
0.999998
3
0.052335
0
0
0.998629
-0.05528
-0.08989
0.999998
0.052335
0
0
0.998629
-0.05528
-0.08989
0.999998
0.052335
0
0
0.998629
-0.05528
-0.08989
0.999998
3
0.052335
0
0
0.998629
-0.05528
-0.08989
0.999998
0.052335
0
0
0.998629
-0.05528
-0.08989
0.999998
0.052335
0
0
0.998629
-0.05528
-0.08989
0.999998
3
0.052335
0
0
0.998629
-0.05528
-0.08989
0.999998
0.052335
0
0
0.998629
-0.05528
-0.08989
0.999998
0.052335
0
0
0.998629
-0.05528
-0.08989
0.999998
2
0.052335
0
0
0.998629
-0.04328
-1
0.782931
0.052335
0
0
0.998629
-0.04328
-1
0.782931
2
0.052335
0
0
0.998629
-0.05528
-0.08989
0.999998
0.052335
0
0
0.998629
-0.05528
-0.08989
0.999998
2
0.052335
0
0
0.998629
-0.05528
-0.08989
0.999998
0.052335
0
0
0.998629
-0.05528
-0.42495
1.000001
head
False
False
False
False
False
0.19156
0.201589
0.071208
0
0
0
1
3
3
8
9
0
-2
-5
0
None
7
2
0
0
0
1
0.059263
0.346405
1.000001
0
0
0
1
0.059263
0.346405
1.000001
3
0
0
0
1
0.059263
0.346405
1.000001
-0.37454
-0.00653
0.016181
0.927042
0.059263
0.346405
1.000001
-0.37454
-0.00653
0.016181
0.927042
0.059263
0.346405
1.000001
3
0
0.241921
0
0.970295
0.059263
0.346405
1.000001
0
0.241921
0
0.970295
0.059263
0.346405
1.000001
0
-0.29237
0
0.956304
0.059263
0.346405
1.000001
3
0.422618
0
0
0.906307
0.059263
0.346405
1.000001
0.087155
0
0
0.996194
0.059263
0.346405
1.000001
-0.42261
0
0
0.906307
0.059263
0.346405
1.000001
2
0
0
0
1
0.059263
0.346405
1.000001
0
0
0
1
0.059263
0.346405
1.000001
2
-1
0
0
0
0.059263
0.346405
1.000001
-1
0
0
0
0.059263
0.346405
1.000001
2
0
0
0
1
0.059263
0.346405
1.000001
0
0
0
1
0.059263
0.346405
1.000001
eyes
True
True
False
True
False
0.060176
0.060176
0.050146
0
0
0.01
2
0
0
0
0
0
DerpyEye
7
2
0
0
0
1
-0.97249
0.14034
1.000002
0
0
0
1
-0.97249
0.14034
1.000002
3
0
0
0
1
-0.97249
0.14034
1.000002
0
0
0
1
-0.97249
0.14034
1.000002
0
0
0
1
-0.97249
0.14034
1.000002
3
0
0
0
1
-0.97249
0.14034
1.000002
0
0
0
1
-0.97249
0.14034
1.000002
0
0
0
1
-0.97249
0.14034
1.000002
3
0
0
0
1
-0.97249
0.14034
1.000002
0
0
0
1
-0.97249
0.14034
1.000002
0
0
0
1
-0.97249
0.14034
1.000002
2
0
0
0
1
-0.97249
0.14034
1.000002
0
0
0
1
-0.97249
0.14034
1.000002
2
0
0
0
1
-0.97249
0.14034
1.000002
0
0
0
1
-0.97249
0.14034
1.000002
2
0
0
0
1
-0.97249
0.14034
1.000002
0
0
0
1
-0.97249
0.14034
1.000002
shoulder
False
True
False
False
False
0.03109
0.041120
0.131384
0
0
-0.08
0
1
7
0
0
-2
0
None
7
2
-0.87811
0.469185
-0.01638
0.092293
-1
0.016223
0.357011
-0.76137
0.641502
0.003162
0.093683
-1
0.210917
0.357012
3
-0.61135
0.785782
0.022571
0.090978
-1
0.400883
0.357023
-0.78329
0.614539
0
0.093736
-1
-0.17345
0.357017
-0.87811
0.469185
-0.01638
0.092293
-1
-0.50927
0.357008
3
-0.87811
0.469185
-0.01638
0.092293
-1
-0.20426
0.425005
-0.73852
0.667682
0.00643
0.093515
-1
0.234222
0.303096
-0.87811
0.469185
-0.01638
0.092293
-1
-0.19755
0.126079
3
-0.87811
0.469185
-0.01638
0.092293
-1
0.016223
0.357011
-0.66922
0.742494
0.028359
0.006077
-1
0.016223
0.357011
-0.87811
0.469185
-0.01638
0.092293
-1
0.016223
0.357011
2
-0.97377
0.174618
0.017479
0.144792
-1
0.016223
0.357011
-0.97377
0.174618
0.017479
0.144792
-1
0.016223
0.357011
2
-0.09229
-0.01638
-0.46918
-0.87811
-1
0.016223
0.357011
-0.09229
-0.01638
-0.46918
-0.87811
-1
0.016223
0.357011
2
-0.0849
0.039713
0.225926
-0.96962
-0.99999
0.482463
0.357012
0.332827
-0.05948
0.221542
-0.91466
-0.58116
1.000002
0.32835
tail
False
False
False
False
False
0.141413
0.171503
0.291857
0
0.02
0.2
0
1
6
0
1
-2
0
None
7
2
-0.96498
-0.02528
0.240596
0.101423
-0.05379
0.345339
-0.99999
-0.9709
0.028931
-0.11882
0.205857
-0.05379
0.345339
-0.99999
3
-0.93954
0.002428
0.017282
0.341968
-0.05379
0.345339
-0.99999
-0.96685
-0.00199
0.121994
0.224272
-0.05379
0.345339
-0.99999
-0.99043
-0.03966
0.061094
-0.11718
-0.05379
0.345339
-0.99999
3
-0.96498
-0.02528
0.240596
0.101423
-0.05379
0.345339
-0.99999
-0.99391
-0.00364
0.034708
0.104464
-0.05379
0.345339
-0.99999
-0.96903
0.023513
-0.22371
0.101849
-0.05379
0.345339
-0.99999
3
-0.88981
0.048231
0.237065
0.386904
-0.05379
0.345339
-0.99999
-0.87209
0.058526
0.234735
0.425349
-0.05379
0.345339
-0.99999
-0.96996
-0.05647
0.235237
-0.02539
-0.05379
0.345339
-0.99999
2
-0.90584
0.037844
0.238943
0.347723
-0.05379
0.345339
-0.99999
-0.90584
0.037844
0.238943
0.347723
-0.05379
0.345339
-0.99999
2
0.067684
0.23255
0.066682
-0.96793
-0.05379
0.345339
-0.99999
0.067684
0.23255
0.066682
-0.96793
-0.05379
0.345339
-0.99999
2
-0.96498
-0.02528
0.240596
0.101423
-0.05379
0.345339
-0.99999
-0.96498
-0.02528
0.240596
0.101423
-0.05379
0.345339
-0.99999
tailext
False
True
False
True
False
0.101296
0.04112
0.21162
0
0
0.08
5
0
0
2
-2
0
None
7
2
0.166921
-0.27144
-0.04786
0.946658
-0.49372
-0.56527
0.999999
0.100479
-0.26744
-0.06668
0.955995
-0.49371
-0.18396
1.000001
3
0.166921
-0.27144
-0.04786
0.946658
-0.49372
-0.58219
1.000002
0.166921
-0.27144
-0.04786
0.946658
-0.49372
-0.58219
1.000002
0.166921
-0.27144
-0.04786
0.946658
-0.49372
-0.58219
1.000002
3
0.166921
-0.27144
-0.04786
0.946658
-0.49372
-0.58219
1.000002
0.166921
-0.27144
-0.04786
0.946658
-0.49372
-0.58219
1.000002
0.166921
-0.27144
-0.04786
0.946658
-0.49372
-0.58219
1.000002
3
0.166921
-0.27144
-0.04786
0.946658
-0.49372
-0.56527
0.999999
0.166921
-0.27144
-0.04786
0.946658
-0.49372
-0.56527
0.999999
0.166921
-0.27144
-0.04786
0.946658
-0.49372
-0.56527
0.999999
2
0.166921
-0.27144
-0.04786
0.946658
-0.49372
-0.56527
0.999999
0.166921
-0.27144
-0.04786
0.946658
-0.49372
-0.56527
0.999999
2
0.166921
-0.27144
-0.04786
0.946658
-0.49372
-0.56527
0.999999
0.166921
-0.27144
-0.04786
0.946658
-0.49372
-0.56527
0.999999
2
0.166921
-0.27144
-0.04786
0.946658
-0.49372
-0.58219
1.000002
0.166921
-0.27144
-0.04786
0.946658
-0.49372
-0.58219
1.000002
wing
False
False
False
True
False
0.021061
0.161472
0.101296
0
0.14
0
4
0
0
0
-4
0
None
7
2
0
0
0
1
-0.17827
1.000005
-0.1875
0
0
0
1
-0.17827
1.000005
-0.1875
3
0
0
0
1
-0.17827
1.000005
-0.1875
0
0
0
1
-0.17827
1.000005
-0.1875
0
0
0
1
-0.17827
1.000005
-0.1875
3
0
0
0
1
-0.17827
1.000005
-0.1875
0
0
0
1
-0.17827
1.000005
-0.1875
0
0
0
1
-0.17827
1.000005
-0.1875
3
0
0
0
1
-0.17827
1.000005
-0.1875
0
0
0
1
-0.17827
1.000005
-0.1875
0
0
0
1
-0.17827
1.000005
-0.1875
2
0
0
0
1
-0.17827
1.000005
-0.1875
0
0
0
1
-0.17827
1.000005
-0.1875
2
0
0
0
1
-0.17827
1.000005
-0.1875
0
0
0
1
-0.17827
1.000005
-0.1875
2
0
0
0
1
-0.17827
1.000005
-0.1875
0
0
0
1
-0.17827
1.000005
-0.1875
narwhalnose
False
False
False
True
False
0.051149
0.03109
0.301883
0
0
0.28
2
0
0
-11
5
0
None
7
2
-0.06975
0
0
0.997564
-0.00648
0.533809
0.999998
-0.06975
0
0
0.997564
-0.00648
0.533809
0.999998
3
-0.06975
0
0
0.997564
-0.00648
0.533809
0.999998
-0.06975
0
0
0.997564
-0.00648
0.533809
0.999998
-0.06975
0
0
0.997564
-0.00648
0.533809
0.999998
3
-0.06975
0
0
0.997564
-0.00648
0.533809
0.999998
-0.06975
0
0
0.997564
-0.00648
0.533809
0.999998
-0.06975
0
0
0.997564
-0.00648
0.533809
0.999998
3
-0.06975
0
0
0.997564
-0.00648
0.533809
0.999998
-0.06975
0
0
0.997564
-0.00648
0.533809
0.999998
-0.06975
0
0
0.997564
-0.00648
0.533809
0.999998
2
-0.06975
0
0
0.997564
-0.00648
0.533809
0.999998
-0.06975
0
0
0.997564
-0.00648
0.533809
0.999998
2
-0.06975
0
0
0.997564
-0.00648
0.533809
0.999998
-0.06975
0
0
0.997564
-0.00648
0.533809
0.999998
2
-0.06975
0
0
0.997564
-0.00648
0.533809
0.999998
-0.06975
0
0
0.997564
-0.00648
0.533809
0.999998
snout
False
False
False
True
False
0.141
0.101
0.041
0
0
0
2
1
10
0
-2
-5
0
None
7
2
0
0
0
1
-0.05554
-0.41072
1.000012
0
0
0
1
-0.05554
-0.41072
1.000012
3
0
0
0
1
-0.05554
-0.41072
1.000012
0
0
0
1
-0.05554
-0.41072
1.000012
0
0
0
1
-0.05554
-0.41072
1.000012
3
0
0
0
1
-0.05554
-0.41072
1.000012
0
0
0
1
-0.05554
-0.41072
1.000012
0
0
0
1
-0.05554
-0.41072
1.000012
3
0
0
0
1
-0.05554
-0.41072
1.000012
0
0
0
1
-0.05554
-0.41072
1.000012
0
0
0
1
-0.05554
-0.41072
1.000012
2
0
0
0
1
-0.05554
-0.41072
1.000012
0
0
0
1
-0.05554
-0.41072
1.000012
2
0
0
0
1
-0.05554
-0.41072
1.000012
0
0
0
1
-0.05554
-0.41072
1.000012
2
0
0
0
1
-0.05554
-0.41072
1.000012
0
0
0
1
-0.05554
-0.41072
1.000012
mouth
True
False
False
False
False
0.1
0.1
0.05
0
0
0.01
9
0
0
0
0
0
FishMouth
7
2
0
0
0
1
0
0
0.999997
0
0
0
1
0
0
0.999997
3
0
0
0
1
0
0
0.999997
0
0
0
1
0
0
0.999997
0
0
0
1
0
0
0.999997
3
0
0
0
1
0
0
0.999997
0
0
0
1
0
0
0.999997
0
0
0
1
0
0
0.999997
3
0
0
0
1
0
0
0.999997
0
0
0
1
0
0
0.999997
0
0
0
1
0
0
0.999997
2
0
0
0
1
0
0
0.999997
0
0
0
1
0
0
0.999997
2
-1
0
0
0
0
0
0.999997
-1
0
0
0
0
0
0.999997
2
0
0
0
1
0
0
0.999997
0
0
0
1
0
0
0.999997
