30
0.880961
0.784313
0.756862
0.474509
perk_dash
false
0.226840
stealth
warrior
ninja
furtivo
guerreiro
ниндзя
скрытый
воин
ninja
yang diam-diam
pejuang
ninja
cauteloso
guerrero
นิ นจา
ลอบ
นักรบ
furtiva
скрытая
cautelosa
M
M
M
скрытое
false
Metal Sword
Bones
?
?
?
21
torso
False
False
False
False
False
0.191
0.111
0.281
0
0
0
-1
6
1
5
6
15
16
17
-1
0
-20
0
None
7
2
-0.65605
0
0
0.754709
0
0
0
-0.68835
0
0
0.725374
0
0
0
3
-0.62251
0
0
0.782608
0
0
0
-0.68835
0
0
0.725374
0
0
0
-0.65605
0
0
0.754709
0
0
0
3
-0.65446
0.052645
-0.04576
0.752871
0
0
0
-0.65605
0
0
0.754709
0
0
0
-0.65116
-0.09197
0.079953
0.749084
0
0
0
3
-0.51503
0
0
0.857167
0
0
-0.18
-0.58778
0
0
0.809017
0
-0.3
0.04
-0.65605
0
0
0.754709
0
-0.34
0.06
2
-0.65605
0
0
0.754709
0
0
-0.18
-0.65605
0
0
0.754709
0
0
-0.18
2
-0.99756
0
0
0.069756
0
0.16
-0.45999
-0.99756
0
0
0.069756
0
0.14
-0.45999
2
-0.77714
0
0
0.62932
0
0
0
-0.82903
0
0
0.559193
0
0
0
neck
False
False
False
True
False
0.101
0.081000
0.141
0
0
0.04
0
1
2
-1
0
-20
0
None
7
2
0
0
0
1
0.071325
-0.00743
1
0
0
0
1
0.071325
-0.00743
1
3
0
0
0
1
0.071325
-0.00743
1
0
0
0
1
0.071325
-0.00743
1
0
0
0
1
0.071325
-0.00743
1
3
0
0
0
1
0.071325
-0.00743
1
0
0
0
1
0.071325
-0.00743
1
0
0
0
1
0.071325
-0.00743
1
3
0
0
0
1
0.071325
-0.00743
1
0
0
0
1
0.071325
-0.00743
1
0
0
0
1
0.071325
-0.00743
1
2
0
0
0
1
0.071325
-0.00743
1
0
0
0
1
0.071325
-0.00743
1
2
0
0
0
1
0.071325
-0.00743
1
0
0
0
1
0.071325
-0.00743
1
2
0.34202
0
0
0.939692
0.053353
-0.99999
0.747957
0.461748
0
0
0.88701
0.03907
-1
0.547733
head
False
False
False
False
False
0.131
0.141
0.141
0
0
0
1
4
3
4
11
20
-1
0
-20
0
None
7
2
0.069756
0
0
0.997564
0
-0.42545
0.999996
0.026176
0
0
0.999657
0
-0.42545
0.999996
3
0.069756
0
0
0.997564
0
-0.42545
0.999996
0.069756
0
0
0.997564
0
-0.42545
0.999996
0.113203
0
0
0.993571
0
-1
0.989477
3
0.069756
0
0
0.997564
0
-0.42545
0.999996
0.069756
0
0
0.997564
0
-0.42545
0.999996
0.069756
0
0
0.997564
0
-0.42545
0.999996
3
0.446198
0
0
0.894934
0
-0.42545
0.999996
-0.10452
0
0
0.994521
0
-0.42545
0.999996
-0.23344
0
0
0.97237
0
-0.42545
0.999996
2
0.069756
0
0
0.997564
0
-0.42545
0.999996
0.069756
0
0
0.997564
0
-0.42545
0.999996
2
-0.65605
0
0
0.754709
0
-0.42545
0.999996
-0.65605
0
0
0.754709
0
-0.42545
0.999996
2
0.069756
0
0
0.997564
0
-0.42545
0.999996
0.069756
0
0
0.997564
0
-0.42545
0.999996
nose
False
False
False
True
False
0.040999
0.041
0.021
0
0
0.02
2
0
-1
0
-20
0
None
7
2
-0.20797
-0.00212
-0.0012
0.978131
0.026195
-0.22173
0.999995
-0.20797
-0.00212
-0.0012
0.978131
0.026195
-0.22173
0.999995
3
-0.20797
-0.00212
-0.0012
0.978131
0.026195
-0.22173
0.999995
-0.20797
-0.00212
-0.0012
0.978131
0.026195
-0.22173
0.999995
-0.20797
-0.00212
-0.0012
0.978131
0.026195
-0.22173
0.999995
3
-0.20797
-0.00212
-0.0012
0.978131
0.026195
-0.09805
0.999999
-0.20797
-0.00212
-0.0012
0.978131
0.026195
-0.09805
0.999999
-0.20797
-0.00212
-0.0012
0.978131
0.026195
-0.09805
0.999999
3
-0.20797
-0.00212
-0.0012
0.978131
0.026195
-0.22173
0.999995
-0.20797
-0.00212
-0.0012
0.978131
0.026195
-0.22173
0.999995
-0.20797
-0.00212
-0.0012
0.978131
0.026195
-0.22173
0.999995
2
-0.20797
-0.00212
-0.0012
0.978131
0.026195
-0.22173
0.999995
-0.20797
-0.00212
-0.0012
0.978131
0.026195
-0.22173
0.999995
2
-0.20797
-0.00212
-0.0012
0.978131
0.026195
-0.22173
0.999995
-0.20797
-0.00212
-0.0012
0.978131
0.026195
-0.22173
0.999995
2
-0.20797
-0.00212
-0.0012
0.978131
0.026195
-0.09805
0.999999
-0.20797
-0.00212
-0.0012
0.978131
0.026195
-0.09805
0.999999
eyes
True
True
False
True
False
0.07
0.059999
0.05
0
0
0.03
2
0
0
0
0
0
NinjaEye
7
2
0
0
0
1
-0.67581
0.166685
0.999991
0
0
0
1
-0.67581
0.166685
0.999991
3
0
0
0
1
-0.67581
0.166685
0.999991
0
0
0
1
-0.67581
0.166685
0.999991
0
0
0
1
-0.67581
0.166685
0.999991
3
0
0
0
1
-0.67581
0.166685
0.999991
0
0
0
1
-0.67581
0.166685
0.999991
0
0
0
1
-0.67581
0.166685
0.999991
3
0
0
0
1
-0.67581
0.166685
0.999991
0
0
0
1
-0.67581
0.166685
0.999991
0
0
0
1
-0.67581
0.166685
0.999991
2
0
0
0
1
-0.67581
0.166685
0.999991
0
0
0
1
-0.67581
0.166685
0.999991
2
0
0
0
1
-0.67581
0.166685
0.999991
0
0
0
1
-0.67581
0.166685
0.999991
2
0
0
0
1
-0.67581
0.166685
0.999991
0
0
0
1
-0.67581
0.166685
0.999991
shoulder
False
True
True
False
False
0.061
0.081000
0.181
-0.06
0
0
0
1
7
-1
0
-20
0
None
7
2
-0.65356
0.065777
-0.05717
0.751837
-1
-0.04853
0.160932
-0.64609
0.131054
-0.11392
0.743244
-1
-0.04853
0.160932
3
-0.54983
0.057751
-0.06527
0.830712
-1
-0.04853
0.160932
-0.7166
0.07051
-0.05122
0.692015
-1
-0.04853
0.160932
-0.4367
0.048736
-0.07225
0.895374
-1
-0.04853
0.160932
3
-0.63064
0.208026
-0.18083
0.725473
-1
0.031146
0.339146
-0.65605
0
0
0.754709
-1
0.031146
0.339146
-0.64967
-0.10503
0.091305
0.747364
-1
0.031146
0.339146
3
-0.357
0.042253
-0.07622
0.930028
-1
-0.04853
0.160932
-0.82588
0.078335
-0.0382
0.557065
-1.00001
-0.54589
0.369346
-0.96866
0.081091
0.031942
-0.23255
-1.00001
-0.86666
0.711875
2
-0.84919
0.034257
0.039408
0.525495
-1
-0.04853
0.160932
-0.84919
0.034257
0.039408
0.525495
-1
-0.04853
0.160932
2
-0.99376
0.006079
-0.08694
0.069491
-1
-0.04853
0.160932
-0.99376
0.006079
-0.08694
0.069491
-1
-0.04853
0.160932
2
-0.61976
0.134949
0.10928
-0.76533
-1
0.054868
0.962265
-0.43941
0.108098
0.135898
-0.88133
-0.99999
0.650902
0.801852
hip
False
True
True
False
False
0.111
0.111
0.161
0
0
-0.12
0
1
9
-1
-7
-18
0
None
7
2
-0.76033
-0.09335
-0.07833
0.637996
-0.51203
0.018938
-1
-0.73178
-0.09668
-0.07418
0.670554
-0.51203
0.018938
-1
3
-0.5693
-0.11045
-0.0515
0.813046
-0.51203
0.018938
-1
-0.89955
-0.0699
-0.09982
0.419468
-0.51203
0.018938
-1
-0.85957
-0.07833
-0.09335
0.496273
-0.51203
0.018938
-1
3
-0.73518
0.018847
-0.20917
0.644515
-0.51203
0.018938
-1
-0.87636
-0.07503
-0.09603
0.465972
-0.51203
0.018938
-1
-0.76421
-0.17041
0.014909
0.621863
-0.51203
0.018938
-1
3
-0.91699
-0.06548
-0.10278
0.379831
-0.51203
0.018938
-1
-0.5693
-0.11045
-0.0515
0.813046
-0.51203
0.018938
-1
-0.49627
-0.11451
-0.04168
0.85957
-0.51203
0.018938
-1
2
-0.99888
-0.0205
0.011467
0.040847
-0.51203
0.018938
-1
-0.99888
-0.0205
0.011467
0.040847
-0.51203
0.018938
-1
2
-0.98876
-0.1214
0.010621
-0.0865
-0.51203
0.018938
-1
-0.98876
-0.1214
0.010621
-0.0865
-0.51203
0.018938
-1
2
-0.76033
-0.09335
-0.07833
0.637996
-0.51203
0.018938
-1
-0.76033
-0.09335
-0.07833
0.637996
-0.51203
0.018938
-1
arm
False
False
True
False
False
0.051
0.061
0.111
0
0
-0.08
5
1
8
-1
-9
-14
0
None
7
2
-0.7071
0
0
0.707106
-0.03206
-0.1696
-0.99999
-0.7071
0
0
0.707106
-0.03206
-0.1696
-0.99999
3
-0.7071
0
0
0.707106
-0.03206
-0.1696
-0.99999
-0.9063
0
0
0.422618
-0.03206
-0.1696
-0.99999
-0.49999
0
0
0.866025
-0.03206
-0.1696
-0.99999
3
-0.70323
0.073912
-0.07391
0.703233
-0.03206
-0.1696
-0.99999
-0.7071
0
0
0.707106
-0.03206
-0.1696
-0.99999
-0.70538
-0.04932
0.049325
0.705384
-0.03206
-0.1696
-0.99999
3
-0.9063
0
0
0.422618
-0.03206
-0.1696
-0.99999
-0.98387
-0.00757
0.042956
-0.17348
-0.03206
-0.1696
-0.99999
-0.88616
-0.02014
0.03869
-0.4613
-0.03206
-0.1696
-0.99999
2
-0.93111
-0.06508
0.206422
0.293577
-0.03206
-0.1696
-0.99999
-0.93111
-0.06508
0.206422
0.293577
-0.03206
-0.1696
-0.99999
2
-1
0
0
0
-0.03206
-0.1696
-0.99999
-1
0
0
0
-0.03206
-0.1696
-0.99999
2
-0.68301
0.183012
0.183012
-0.68301
-0.03206
-0.1696
-0.99999
-0.30791
0.167293
0.271078
-0.8965
-0.03206
-0.1696
-0.99999
hand
False
False
True
False
False
0.070999
0.060999
0.071
0
-0.02
0
7
0
0
0
0
0
None
7
2
0
0
0
1
0.191289
0.054204
-0.99999
0
0
0
1
0.191289
0.054204
-0.99999
3
0
0
0
1
0.191289
0.054204
-0.99999
0
0
0
1
0.191289
0.054204
-0.99999
0
0
0
1
0.191289
0.054204
-0.99999
3
0
0
0
1
0.191295
0.428437
-1
0
0
0
1
0.191295
0.428437
-1
0
0
0
1
0.191295
0.428437
-1
3
0
0
0
1
0.191289
0.054204
-0.99999
0
0
0
1
0.191289
0.054204
-0.99999
0
0
0
1
0.191289
0.054204
-0.99999
2
0
0
0
1
0.191289
0.054204
-0.99999
0
0
0
1
0.191289
0.054204
-0.99999
2
-0.7071
0
0
0.707106
0.191289
0.054204
-0.99999
-0.7071
0
0
0.707106
0.191289
0.054204
-0.99999
2
-0.99619
0
0
0.087155
0.191295
0.428437
-1
-0.99619
0
0
0.087155
0.191295
0.428437
-1
leg
False
False
True
False
False
0.081000
0.071000
0.171
0
0
-0.1
6
3
10
13
14
-1
0
-21
0
None
7
2
-0.62157
-0.09844
-0.12157
0.767578
-0.06816
0
-1
-0.62157
-0.09844
-0.12157
0.767578
-0.06816
0
-1
3
-0.62157
-0.09844
-0.12157
0.767578
-0.06816
0
-1
-0.40172
-0.12655
-0.09194
0.902298
-0.06816
0
-1
-0.86799
-0.04442
-0.14999
0.471284
-0.06816
0
-1
3
-0.5986
0.009336
-0.20689
0.773809
-0.06816
0
-1
-0.43297
-0.12327
-0.09631
0.887728
-0.06816
0
-1
-0.63293
-0.21731
-0.02284
0.742727
-0.06816
0
-1
3
-0.40172
-0.12655
-0.09194
0.902298
-0.06816
0
-1
-0.47884
-0.11806
-0.10263
0.863851
-0.06816
0
-1
-0.47884
-0.11806
-0.10263
0.863851
-0.06816
0
-1
2
-0.62157
-0.09844
-0.12157
0.767578
-0.06816
0
-1
-0.62157
-0.09844
-0.12157
0.767578
-0.06816
0
-1
2
-0.98227
-0.15557
-0.01635
0.103241
-0.06816
0
-1
-0.98227
-0.15557
-0.01635
0.103241
-0.06816
0
-1
2
-0.62157
-0.09844
-0.12157
0.767578
-0.06816
0
-1
-0.51606
-0.11347
-0.10768
0.842142
-0.06816
0
-1
foot
False
False
True
False
False
0.070999
0.051
0.131
0
0
0
9
0
-1
0
-29
0
None
7
2
0
-0.10452
0
0.994522
0.222271
-0.78581
-0.99999
0
-0.10452
0
0.994522
0.222271
-0.78581
-0.99999
3
0
-0.10452
0
0.994522
0.222271
-0.78581
-0.99999
0
-0.10452
0
0.994522
0.222271
-0.78581
-0.99999
0
-0.10452
0
0.994522
0.222271
-0.78581
-0.99999
3
0
-0.10452
0
0.994522
0.222271
-0.78581
-0.99999
0.257401
-0.10096
0.027053
0.960634
0.222271
-0.78581
-0.99999
0
-0.10452
0
0.994522
0.222271
-0.78581
-0.99999
3
0
-0.10452
0
0.994522
0.222271
-0.78581
-0.99999
0
-0.10452
0
0.994522
0.222271
-0.78581
-0.99999
0
-0.10452
0
0.994522
0.222271
-0.78581
-0.99999
2
0
-0.10452
0
0.994522
0.222271
-0.78581
-0.99999
0
-0.10452
0
0.994522
0.222271
-0.78581
-0.99999
2
-0.70323
-0.07391
0.073912
0.703233
0.222271
-0.78581
-0.99999
-0.70323
-0.07391
0.073912
0.703233
0.222271
-0.78581
-0.99999
2
0
-0.10452
0
0.994522
0.222271
-0.78581
-0.99999
0
-0.10452
0
0.994522
0.222271
-0.78581
-0.99999
snout
False
False
False
True
False
0.051
0.051
0.041
0
0
-0.04
2
1
12
-1
0
-20
0
None
7
2
0
0
0
1
0.037591
-0.67489
0.999999
0
0
0
1
0.037591
-0.67489
0.999999
3
0
0
0
1
0.037591
-0.67489
0.999999
0
0
0
1
0.037591
-0.67489
0.999999
0
0
0
1
0.037591
-0.67489
0.999999
3
0
0
0
1
0.037591
-0.67489
0.999999
0
0
0
1
0.037591
-0.67489
0.999999
0
0
0
1
0.037591
-0.67489
0.999999
3
0
0
0
1
0.037591
-0.67489
0.999999
0
0
0
1
0.037591
-0.67489
0.999999
0
0
0
1
0.037591
-0.67489
0.999999
2
0
0
0
1
0.037591
-0.67489
0.999999
0
0
0
1
0.037591
-0.67489
0.999999
2
0
0
0
1
0.037591
-0.67489
0.999999
0
0
0
1
0.037591
-0.67489
0.999999
2
0
0
0
1
0.037591
-0.67489
0.999999
0
0
0
1
0.037591
-0.67489
0.999999
mouth
True
False
False
True
False
0.09
0
0.05
0
0
0.01
11
0
0
0
0
0
ViciousMouth
7
2
0
0
0
1
0.056159
0.055052
1.000033
0
0
0
1
0.056159
0.055052
1.000033
3
0
0
0
1
0.056159
0.055052
1.000033
0
0
0
1
0.056159
0.055052
1.000033
0
0
0
1
0.056159
0.055052
1.000033
3
0
0
0
1
0.056159
0.055052
1.000033
0
0
0
1
0.056159
0.055052
1.000033
0
0
0
1
0.056159
0.055052
1.000033
3
0
0
0
1
0.056159
0.055052
1.000033
0
0
0
1
0.056159
0.055052
1.000033
0
0
0
1
0.056159
0.055052
1.000033
2
0
0
0
1
0.056159
0.055052
1.000033
0
0
0
1
0.056159
0.055052
1.000033
2
0
0
0
1
0.056159
0.055052
1.000033
0
0
0
1
0.056159
0.055052
1.000033
2
0
0
0
1
0.056159
0.055052
1.000033
0
0
0
1
0.056159
0.055052
1.000033
laces
False
False
False
True
False
0.021
0.011
0.101
0
0
0
9
0
0
5
-18
0
None
7
2
0
0.382683
0
0.923879
0.045456
-1
-0.24065
0
0.382683
0
0.923879
0.045456
-1
-0.24065
3
0
0.382683
0
0.923879
0.045456
-1
-0.24065
0
0.382683
0
0.923879
0.045456
-1
-0.24065
0
0.382683
0
0.923879
0.045456
-1
-0.24065
3
0
0.382683
0
0.923879
0.045456
-1
-0.24065
0
0.382683
0
0.923879
0.045456
-1
-0.24065
0
0.382683
0
0.923879
0.045456
-1
-0.24065
3
0
0.382683
0
0.923879
0.045456
-1
-0.24065
0
0.382683
0
0.923879
0.045456
-1
-0.24065
0
0.382683
0
0.923879
0.045456
-1
-0.24065
2
0
0.382683
0
0.923879
0.045456
-1
-0.24065
0
0.382683
0
0.923879
0.045456
-1
-0.24065
2
0
0.382683
0
0.923879
0.045456
-1
-0.24065
0
0.382683
0
0.923879
0.045456
-1
-0.24065
2
0
0.382683
0
0.923879
0.045456
-1
-0.24065
0
0.382683
0
0.923879
0.045456
-1
-0.24065
laces2
False
False
False
True
False
0.081
0.011
0.021
0
0
0
9
0
0
5
-18
0
None
7
2
0
0.087155
0
0.996194
0
-1.00001
0.28853
0
0.087155
0
0.996194
0
-1.00001
0.28853
3
0
0.087155
0
0.996194
0
-1.00001
0.28853
0
0.087155
0
0.996194
0
-1.00001
0.28853
0
0.087155
0
0.996194
0
-1.00001
0.28853
3
0
0.087155
0
0.996194
0
-1.00001
0.28853
0
0.087155
0
0.996194
0
-1.00001
0.28853
0
0.087155
0
0.996194
0
-1.00001
0.28853
3
0
0.087155
0
0.996194
0
-1.00001
0.28853
0
0.087155
0
0.996194
0
-1.00001
0.28853
0
0.087155
0
0.996194
0
-1.00001
0.28853
2
0
0.087155
0
0.996194
0
-1.00001
0.28853
0
0.087155
0
0.996194
0
-1.00001
0.28853
2
0
0.087155
0
0.996194
0
-1.00001
0.28853
0
0.087155
0
0.996194
0
-1.00001
0.28853
2
0
0.087155
0
0.996194
0
-1.00001
0.28853
0
0.087155
0
0.996194
0
-1.00001
0.28853
belt
False
False
False
True
False
0.181
0.001
0.041000
0
0
0
0
0
-7
11
-14
0
None
7
2
0
0
0
1
0.008826
-0.99999
-0.57473
0
0
0
1
0.008826
-0.99999
-0.57473
3
0
0
0
1
0.008826
-0.99999
-0.57473
0
0
0
1
0.008826
-0.99999
-0.57473
0
0
0
1
0.008826
-0.99999
-0.57473
3
0
0
0
1
0.008826
-0.99999
-0.57473
0
0
0
1
0.008826
-0.99999
-0.57473
0
0
0
1
0.008826
-0.99999
-0.57473
3
0
0
0
1
0.008826
-0.99999
-0.57473
0
0
0
1
0.008826
-0.99999
-0.57473
0
0
0
1
0.008826
-0.99999
-0.57473
2
0
0
0
1
0.008826
-0.99999
-0.57473
0
0
0
1
0.008826
-0.99999
-0.57473
2
0
0
0
1
0.008826
-0.99999
-0.57473
0
0
0
1
0.008826
-0.99999
-0.57473
2
0
0
0
1
0.008826
-0.99999
-0.57473
0
0
0
1
0.008826
-0.99999
-0.57473
belt-strap
False
False
False
True
False
0.031
0.001
0.231
0
0
0
0
0
-7
11
-14
0
None
7
2
0
0.34202
0
0.939692
0
-1.00001
0.170122
0
0.34202
0
0.939692
0
-1.00001
0.170122
3
0
0.34202
0
0.939692
0
-1.00001
0.170122
0
0.34202
0
0.939692
0
-1.00001
0.170122
0
0.34202
0
0.939692
0
-1.00001
0.170122
3
0
0.34202
0
0.939692
0
-1.00001
0.170122
0
0.34202
0
0.939692
0
-1.00001
0.170122
0
0.34202
0
0.939692
0
-1.00001
0.170122
3
0
0.34202
0
0.939692
0
-1.00001
0.170122
0
0.34202
0
0.939692
0
-1.00001
0.170122
0
0.34202
0
0.939692
0
-1.00001
0.170122
2
0
0.34202
0
0.939692
0
-1.00001
0.170122
0
0.34202
0
0.939692
0
-1.00001
0.170122
2
0
0.34202
0
0.939692
0
-1.00001
0.170122
0
0.34202
0
0.939692
0
-1.00001
0.170122
2
0
0.34202
0
0.939692
0
-1.00001
0.170122
0
0.34202
0
0.939692
0
-1.00001
0.170122
sword-sheath
False
False
False
True
False
0.061000
0.031000
0.401000
0
0
0
0
1
18
-1
0
-20
0
None
7
2
0
-0.42261
0
0.906307
0
1.000003
0.381468
0
-0.42261
0
0.906307
0
1.000003
0.381468
3
0
-0.42261
0
0.906307
0
1.000003
0.381468
0
-0.42261
0
0.906307
0
1.000003
0.381468
0
-0.42261
0
0.906307
0
1.000003
0.381468
3
0
-0.42261
0
0.906307
0
1.000003
0.381468
0
-0.42261
0
0.906307
0
1.000003
0.381468
0
-0.42261
0
0.906307
0
1.000003
0.381468
3
0
-0.42261
0
0.906307
0
1.000003
0.381468
0
-0.42261
0
0.906307
0
1.000003
0.381468
0
-0.42261
0
0.906307
0
1.000003
0.381468
2
0
-0.42261
0
0.906307
0
1.000003
0.381468
0
-0.42261
0
0.906307
0
1.000003
0.381468
2
0
-0.42261
0
0.906307
0
1.000003
0.381468
0
-0.42261
0
0.906307
0
1.000003
0.381468
2
0
-0.42261
0
0.906307
0
1.000003
0.381468
0
-0.42261
0
0.906307
0
1.000003
0.381468
sword-handle
False
False
False
True
False
0.091000
0.051000
0.021000
0
0
0
17
1
19
0
8
-5
0
None
7
2
0
0
0
1
0
0
1.000002
0
0
0
1
0
0
1.000002
3
0
0
0
1
0
0
1.000002
0
0
0
1
0
0
1.000002
0
0
0
1
0
0
1.000002
3
0
0
0
1
0
0
1.000002
0
0
0
1
0
0
1.000002
0
0
0
1
0
0
1.000002
3
0
0
0
1
0
0
1.000002
0
0
0
1
0
0
1.000002
0
0
0
1
0
0
1.000002
2
0
0
0
1
0
0
1.000002
0
0
0
1
0
0
1.000002
2
0
0
0
1
0
0
1.000002
0
0
0
1
0
0
1.000002
2
0
0
0
1
0
0
1.000002
0
0
0
1
0
0
1.000002
sword-handle2
False
False
False
True
False
0.041
0.031000
0.111
0
0
0.08
18
0
0
8
-8
0
None
7
2
0
0
0
1
0
0
1.000034
0
0
0
1
0
0
1.000034
3
0
0
0
1
0
0
1.000034
0
0
0
1
0
0
1.000034
0
0
0
1
0
0
1.000034
3
0
0
0
1
0
0
1.000034
0
0
0
1
0
0
1.000034
0
0
0
1
0
0
1.000034
3
0
0
0
1
0
0
1.000034
0
0
0
1
0
0
1.000034
0
0
0
1
0
0
1.000034
2
0
0
0
1
0
0
1.000034
0
0
0
1
0
0
1.000034
2
0
0
0
1
0
0
1.000034
0
0
0
1
0
0
1.000034
2
0
0
0
1
0
0
1.000034
0
0
0
1
0
0
1.000034
mask
False
True
False
True
False
0.070999
0.061
0.011
0
0
0
2
0
0
0
0
0
None
7
2
0
0
0
1
-0.40669
0
0.999997
0
0
0
1
-0.40669
0
0.999997
3
0
0
0
1
-0.40669
0
0.999997
0
0
0
1
-0.40669
0
0.999997
0
0
0
1
-0.40669
0
0.999997
3
0
0
0
1
-0.40669
0
0.999997
0
0
0
1
-0.40669
0
0.999997
0
0
0
1
-0.40669
0
0.999997
3
0
0
0
1
-0.40669
0
0.999997
0
0
0
1
-0.40669
0
0.999997
0
0
0
1
-0.40669
0
0.999997
2
0
0
0
1
-0.40669
0
0.999997
0
0
0
1
-0.40669
0
0.999997
2
0
0
0
1
-0.40669
0
0.999997
0
0
0
1
-0.40669
0
0.999997
2
0
0
0
1
-0.40669
0
0.999997
0
0
0
1
-0.40669
0
0.999997
