30
0.137046
0.470588
0.227451
0.545098
perk_ink_cannon
false
0.404867
eight-legged
squid
polvo
de oito patas
lula
осьминог
восьминогий
Кальмар
gurita
berkaki delapan
cumi-cumi
pulpo
ocho-patas
calamar
ปลา หมึก
แปดขา
ปลาหมึก
de oito patas
восьминогая
ocho-patas
F
M
M
восьминогee
false
Venom
Uncooked Meat
?
?
?
14
torso
False
False
False
False
False
0.171
0.091
0.221
0
0
0
-1
4
1
4
5
11
0
0
0
0
None
7
2
0.034899
0
0
0.99939
0
0
0
0.034899
0
0
0.99939
0
0
0
3
0.121869
0
0
0.992546
0
0
0
-0.08715
0
0
0.996194
0
0
0
-0.08715
0
0
0.996194
0
0
0
3
0.034708
0.104464
0.003647
0.993916
0
0
0
-0.06975
0
0
0.997564
0
0
0
0.034469
-0.15633
-0.00545
0.987086
0
0
0
3
0.25038
0
0
0.968147
0
0
-0.22
-0.13917
0
0
0.990268
0
0
0.32
-0.13917
0
0
0.990268
0
-0.08
0.28
2
-0.18223
0
0
0.983254
0
0.32
0.2
-0.22495
0
0
0.97437
0
0.32
0.2
2
-0.99939
0
0
0.034899
0
-0.63999
-0.48
-0.99939
0
0
0.034899
0
-0.65999
-0.48
2
-0.13917
0
0
0.990268
0
0
0
-0.30901
0
0
0.951056
0
0
0
neck
False
False
False
True
False
0.141
0.101
0.071
0
0
0.04
0
1
2
0
0
-4
0
None
7
2
-0.81915
0
0
0.573576
-0.00514
0.999995
0.495491
-0.81915
0
0
0.573576
-0.00514
0.999995
0.495491
3
-0.81915
0
0
0.573576
-0.00514
0.999995
0.495491
-0.81915
0
0
0.573576
-0.00514
0.999995
0.495491
-0.81915
0
0
0.573576
-0.00514
0.999995
0.495491
3
-0.81915
0
0
0.573576
-0.00514
0.999995
0.495491
-0.81915
0
0
0.573576
-0.00514
0.999995
0.495491
-0.81915
0
0
0.573576
-0.00514
0.999995
0.495491
3
-0.81915
0
0
0.573576
-0.00514
0.999995
0.495491
-0.3007
0
0
0.953717
0.536348
0.681642
0.999997
-0.46174
0
0
0.88701
0.536348
0.681642
0.999997
2
-0.57357
0
0
0.819152
-0.01038
0.890259
0.999999
-0.57357
0
0
0.819152
-0.01038
0.890259
0.999999
2
-0.42261
0
0
0.906307
-0.01037
-0.0035
0.999995
-0.42261
0
0
0.906307
-0.01037
-0.0035
0.999995
2
-0.81915
0
0
0.573576
-0.00514
0.999995
0.495491
-0.81915
0
0
0.573576
-0.00514
0.999995
0.495491
head
False
False
False
False
False
0.141
0.131
0.101
0
0
0
1
2
3
10
0
0
-4
0
None
7
2
-0.12186
0
0
0.992546
0.008759
-0.68975
1.000005
0.052335
0
0
0.998629
0.008759
-0.68975
1.000005
3
-0.12186
0
0
0.992546
0.008759
-0.68975
1.000005
-0.3746
0
0
0.927183
0.008759
-0.68975
1.000005
-0.12186
0
0
0.992546
0.008759
-0.68975
1.000005
3
-0.12186
0
0
0.992546
0.008759
-0.68975
1.000005
-0.12186
0
0
0.992546
0.008759
-0.68975
1.000005
-0.12186
0
0
0.992546
0.008759
-0.68975
1.000005
3
0.507538
0
0
0.861629
0.008759
-0.68975
1.000005
0.350207
0
0
0.936672
0.008759
-0.68975
1.000005
-0.12186
0
0
0.992546
0.008759
-0.68975
1.000005
2
-0.07845
0
0
0.996917
0.008759
-0.68975
1.000005
-0.07845
0
0
0.996917
0.008759
-0.68975
1.000005
2
-0.73135
0
0
0.681998
0.005844
-0.99999
0.66763
-0.73135
0
0
0.681998
0.005844
-0.99999
0.66763
2
-0.12186
0
0
0.992546
0.008759
-0.68975
1.000005
-0.12186
0
0
0.992546
0.008759
-0.68975
1.000005
eyes
True
False
False
True
False
0.11
0.11
0.05
0
0
0.01
2
0
0
0
0
0
RegularEye
7
2
0
0
0
1
-0.08355
0.353799
1.000005
0
0
0
1
-0.08355
0.353799
1.000005
3
0
0
0
1
-0.08355
0.353799
1.000005
0
0
0
1
-0.08355
0.353799
1.000005
0
0
0
1
-0.08355
0.353799
1.000005
3
0
0
0
1
-0.08355
0.353799
1.000005
0
0
0
1
-0.08355
0.353799
1.000005
0
0
0
1
-0.08355
0.353799
1.000005
3
0
0
0
1
-0.08355
0.353799
1.000005
0
0
0
1
-0.08355
0.353799
1.000005
0
0
0
1
-0.08355
0.353799
1.000005
2
0
0
0
1
-0.08355
0.353799
1.000005
0
0
0
1
-0.08355
0.353799
1.000005
2
0
0
0
1
-0.08355
0.353799
1.000005
0
0
0
1
-0.08355
0.353799
1.000005
2
0
0
0
1
-0.08355
0.353799
1.000005
0
0
0
1
-0.08355
0.353799
1.000005
shoulder
False
True
True
False
False
0.041000
0.081000
0.121
0
0
0
0
1
6
0
0
0
0
None
7
2
-0.67597
0.57981
-0.13247
0.435119
-0.84639
-0.24479
0.999999
-0.67597
0.57981
-0.13247
0.435119
-0.84639
-0.24479
0.999999
3
-0.53033
0.524802
-0.30055
0.59413
-1
-0.21054
0.676886
-0.6179
0.559343
-0.20215
0.514256
-1
0.050615
0.941285
-0.71775
0.590481
-0.07114
0.362077
-0.71112
-0.42021
1.000001
3
-0.75363
0.624692
0.004697
0.204363
-0.84639
-0.24479
0.999999
-0.62384
0.697893
-0.30478
0.175692
-1
0.12044
0.908476
-0.59696
0.466577
-0.17871
0.627693
-1
-0.29286
0.741475
3
-0.59014
0.547997
-0.23114
0.54589
-0.84639
-0.24479
0.999999
-0.8039
0.560186
0.199802
0.003775
-0.84639
-0.24479
0.999999
-0.77553
0.592811
0.048007
0.211711
-0.84639
-0.24479
0.999999
2
-0.68452
0.422132
0.076924
0.589332
-0.84631
-0.92204
1.000005
-0.68452
0.422132
0.076924
0.589332
-0.84631
-0.92204
1.000005
2
-0.43511
-0.13247
-0.57981
-0.67597
-0.84639
-0.24479
0.999999
-0.43511
-0.13247
-0.57981
-0.67597
-0.84639
-0.24479
0.999999
2
-0.22325
0.666729
-0.65164
-0.28457
-0.84638
0.755147
1.000001
-0.27955
0.509882
-0.7805
-0.2295
-0.66956
0.999994
0.63025
hip
False
True
True
False
False
0.031
0.070999
0.121
0
0
-0.08
0
1
8
0
0
0
0
None
7
2
-0.18352
0.435379
-0.49607
0.728471
-1
0.114752
-0.71029
-0.36322
0.225112
-0.40952
0.806027
-1
0.114752
-0.71029
3
-0.29994
0.460459
-0.50761
0.66358
-1
0.102173
-0.52488
-0.39604
0.523116
-0.52165
0.545316
-0.99999
0.169164
-0.20375
-0.0486
0.167795
-0.73603
0.654009
-1
-0.36649
-0.99575
3
-0.46515
0.389898
-0.38373
0.695952
-1
-0.59942
-0.71027
-0.18352
0.435379
-0.49607
0.728471
-0.99999
0.240038
-0.71029
-0.27691
0.227715
-0.45756
0.813692
-1
-0.48771
-0.71028
3
-0.3173
0.083662
-0.58379
0.742628
-1
0.114752
-0.71029
-0.18352
0.435379
-0.49607
0.728471
-1
0.114752
-0.71029
-0.26965
0.199447
-0.59715
0.728635
-1
0.114752
-0.71029
2
-0.38598
0.464956
-0.38672
0.696614
-1
0.114752
-0.71029
-0.38598
0.464956
-0.38672
0.696614
-1
0.114752
-0.71029
2
-0.72847
-0.49607
-0.43537
-0.18352
-1
0.114752
-0.71029
-0.72847
-0.49607
-0.43537
-0.18352
-1
0.114752
-0.71029
2
-0.18352
0.435379
-0.49607
0.728471
-1
0.114752
-0.71029
-0.18352
0.435379
-0.49607
0.728471
-1
0.114752
-0.71029
arm
False
False
True
False
False
0.070999
0.041
0.141
0
0
-0.14
4
1
7
0
0
-3
0
None
7
2
-0.93679
0.02043
-0.33313
-0.10495
0.178046
-0.02619
-1
-0.93961
-0.0435
-0.33091
0.075727
0.178046
-0.02619
-1
3
-0.74378
-0.02037
-0.6598
-0.10496
0.178046
-0.02619
-1
-0.93679
0.02043
-0.33313
-0.10495
0.178046
-0.02619
-1
-0.94168
-0.03193
-0.33223
0.042889
0.178046
-0.02619
-1
3
-0.98558
0.041804
-0.13108
-0.0984
0.178046
-0.02619
-1
-0.87158
0.104711
-0.35071
-0.32614
0.178046
-0.02619
-1
-0.64472
-0.03478
-0.7569
-0.1011
0.178046
-0.02619
-1
3
-0.74332
-0.01448
-0.66828
0.025725
0.178046
-0.02619
-1
-0.9708
0.145499
0.047506
-0.1847
0.178046
-0.02619
-1
-0.9579
0.151944
-0.01843
0.242875
0.178046
-0.02619
-1
2
-0.92499
-0.08069
-0.32386
0.181607
0.178046
-0.02619
-1
-0.92499
-0.08069
-0.32386
0.181607
0.178046
-0.02619
-1
2
0.10495
-0.33313
-0.02043
-0.93679
0.178046
-0.02619
-1
0.10495
-0.33313
-0.02043
-0.93679
0.178046
-0.02619
-1
2
-0.44451
0.427462
-0.36838
-0.69568
0.178044
-0.02096
-0.99998
-0.29171
0.163744
-0.49819
-0.79993
0.178044
-0.02096
-0.99998
hand
False
False
True
False
False
0.051
0.041
0.101
0
-0.02
0.04
6
0
0
0
-8
0
None
7
2
-0.38608
-0.36862
-0.17189
0.827953
-0.12106
-0.50968
-1
0
-0.40673
0
0.913545
-0.12106
-0.50968
-1
3
-0.3349
-0.58312
-0.27735
0.686202
0.275923
-0.98347
-0.99999
-0.38608
-0.36862
-0.17189
0.827953
-0.12106
-0.50968
-1
0.003301
-0.28665
-0.02975
0.957566
-0.12106
-0.50968
-1
3
-0.02243
0.034878
-0.02673
0.998782
-0.12106
-0.50968
-1
-0.38608
-0.36862
-0.17189
0.827953
-0.12106
-0.50968
-1
-0.13153
-0.73051
-0.05134
0.668138
-0.12106
-0.50968
-1
3
-0.38608
-0.36862
-0.17189
0.827953
-0.12106
-0.50968
-1
-0.34417
-0.02266
-0.36268
0.865728
-0.12106
-0.50968
-1
-0.34417
-0.02266
-0.36268
0.865728
-0.12106
-0.50968
-1
2
-0.38608
-0.36862
-0.17189
0.827953
-0.12106
-0.50968
-1
-0.38608
-0.36862
-0.17189
0.827953
-0.12106
-0.50968
-1
2
-0.82795
-0.17189
0.368628
-0.38608
-0.12106
-0.50968
-1
-0.82795
-0.17189
0.368628
-0.38608
-0.12106
-0.50968
-1
2
-0.88241
-0.10527
-0.39287
0.236443
-0.12105
-0.36302
-0.99998
-0.88241
-0.10527
-0.39287
0.236443
-0.12105
-0.36302
-0.99998
leg
False
False
True
False
False
0.030998
0.051
0.101
0
0
-0.08
5
1
9
0
0
-3
0
None
7
2
-0.0462
0.506982
-0.58302
0.633178
0.009162
-0.11932
-0.99999
-0.23349
0.273218
-0.53622
0.763739
0.009162
-0.11932
-0.99999
3
-0.0462
0.506982
-0.58302
0.633178
0.009162
-0.11932
-0.99999
-0.32342
0.669336
-0.60797
0.278842
0.009162
-0.11932
-0.99999
-0.10961
0.214366
-0.67456
0.697848
0.009162
-0.11932
-0.99999
3
-0.43436
0.516882
-0.56
0.480164
0.009162
-0.11932
-0.99999
-0.0462
0.506982
-0.58302
0.633178
0.009162
-0.11932
-0.99999
-0.17864
0.305558
-0.57367
0.738658
0.009162
-0.11932
-0.99999
3
-0.39472
-0.06007
-0.48466
0.77826
0.009162
-0.11932
-0.99999
-0.0462
0.506982
-0.58302
0.633178
0.009162
-0.11932
-0.99999
-0.27513
0.125981
-0.42227
0.854466
0.009162
-0.11932
-0.99999
2
-0.0462
0.506982
-0.58302
0.633178
0.009162
-0.11932
-0.99999
-0.0462
0.506982
-0.58302
0.633178
0.009162
-0.11932
-0.99999
2
-0.63317
-0.58302
-0.50698
-0.0462
0.009162
-0.11932
-0.99999
-0.63317
-0.58302
-0.50698
-0.0462
0.009162
-0.11932
-0.99999
2
-0.0462
0.506982
-0.58302
0.633178
0.009162
-0.11932
-0.99999
-0.0462
0.506982
-0.58302
0.633178
0.009162
-0.11932
-0.99999
foot
False
False
True
False
False
0.031000
0.041
0.111
0
0
0.12
8
0
0
0
-8
0
None
7
2
-0.22744
-0.75736
-0.51084
0.3372
0.734722
0.12407
-0.99999
0
-0.93969
0
0.34202
0.734722
0.12407
-0.99999
3
-0.22744
-0.75736
-0.51084
0.3372
0.734722
0.12407
-0.99999
-0.19751
-0.6905
-0.36698
0.591197
0.085792
0.11409
-0.99999
-0.02128
-0.91229
-0.04781
0.406179
0.734722
0.12407
-0.99999
3
0.290991
-0.49482
-0.49418
0.652882
0.734722
0.12407
-0.99999
-0.22744
-0.75736
-0.51084
0.3372
0.734722
0.12407
-0.99999
-0.09131
-0.91581
-0.09256
0.379972
0.734722
0.12407
-0.99999
3
0.09495
-0.8883
0.213263
0.395498
0.734722
0.12407
-0.99999
-0.22744
-0.75736
-0.51084
0.3372
0.734722
0.12407
-0.99999
-0.04604
-0.90767
-0.10341
0.404122
0.734722
0.12407
-0.99999
2
-0.22744
-0.75736
-0.51084
0.3372
0.734722
0.12407
-0.99999
-0.22744
-0.75736
-0.51084
0.3372
0.734722
0.12407
-0.99999
2
-0.3372
-0.51084
0.757363
-0.22744
0.734722
0.12407
-0.99999
-0.3372
-0.51084
0.757363
-0.22744
0.734722
0.12407
-0.99999
2
-0.22744
-0.75736
-0.51084
0.3372
0.734722
0.12407
-0.99999
-0.22744
-0.75736
-0.51084
0.3372
0.734722
0.12407
-0.99999
octobulge
False
False
False
True
True
0.151
0.201
0.171
0
0.06
-0.06
2
0
0
0
0
0
None
7
2
-0.42261
0
0
0.906307
0.081609
0.975686
-1
-0.42261
0
0
0.906307
0.081609
0.975686
-1
3
-0.42261
0
0
0.906307
0.081609
0.975686
-1
-0.42261
0
0
0.906307
0.081609
0.975686
-1
-0.42261
0
0
0.906307
0.081609
0.975686
-1
3
-0.42261
0
0
0.906307
0.081609
0.975686
-1
-0.42261
0
0
0.906307
0.081609
0.975686
-1
-0.42261
0
0
0.906307
0.081609
0.975686
-1
3
-0.42261
0
0
0.906307
0.081609
0.975686
-1
-0.42261
0
0
0.906307
0.081609
0.975686
-1
-0.42261
0
0
0.906307
0.081609
0.975686
-1
2
-0.42261
0
0
0.906307
0.081609
0.975686
-1
-0.42261
0
0
0.906307
0.081609
0.975686
-1
2
-0.42261
0
0
0.906307
0.081609
0.975686
-1
-0.42261
0
0
0.906307
0.081609
0.975686
-1
2
-0.42261
0
0
0.906307
0.081609
0.975686
-1
-0.42261
0
0
0.906307
0.081609
0.975686
-1
extrahip
False
True
True
False
False
0.071000
0.041
0.151
0
0
-0.14
0
1
12
0
0
0
0
None
7
2
-0.07782
0.582065
0.115379
0.801143
-1
0.051553
0.243975
0.07647
0.593386
0.002196
0.801273
-1
0.051553
0.243975
3
-0.07817
0.493198
0.134428
0.855905
-1
0.051553
0.243975
-0.01383
0.764167
-0.01335
0.644731
-1
0.051553
0.243975
-0.11672
0.848825
0.075799
0.510025
-1
0.051553
0.243975
3
-0.07782
0.582065
0.115379
0.801143
-1
0.051553
0.243975
-0.07782
0.582065
0.115379
0.801143
-1
0.051553
0.243975
-0.07782
0.582065
0.115379
0.801143
-1
0.051553
0.243975
3
-0.07782
0.582065
0.115379
0.801143
-1
0.051553
0.243975
-0.07782
0.582065
0.115379
0.801143
-1
0.051553
0.243975
-0.24937
0.543295
0.238626
0.765308
-1
0.051553
0.243975
2
-0.24937
0.543295
0.238626
0.765308
-1
0.051553
0.243975
-0.24937
0.543295
0.238626
0.765308
-1
0.051553
0.243975
2
-0.80114
0.115379
-0.58206
-0.07782
-1
0.051553
0.243975
-0.80114
0.115379
-0.58206
-0.07782
-1
0.051553
0.243975
2
-0.07782
0.582065
0.115379
0.801143
-1
0.051553
0.243975
-0.07782
0.582065
0.115379
0.801143
-1
0.051553
0.243975
extraleg
False
False
True
False
False
0.061
0.041
0.151
0
0
0.08
11
1
13
0
0
-3
0
None
7
2
-0.21382
-0.65219
-0.19939
0.699397
-0.09221
0.885449
-0.99999
-0.50804
-0.49058
-0.47375
0.526091
-0.09221
0.885449
-0.99999
3
-0.01175
-0.76777
0.138459
0.625466
-0.09221
0.885449
-0.99999
-0.21382
-0.65219
-0.19939
0.699397
-0.09221
0.885449
-0.99999
0.14269
-0.48001
-0.03479
0.86488
-0.09221
0.885449
-0.99999
3
0.012763
-0.68189
0.011902
0.731242
-0.09221
0.885449
-0.99999
-0.29506
-0.82696
-0.13759
0.458396
-0.09221
0.885449
-0.99999
0.102244
-0.95599
0.021732
0.274127
-0.09221
0.885449
-0.99999
3
-0.21382
-0.65219
-0.19939
0.699397
-0.09221
0.885449
-0.99999
-0.21382
-0.65219
-0.19939
0.699397
-0.09221
0.885449
-0.99999
-0.46519
-0.52624
-0.4338
0.56433
-0.09221
0.885449
-0.99999
2
-0.48984
-0.54428
-0.49852
0.463977
-0.09221
0.885449
-0.99999
-0.48984
-0.54428
-0.49852
0.463977
-0.09221
0.885449
-0.99999
2
-0.69939
-0.19939
0.652198
-0.21382
-0.09221
0.885449
-0.99999
-0.69939
-0.19939
0.652198
-0.21382
-0.09221
0.885449
-0.99999
2
-0.21382
-0.65219
-0.19939
0.699397
-0.09221
0.885449
-0.99999
-0.21382
-0.65219
-0.19939
0.699397
-0.09221
0.885449
-0.99999
extrafoot
False
False
True
False
False
0.051
0.031
0.121
0
0
0.08
12
0
0
0
-8
0
None
7
2
-0.08766
-0.68948
-0.08465
0.713977
0.151354
0.063917
1.000006
-0.65194
-0.29357
-0.62957
0.304006
0.151354
0.063917
1.000006
3
-0.08766
-0.68948
-0.08465
0.713977
0.151354
0.063917
1.000006
-0.08766
-0.68948
-0.08465
0.713977
0.151354
0.063917
1.000006
-0.14295
-0.19649
-0.14234
0.959526
0.151354
0.063917
1.000006
3
-0.07058
-0.26932
-0.10513
0.954687
0.151354
0.063917
1.000006
-0.21312
-0.83467
-0.35968
0.358491
0.151354
0.063917
1.000006
-0.12179
-0.99254
0.004253
0
0.151354
0.063917
1.000006
3
-0.08766
-0.68948
-0.08465
0.713977
0.151354
0.063917
1.000006
-0.08766
-0.68948
-0.08465
0.713977
0.151354
0.063917
1.000006
-0.64926
-0.29905
-0.62698
0.309683
0.151354
0.063917
1.000006
2
-0.64926
-0.29905
-0.62698
0.309683
0.151354
0.063917
1.000006
-0.64926
-0.29905
-0.62698
0.309683
0.151354
0.063917
1.000006
2
-0.71397
-0.08465
0.68948
-0.08766
0.151354
0.063917
1.000006
-0.71397
-0.08465
0.68948
-0.08766
0.151354
0.063917
1.000006
2
-0.08766
-0.68948
-0.08465
0.713977
0.151354
0.063917
1.000006
-0.08766
-0.68948
-0.08465
0.713977
0.151354
0.063917
1.000006
