30
0.740322
0.756862
0.274509
0.137254
perk_forceful_push
false
0.724528
poop-flinging
monke
orangotango
lançador de cocô
macaca
орангутанг
метатель какашек
обезьяна
orangutan
pelempar kotoran
monyet
orangután
lanzador de caca
mona
อุรังอุตัง
คนขว้างปู
ลิง
lançadora de cocô
метатель какашек
lanzadora de caca
F
F
F
метатель какашек
false
Uncooked Meat
Bones
?
?
?
17
torso
False
False
False
False
False
0.340999
0.141
0.291
0
0
0
-1
4
1
5
6
15
0
0
0
0
None
7
2
-0.59482
0
0
0.803856
0
0
0
-0.62932
0
0
0.777145
0
0.02
0
3
0.147809
0
0
0.989015
0
-0.14
0
-0.19936
0
0
0.979924
0
0
0
-0.02617
0
0
0.999657
0
0
0
3
-0.06958
0.069586
-0.00486
0.995134
0
0
0
-0.13917
0
0
0.990268
0
0
0
-0.06958
-0.06958
0.004865
0.995134
0
0
0
3
-0.15643
0
0
0.987688
0
-0.08
-0.3
-0.15643
0
0
0.987688
0
-0.08
0.38
-0.02617
0
0
0.999657
0
-0.24
0.42
2
-0.66262
0
0
0.748955
0
0
0
-0.69465
0
0
0.719339
0
0
0
2
-0.99813
0
0
0.061048
0
0.02
-0.5
-0.99813
0
0
0.061048
0
0
-0.5
2
-0.24192
0
0
0.970295
0
0
0
-0.3665
0
0
0.930417
0
0
0
neck
False
False
False
True
False
0.231
0.201
0.121
0
0
-0.08
0
1
2
0
0
0
0
None
7
2
0.566406
0
0
0.824126
0.071316
-0.68648
1.000001
0.601815
0
0
0.798635
0.071316
-0.68648
1.000001
3
-0.05233
0
0
0.998629
0.071316
0.541825
1.000001
0.034899
0
0
0.99939
0.071316
0.096262
0.999999
-0.00872
0
0
0.999961
0.071316
0.205302
0.999998
3
-0.13917
0
0
0.990268
0.071318
-0.1136
1.000003
-0.13917
0
0
0.990268
0.071318
-0.1136
1.000003
-0.13917
0
0
0.990268
0.071318
-0.1136
1.000003
3
0.700909
0
0
0.71325
0.071316
-0.68648
1.000001
0.45399
0
0
0.891006
0.071316
-0.68648
1.000001
0.207911
0
0
0.978147
0.071316
-0.68648
1.000001
2
0.566406
0
0
0.824126
0.071316
-0.68648
1.000001
0.566406
0
0
0.824126
0.071316
-0.68648
1.000001
2
0.566406
0
0
0.824126
0.071316
-0.68648
1.000001
0.566406
0
0
0.824126
0.071316
-0.68648
1.000001
2
-0.13917
0
0
0.990268
0.071318
-0.1136
1.000003
0.078459
0
0
0.996917
0.071317
-0.4715
1.000002
head
False
False
False
False
False
0.101
0.151
0.091
0
0
0.04
1
5
3
4
11
14
16
0
-16
-1
0
None
7
2
0.104528
0
0
0.994522
0
-0.10841
1.000006
0.147809
0
0
0.989015
0
-0.10841
1.000006
3
0.104528
0
0
0.994522
0
-0.10841
1.000006
0.104528
0
0
0.994522
0
-0.10841
1.000006
0.104528
0
0
0.994522
0
-0.10841
1.000006
3
0.104528
0
0
0.994522
0
-0.04072
0.999998
0.104528
0
0
0.994522
0
-0.04072
0.999998
0.104528
0
0
0.994522
0
-0.04072
0.999998
3
0.622514
0
0
0.782608
0
-0.10841
1.000006
0.438371
0
0
0.898794
0
-0.10841
1.000006
0.104528
0
0
0.994522
0
-0.10841
1.000006
2
0.104528
0
0
0.994522
0
-0.10841
1.000006
0.104528
0
0
0.994522
0
-0.10841
1.000006
2
-0.69465
0
0
0.719339
0
-0.10841
1.000006
-0.69465
0
0
0.719339
0
-0.10841
1.000006
2
0.104528
0
0
0.994522
0
-0.04072
0.999998
0.104528
0
0
0.994522
0
-0.04072
0.999998
snout
False
False
False
True
False
0.060998
0.081
0.061
0
0
0.04
2
2
12
13
0
-16
-4
0
None
7
2
0.034835
-0.00234
0
0.99939
0.026194
-0.51571
1.000005
0.034835
-0.00234
0
0.99939
0.026194
-0.51571
1.000005
3
0.034835
-0.00234
0
0.99939
0.026194
-0.51571
1.000005
0.034835
-0.00234
0
0.99939
0.026194
-0.51571
1.000005
0.034835
-0.00234
0
0.99939
0.026194
-0.51571
1.000005
3
0.034835
-0.00234
0
0.99939
0.026195
-0.41636
1.000007
0.034835
-0.00234
0
0.99939
0.026195
-0.41636
1.000007
0.034835
-0.00234
0
0.99939
0.026195
-0.41636
1.000007
3
0.034835
-0.00234
0
0.99939
0.026194
-0.51571
1.000005
0.034835
-0.00234
0
0.99939
0.026194
-0.51571
1.000005
0.034835
-0.00234
0
0.99939
0.026194
-0.51571
1.000005
2
0.034835
-0.00234
0
0.99939
0.026194
-0.51571
1.000005
0.034835
-0.00234
0
0.99939
0.026194
-0.51571
1.000005
2
0.034835
-0.00234
0
0.99939
0.026194
-0.51571
1.000005
0.034835
-0.00234
0
0.99939
0.026194
-0.51571
1.000005
2
0.034835
-0.00234
0
0.99939
0.026195
-0.41636
1.000007
0.034835
-0.00234
0
0.99939
0.026195
-0.41636
1.000007
eyes
True
True
False
True
False
0.04
0.04
0.05
0
0
0.01
2
0
0
0
0
0
RegularEye
7
2
0
0
0
1
-0.33135
0.108624
1.000009
0
0
0
1
-0.33135
0.108624
1.000009
3
0
0
0
1
-0.33135
0.108624
1.000009
0
0
0
1
-0.33135
0.108624
1.000009
0
0
0
1
-0.33135
0.108624
1.000009
3
0
0
0
1
-0.80001
0.131735
1.000001
0
0
0
1
-0.80001
0.131735
1.000001
0
0
0
1
-0.80001
0.131735
1.000001
3
0
0
0
1
-0.33135
0.108624
1.000009
0
0
0
1
-0.33135
0.108624
1.000009
0
0
0
1
-0.33135
0.108624
1.000009
2
0
0
0
1
-0.33135
0.108624
1.000009
0
0
0
1
-0.33135
0.108624
1.000009
2
0
0
0
1
-0.33135
0.108624
1.000009
0
0
0
1
-0.33135
0.108624
1.000009
2
0
0
0
1
-0.80001
0.131735
1.000001
0
0
0
1
-0.80001
0.131735
1.000001
shoulder
False
True
True
False
False
0.091000
0.111
0.191
0.02
0
-0.08
0
1
7
0
0
0
0
None
7
2
-0.60721
0.326949
-0.1487
0.708716
-1
-0.03927
0.49882
-0.57572
0.320151
-0.16282
0.734528
-1
-0.03927
0.49882
3
-0.3282
0.256371
-0.25156
0.873655
-1
-0.03927
0.49882
-0.81299
0.358092
-0.02791
0.458295
-1
-0.03927
0.49882
-0.60721
0.326949
-0.1487
0.708716
-1
-0.03927
0.49882
3
-0.60776
0.249399
-0.20927
0.724309
-0.99999
-0.13679
0.67875
-0.62874
0.159269
-0.13364
0.749304
-0.99999
0.169911
0.610942
-0.64239
0.026734
-0.02243
0.765577
-0.99999
-0.29038
0.554029
3
-0.60721
0.326949
-0.1487
0.708716
-1
-0.03927
0.49882
-0.89994
0.332054
-0.08534
0.269357
-1
-0.03927
0.49882
-0.79659
0.393213
-0.00789
0.459076
-1
-0.03927
0.49882
2
-0.86585
0.358672
0.019064
0.348257
-1
-0.03927
0.49882
-0.86585
0.358672
0.019064
0.348257
-1
-0.03927
0.49882
2
-0.92648
0.050252
-0.35564
0.11229
-1
-0.03927
0.49882
-0.9207
0.034691
-0.35749
0.152597
-1
-0.03927
0.49882
2
-0.66014
0.205551
0.293557
-0.66014
-0.99999
-0.13679
0.67875
-0.472
-0.00124
0.28259
-0.83507
-1
0.435942
0.474459
hip
False
True
False
False
False
0.111
0.131
0.201
0
0
0
0
1
9
0
0
0
0
None
7
2
-0.80901
0
0
0.587785
-0.70421
-0.29535
-1
-0.80901
0
0
0.587785
-0.70421
-0.29535
-1
3
-0.91706
0
0
0.398748
-0.99999
-0.53978
-0.58348
-0.7826
0
0
0.622514
-0.7042
-0.78238
-1
-0.4848
0
0
0.874619
-0.70421
-0.93698
-0.99999
3
-0.55069
0.14396
-0.0971
0.816442
-0.88287
-0.54449
-0.99999
-0.55919
0
0
0.829037
-0.9996
0.285798
-1
-0.55375
-0.11537
0.077824
0.820969
-0.72959
-0.3277
-1
3
-0.80901
0
0
0.587785
-0.70421
-0.29535
-1
-0.52249
0
0
0.85264
-0.70421
-0.29535
-1
-0.80901
0
0
0.587785
-0.70421
-0.29535
-1
2
-0.99813
0
0
0.061048
-0.38671
-1
-0.86942
-0.99813
0
0
0.061048
-0.38671
-1
-0.86942
2
-0.97029
0
0
-0.24192
-0.70421
-0.29535
-1
-0.97029
0
0
-0.24192
-0.70421
-0.29535
-1
2
-0.55919
0
0
0.829037
-0.72959
-0.0517
-0.99999
-0.55919
0
0
0.829037
-0.72959
-0.0517
-0.99999
arm
False
False
True
False
False
0.081
0.091000
0.171
0
0
-0.09999
5
1
8
0
0
0
0
None
7
2
-0.66262
0
0
0.748955
0.299643
-0.1713
-1
-0.66262
0
0
0.748955
0.299643
-0.1713
-1
3
-0.87881
0
0
0.477158
0.299643
-0.1713
-1
-0.98069
-0.02246
0.037389
0.190627
0.299643
-0.1713
-1
-0.80901
0
0
0.587785
0.299643
-0.1713
-1
3
-0.67402
0.174024
-0.16805
0.697972
-0.03206
-0.1696
-0.99999
-0.69465
0
0
0.719339
-0.03206
-0.1696
-0.99999
-0.69465
0
0
0.719339
-0.03206
-0.1696
-0.99999
3
-0.66262
0
0
0.748955
0.299643
-0.1713
-1
-0.98249
-0.05346
0.170537
0.052503
0.299643
-0.1713
-1
-0.80901
0
0
0.587785
0.299643
-0.1713
-1
2
-0.84459
-0.14993
0.307405
0.411934
0.299643
-0.1713
-1
-0.84459
-0.14993
0.307405
0.411934
0.299643
-0.1713
-1
2
-0.91706
0
0
0.398749
0.299643
-0.1713
-1
-0.89879
0
0
0.438371
0.299643
-0.1713
-1
2
0.656058
0
0
0.754709
-0.03206
-0.1696
-0.99999
0.543551
-0.1448
-0.09584
0.821217
-0.03206
-0.1696
-0.99999
hand
False
False
True
False
False
0.070999
0.071
0.091
0
-0.02
0
7
0
0
-16
-1
0
None
7
2
0
0
0
1
0.191318
0.060081
-1
0
0
0
1
0.191318
0.060081
-1
3
0
0
0
1
0.191318
0.060081
-1
0
0
0
1
0.191318
0.060081
-1
0
0
0
1
0.191318
0.060081
-1
3
0
0
0
1
0.191318
0.060081
-1
0
0
0
1
0.191318
0.060081
-1
0
0
0
1
0.191318
0.060081
-1
3
0
0
0
1
0.191318
0.060081
-1
0
0
0
1
0.191318
0.060081
-1
0
0
0
1
0.191318
0.060081
-1
2
0
0
0
1
0.191318
0.060081
-1
0
0
0
1
0.191318
0.060081
-1
2
-0.76604
0
0
0.642787
0.191318
0.060081
-1
-0.76604
0
0
0.642787
0.191318
0.060081
-1
2
0
0
0
1
0.191318
0.060081
-1
0
0
0
1
0.191318
0.060081
-1
leg
False
False
False
False
False
0.101
0.101
0.131
0
0
-0.08
6
1
10
0
0
0
0
None
7
2
-0.62932
0
0
0.777146
-0.06815
0.298324
-0.99999
-0.62932
0
0
0.777146
-0.06815
0.298324
-0.99999
3
-0.62932
0
0
0.777146
-0.06815
0.298324
-0.99999
-0.62932
0
0
0.777146
-0.06815
0.298324
-0.99999
-0.3665
0
0
0.930417
-0.06815
0.298324
-0.99999
3
-0.61975
0.13495
-0.10928
0.765339
-0.06816
0
-1
-0.5047
-0.02713
-0.0335
0.862211
-0.06816
0
-1
-0.61775
-0.14828
0.12008
0.762867
-0.06816
0
-1
3
-0.62932
0
0
0.777146
-0.06815
0.298324
-0.99999
-0.3665
0
0
0.930417
-0.06815
0.298324
-0.99999
-0.62932
0
0
0.777146
-0.06815
0.298324
-0.99999
2
-0.72537
0
0
0.688354
-0.06815
0.298324
-0.99999
-0.72537
0
0
0.688354
-0.06815
0.298324
-0.99999
2
-0.99984
0
0
0.017452
-0.06815
0.298324
-0.99999
-0.99984
0
0
0.017452
-0.06815
0.298324
-0.99999
2
-0.62932
0
0
0.777146
-0.06816
0
-1
-0.62932
0
0
0.777146
-0.06816
0
-1
foot
False
False
False
False
False
0.090998
0.031
0.131
0
0
0
9
0
0
-16
-4
0
None
7
2
0
-0.10452
0
0.994522
-0.07333
-0.55534
-0.99999
0
-0.10452
0
0.994522
-0.07333
-0.55534
-0.99999
3
0
-0.10452
0
0.994522
-0.07333
-0.55534
-0.99999
0
-0.10452
0
0.994522
-0.07333
-0.55534
-0.99999
0.299058
-0.09969
0.031432
0.948492
-0.07333
-0.55534
-0.99999
3
0
-0.10452
0
0.994522
-0.07333
-0.55534
-0.99999
0
-0.10452
0
0.994522
-0.07333
-0.55534
-0.99999
0
-0.10452
0
0.994522
-0.07333
-0.55534
-0.99999
3
0
-0.10452
0
0.994522
-0.07333
-0.55534
-0.99999
0.459219
-0.09271
0.048265
0.882151
-0.07333
-0.55534
-0.99999
0
-0.10452
0
0.994522
-0.07333
-0.55534
-0.99999
2
0
-0.10452
0
0.994522
-0.07333
-0.55534
-0.99999
0
-0.10452
0
0.994522
-0.07333
-0.55534
-0.99999
2
-0.76184
-0.06718
0.080073
0.639266
-0.07333
-0.55534
-0.99999
-0.76184
-0.06718
0.080073
0.639266
-0.07333
-0.55534
-0.99999
2
0
-0.10452
0
0.994522
-0.07333
-0.55534
-0.99999
0
-0.10452
0
0.994522
-0.07333
-0.55534
-0.99999
headcrest
False
False
False
True
True
0.091
0.051
0.101
0
0
0.02
2
0
0
3
-4
0
None
7
2
-0.13052
0
0
0.991444
0.045297
1.000004
-0.61123
-0.13052
0
0
0.991444
0.045297
1.000004
-0.61123
3
-0.13052
0
0
0.991444
0.045297
1.000004
-0.61123
-0.13052
0
0
0.991444
0.045297
1.000004
-0.61123
-0.13052
0
0
0.991444
0.045297
1.000004
-0.61123
3
-0.13052
0
0
0.991444
0.074099
0.969958
-0.99999
-0.13052
0
0
0.991444
0.074099
0.969958
-0.99999
-0.13052
0
0
0.991444
0.074099
0.969958
-0.99999
3
-0.13052
0
0
0.991444
0.045297
1.000004
-0.61123
-0.13052
0
0
0.991444
0.045297
1.000004
-0.61123
-0.13052
0
0
0.991444
0.045297
1.000004
-0.61123
2
-0.13052
0
0
0.991444
0.045297
1.000004
-0.61123
-0.13052
0
0
0.991444
0.045297
1.000004
-0.61123
2
-0.13052
0
0
0.991444
0.045297
1.000004
-0.61123
-0.13052
0
0
0.991444
0.045297
1.000004
-0.61123
2
-0.13052
0
0
0.991444
0.074099
0.969958
-0.99999
-0.13052
0
0
0.991444
0.074099
0.969958
-0.99999
mouth
True
False
False
True
False
0.07
0.06
0.05
0
0
0.01
3
0
0
0
0
0
HorseMouth
7
2
0
0
0
1
-0.14085
-0.19737
1.000005
0
0
0
1
-0.14085
-0.19737
1.000005
3
0
0
0
1
-0.14085
-0.19737
1.000005
0
0
0
1
-0.14085
-0.19737
1.000005
0
0
0
1
-0.14085
-0.19737
1.000005
3
0.130526
0
0
0.991444
-0.14087
-0.20712
0.99999
0.130526
0
0
0.991444
-0.14087
-0.20712
0.99999
0.130526
0
0
0.991444
-0.14087
-0.20712
0.99999
3
0
0
0
1
-0.14085
-0.19737
1.000005
0
0
0
1
-0.14085
-0.19737
1.000005
0
0
0
1
-0.14085
-0.19737
1.000005
2
0
0
0
1
-0.14085
-0.19737
1.000005
0
0
0
1
-0.14085
-0.19737
1.000005
2
0
0
0
1
-0.14085
-0.19737
1.000005
0
0
0
1
-0.14085
-0.19737
1.000005
2
0.130526
0
0
0.991444
-0.14087
-0.20712
0.99999
0.130526
0
0
0.991444
-0.14087
-0.20712
0.99999
snouttip
False
False
False
True
False
0.031
0.031
0.011
0
0
0
3
0
0
-16
-7
0
pigSnout
7
2
-0.08732
0
0.003798
0.996173
0
0.635067
0.999993
-0.08732
0
0.003798
0.996173
0
0.635067
0.999993
3
-0.08732
0
0.003798
0.996173
0
0.635067
0.999993
-0.08732
0
0.003798
0.996173
0
0.635067
0.999993
-0.08732
0
0.003798
0.996173
0
0.635067
0.999993
3
-0.13052
0
0
0.991444
0
0.510621
0.999975
-0.13052
0
0
0.991444
0
0.510621
0.999975
-0.13052
0
0
0.991444
0
0.510621
0.999975
3
-0.08732
0
0.003798
0.996173
0
0.635067
0.999993
-0.08732
0
0.003798
0.996173
0
0.635067
0.999993
-0.08732
0
0.003798
0.996173
0
0.635067
0.999993
2
-0.08732
0
0.003798
0.996173
0
0.635067
0.999993
-0.08732
0
0.003798
0.996173
0
0.635067
0.999993
2
-0.08732
0
0.003798
0.996173
0
0.635067
0.999993
-0.08732
0
0.003798
0.996173
0
0.635067
0.999993
2
-0.13052
0
0
0.991444
0
0.510621
0.999975
-0.13052
0
0
0.991444
0
0.510621
0.999975
sideburns
False
True
False
True
False
0.0755
0.1255
0.0455
0
0
0
2
0
0
-16
-5
0
None
7
2
0
0
-0.17364
0.984807
-1
-0.05877
0.426111
0
0
-0.17364
0.984807
-1
-0.05877
0.426111
3
0
0
-0.17364
0.984807
-1
-0.05877
0.426111
0
0
-0.17364
0.984807
-1
-0.05877
0.426111
0
0
-0.17364
0.984807
-1
-0.05877
0.426111
3
0
0
-0.17364
0.984807
-1
-0.05877
0.426111
0
0
-0.17364
0.984807
-1
-0.05877
0.426111
0
0
-0.17364
0.984807
-1
-0.05877
0.426111
3
0
0
-0.17364
0.984807
-1
-0.05877
0.426111
0
0
-0.17364
0.984807
-1
-0.05877
0.426111
0
0
-0.17364
0.984807
-1
-0.05877
0.426111
2
0
0
-0.17364
0.984807
-1
-0.05877
0.426111
0
0
-0.17364
0.984807
-1
-0.05877
0.426111
2
0
0
-0.17364
0.984807
-1
-0.05877
0.426111
0
0
-0.17364
0.984807
-1
-0.05877
0.426111
2
0
0
-0.17364
0.984807
-1
-0.05877
0.426111
0
0
-0.17364
0.984807
-1
-0.05877
0.426111
belly
False
False
False
True
False
0.2255
0.095499
0.1555
0
-0.04
0
0
0
0
0
0
0
None
7
2
0
0
0
1
0.020333
-0.99999
-0.34184
0
0
0
1
0.020333
-0.99999
-0.34184
3
0
0
0
1
0.020333
-0.99999
-0.34184
0
0
0
1
0.020333
-0.99999
-0.34184
0
0
0
1
0.020333
-0.99999
-0.34184
3
0
0
0
1
0.020333
-0.99999
-0.34184
0
0
0
1
0.020333
-0.99999
-0.34184
0
0
0
1
0.020333
-0.99999
-0.34184
3
0
0
0
1
0.020333
-0.99999
-0.34184
0
0
0
1
0.020333
-0.99999
-0.34184
0
0
0
1
0.020333
-0.99999
-0.34184
2
0
0
0
1
0.020333
-0.99999
-0.34184
0
0
0
1
0.020333
-0.99999
-0.34184
2
0
0
0
1
0.020333
-0.99999
-0.34184
0
0
0
1
0.020333
-0.99999
-0.34184
2
0
0
0
1
0.020333
-0.99999
-0.34184
0
0
0
1
0.020333
-0.99999
-0.34184
eyebrow
False
True
False
True
False
0.0455
0.0255
0.0255
0
0
0
2
0
0
-16
-5
0
None
7
2
0
0
0
1
-0.42018
0.383917
1.000001
0
0
0
1
-0.42018
0.383917
1.000001
3
0
0
0
1
-0.42018
0.383917
1.000001
0
0
0
1
-0.42018
0.383917
1.000001
0
0
0
1
-0.42018
0.383917
1.000001
3
0
0
0
1
-0.42018
0.383917
1.000001
0
0
0
1
-0.42018
0.383917
1.000001
0
0
0
1
-0.42018
0.383917
1.000001
3
0
0
0
1
-0.42018
0.383917
1.000001
0
0
0
1
-0.42018
0.383917
1.000001
0
0
0
1
-0.42018
0.383917
1.000001
2
0
0
0
1
-0.42018
0.383917
1.000001
0
0
0
1
-0.42018
0.383917
1.000001
2
0
0
0
1
-0.42018
0.383917
1.000001
0
0
0
1
-0.42018
0.383917
1.000001
2
0
0
0
1
-0.42018
0.383917
1.000001
0
0
0
1
-0.42018
0.383917
1.000001
