30
0.616450
0.925490
0.607843
0.658823
perk_sprint
false
0.351191
flightless
strider
avestruz
sem voo
saltador
страус
не полета
прыжок
ostrich
yang tidak bisa terbang
pincang
avestruz
no-volador
velocista
นกกระจอกเทศ
ขมุกขมัว
สปรินเตอร์
sem voo
не полетная
no-volador
M
M
F
не полетная
false
Feathers
Uncooked Meat
Bones
?
?
11
torso
False
False
False
False
False
0.180068
0.187863
0.281405
0
0
0
-1
4
1
5
6
7
0
-8
-21
0
None
7
2
0.121869
0
0
0.992546
0
0
0
0.121869
0
0
0.992546
0
0
0
3
0.121869
0
0
0.992546
0
0
0
0.121869
0
0
0.992546
0
0
0
0.121869
0
0
0.992546
0
0
0
3
0.121201
0.103749
0.012738
0.987108
0
0
0
0.121201
0.103749
0.012738
0.987108
0
0
0
0.120683
-0.13813
-0.01696
0.982886
0
0
0
3
0.333806
0
0
0.942641
0
-0.36
-0.36
0.121869
0
0
0.992546
0
0
0.2
-0.05233
0
0
0.998629
0
0
0.2
2
-0.3502
0
0
0.936672
0
-0.02
0.14
-0.39073
0
0
0.920504
0
-0.02
0.14
2
-0.68199
0
0
0.731353
0
-0.48
0.08
-0.68199
0
0
0.731353
0
-0.48
0.099999
2
-0.30901
0
0
0.951056
0
0
0
-0.43051
0
0
0.902585
0
0
0
neck
False
False
False
True
False
0.039755
0.039755
0.289201
0
0
0.32
0
1
2
0
0
0
0
None
7
2
-0.83867
0
0
0.544639
0
0.539533
1.000002
-0.71933
0
0
0.694658
0
0.539533
1.000002
3
-0.73135
0
0
0.681998
0
0.539533
1.000002
-0.83867
0
0
0.544639
0
0.539533
1.000002
-0.83867
0
0
0.544639
0
0.539533
1.000002
3
-0.83867
0
0
0.544639
0
0.539533
1.000002
-0.83867
0
0
0.544639
0
0.539533
1.000002
-0.83867
0
0
0.544639
0
0.539533
1.000002
3
-0.03489
0
0
0.99939
0
0.539533
1.000002
-0.12186
0
0
0.992546
0
0.539533
1.000002
-0.66913
0
0
0.743144
0
0.95089
0.999997
2
-0.52991
0
0
0.848048
0
-0.34558
0.999998
-0.52991
0
0
0.848048
0
-0.34558
0.999998
2
-0.90258
0
0
0.430511
0
0.539533
1.000002
-0.90258
0
0
0.430511
0
0.539533
1.000002
2
0.22495
0
0
0.97437
0
0.539533
1.000002
0.309016
0
0
0.951056
0
0.078717
0.999998
head
False
False
False
False
False
0.06314
0.06314
0.078731
0
0
0
1
2
3
4
0
0
-2
0
None
7
2
0
0
0
1
0
-0.66235
1.000003
0
0
0
1
0
-0.66235
1.000003
3
-0.24192
0
0
0.970295
0
-0.66235
1.000003
-0.24192
0
0
0.970295
0
-0.66235
1.000003
-0.24192
0
0
0.970295
0
-0.66235
1.000003
3
0
0
0
1
0
-0.66235
1.000003
0
0
0
1
0
-0.66235
1.000003
0
0
0
1
0
-0.66235
1.000003
3
0.819152
0
0
0.573576
0
-0.66235
1.000003
0.642787
0
0
0.766044
0
-0.66235
1.000003
-0.49999
0
0
0.866025
0
-0.66235
1.000003
2
0.130526
0
0
0.991444
0
-0.66235
1.000003
0.130526
0
0
0.991444
0
-0.66235
1.000003
2
-0.76604
0
0
0.642787
0
-0.66235
1.000003
-0.76604
0
0
0.642787
0
-0.66235
1.000003
2
0
0
0
1
0
-0.66235
1.000003
0
0
0
1
0
-0.66235
1.000003
snout
False
False
False
True
False
0.055345
0.024164
0.086526
0
0
0.02
2
0
0
0
-2
0
None
7
2
0.034835
-0.00234
0
0.99939
0.026195
-0.41636
1.000007
0.034835
-0.00234
0
0.99939
0.026195
-0.41636
1.000007
3
0.034835
-0.00234
0
0.99939
0.026195
-0.41636
1.000007
0.034835
-0.00234
0
0.99939
0.026195
-0.41636
1.000007
0.034835
-0.00234
0
0.99939
0.026195
-0.41636
1.000007
3
0.034835
-0.00234
0
0.99939
0.026195
-0.41636
1.000007
0.034835
-0.00234
0
0.99939
0.026195
-0.41636
1.000007
0.034835
-0.00234
0
0.99939
0.026195
-0.41636
1.000007
3
0.034835
-0.00234
0
0.99939
0.026195
-0.41636
1.000007
0.034835
-0.00234
0
0.99939
0.026195
-0.41636
1.000007
0.034835
-0.00234
0
0.99939
0.026195
-0.41636
1.000007
2
0.034835
-0.00234
0
0.99939
0.026195
-0.41636
1.000007
0.034835
-0.00234
0
0.99939
0.026195
-0.41636
1.000007
2
0.034835
-0.00234
0
0.99939
0.026195
-0.41636
1.000007
0.034835
-0.00234
0
0.99939
0.026195
-0.41636
1.000007
2
0.034835
-0.00234
0
0.99939
0.026195
-0.41636
1.000007
0.034835
-0.00234
0
0.99939
0.026195
-0.41636
1.000007
eyes
True
True
False
True
False
0.038975
0.038975
0.038975
0
0
0.01
2
0
0
0
0
0
DerpyEye
7
2
0
-0.24192
0
0.970295
-0.99999
0.146844
0.918445
0
-0.24192
0
0.970295
-0.99999
0.146844
0.918445
3
0
-0.24192
0
0.970295
-0.99999
0.146844
0.918445
0
-0.24192
0
0.970295
-0.99999
0.146844
0.918445
0
-0.24192
0
0.970295
-0.99999
0.146844
0.918445
3
0
-0.24192
0
0.970295
-0.99999
0.146844
0.918445
0
-0.24192
0
0.970295
-0.99999
0.146844
0.918445
0
-0.24192
0
0.970295
-0.99999
0.146844
0.918445
3
0
-0.24192
0
0.970295
-0.99999
0.146844
0.918445
0
-0.24192
0
0.970295
-0.99999
0.146844
0.918445
0
-0.24192
0
0.970295
-0.99999
0.146844
0.918445
2
0
-0.24192
0
0.970295
-0.99999
0.146844
0.918445
0
-0.24192
0
0.970295
-0.99999
0.146844
0.918445
2
0
-0.24192
0
0.970295
-0.99999
0.146844
0.918445
0
-0.24192
0
0.970295
-0.99999
0.146844
0.918445
2
0
-0.24192
0
0.970295
-0.99999
0.146844
0.918445
0
-0.24192
0
0.970295
-0.99999
0.146844
0.918445
shoulder
False
True
False
False
False
0.024164
0.024165
0.133297
0
0
0
0
1
10
0
-8
-21
0
None
7
2
-0.60181
0
0
0.798635
-1
0.007139
0.636001
-0.60181
0
0
0.798635
-1
0.007139
0.636001
3
-0.60181
0
0
0.798635
-1
0.007139
0.636001
-0.57226
0.445751
-0.26483
0.63536
-0.99999
0.202042
0.636009
-0.60181
0
0
0.798635
-1
0.007139
0.636001
3
-0.60181
0
0
0.798635
-1
0.007139
0.636001
-0.60479
0.284957
-0.21783
0.711035
-1
0.359649
0.636005
-0.60181
0
0
0.798635
-1
0.007139
0.636001
3
-0.60181
0
0
0.798635
-1
0.007139
0.636001
-0.55085
0.385812
-0.31803
0.668246
-1
0.462734
0.635935
-0.56351
0.501003
-0.47754
0.450985
-1
0.852043
0.672539
2
-0.60181
0
0
0.798635
-1
-0.30134
0.461962
-0.60181
0
0
0.798635
-1
-0.30134
0.461962
2
-0.99862
0
0
0.052336
-1
0.007139
0.636001
-0.99862
0
0
0.052336
-1
0.007139
0.636001
2
-0.55797
0.333027
0.26019
-0.71418
-0.86023
1.000002
0.547075
-0.12613
0.158315
0.391845
-0.89748
-0.58058
1.000005
0.325511
hip
False
True
True
False
False
0.039755
0.086526
0.148887
0
0
0
0
1
8
0
-10
0
0
None
7
2
-0.54463
0
0
0.83867
-1
-0.60599
-0.09414
-0.54463
0
0
0.83867
-1
-0.61782
-0.09414
3
-0.62692
0.067732
-0.05484
0.774188
-0.99999
-0.39079
-0.41191
-0.82903
0
0
0.559192
-1
-0.74723
0.020452
-0.54463
0
0
0.83867
-0.99999
-0.74659
-0.70003
3
-0.53463
0.160025
-0.10392
0.823261
-1
-0.81021
-0.0489
-0.54463
0
0
0.83867
-0.99999
-0.36086
-0.20508
-0.53636
-0.14563
0.094575
0.825929
-1
-0.91172
-0.3007
3
-0.54463
0
0
0.83867
-1
-0.60599
-0.09414
-0.39073
0
0
0.920504
-1
-0.98437
-0.66674
-0.46902
-0.00981
-0.0425
0.882107
-0.99999
-0.93435
-0.66671
2
-0.98876
0.010621
-0.0865
0.121405
-0.99999
-0.9462
-0.63474
-0.98876
0.010621
-0.0865
0.121405
-0.99999
-0.9462
-0.63474
2
-0.99254
0
0
0.121869
-1
-0.60599
-0.09414
-0.99254
0
0
0.121869
-1
-0.60599
-0.09414
2
-0.54463
0
0
0.83867
-1
-0.61782
-0.09414
-0.54463
0
0
0.83867
-1
-0.61782
-0.09414
tail
False
False
False
False
False
0.086526
0.078731
0.078731
0
0
0.04
0
0
0
-10
5
0
None
7
2
-0.86602
0
0
-0.49999
0.035806
0.942267
-0.99999
-0.86602
0
0
-0.49999
0.035806
0.942267
-0.99999
3
-0.86602
0
0
-0.49999
0.035806
0.942267
-0.99999
-0.86602
0
0
-0.49999
0.035806
0.942267
-0.99999
-0.86602
0
0
-0.49999
0.035806
0.942267
-0.99999
3
-0.86602
0
0
-0.49999
0.035806
0.942267
-0.99999
-0.86602
0
0
-0.49999
0.035806
0.942267
-0.99999
-0.86602
0
0
-0.49999
0.035806
0.942267
-0.99999
3
-0.86602
0
0
-0.49999
0.035806
0.942267
-0.99999
-0.86602
0
0
-0.49999
0.035806
0.942267
-0.99999
-0.86602
0
0
-0.49999
0.035806
0.942267
-0.99999
2
-0.86602
0
0
-0.49999
0.035806
0.942267
-0.99999
-0.86602
0
0
-0.49999
0.035806
0.942267
-0.99999
2
-0.17364
0
0
-0.9848
0.035806
0.942267
-0.99999
-0.17364
0
0
-0.9848
0.035806
0.942267
-0.99999
2
-0.86602
0
0
-0.49999
0.035806
0.942267
-0.99999
-0.86602
0
0
-0.49999
0.035806
0.942267
-0.99999
leg
False
False
True
False
False
0.03196
0.039755
0.187863
0
0
-0.16
6
1
9
0
0
0
0
None
7
2
-0.74314
0
0
0.66913
-0.13455
-0.12052
-0.99999
-0.74314
0
0
0.66913
-0.13455
-0.12052
-0.99999
3
-0.51472
0.029914
-0.01797
0.856645
-0.13455
-0.12052
-0.99999
-0.84804
0
0
0.529919
-0.13453
-0.4743
-1
-0.54463
0
0
0.83867
-0.13452
0.297115
-1
3
-0.72409
0.150521
-0.16717
0.65198
-0.13455
-0.12052
-0.99999
-0.55919
0
0
0.829037
-0.13455
-0.12052
-0.99999
-0.72107
-0.16187
0.179783
0.649254
-0.13455
-0.12052
-0.99999
3
-0.82412
0
0
0.566406
-0.13455
-0.12052
-0.99999
-0.54463
0
0
0.83867
-0.13455
-0.12052
-0.99999
-0.54463
0
0
0.83867
-0.13455
-0.12052
-0.99999
2
-0.99581
0.025948
-0.04466
0.075418
-0.13455
-0.12052
-0.99999
-0.99581
0.025948
-0.04466
0.075418
-0.13455
-0.12052
-0.99999
2
-0.99026
0
0
-0.13917
-0.13455
-0.12052
-0.99999
-0.99026
0
0
-0.13917
-0.13455
-0.12052
-0.99999
2
-0.74314
0
0
0.66913
-0.13455
-0.12052
-0.99999
-0.68199
0
0
0.731353
-0.13455
-0.12052
-0.99999
foot
False
False
True
False
False
0.039755
0.03196
0.06314
0
0
0
8
0
0
0
0
0
None
7
2
0
0
0
1
-0.07332
-0.80705
-1
0
0
0
1
-0.07332
-0.80705
-1
3
0
0
0
1
-0.07332
-0.80705
-1
0
0
0
1
-0.07332
-0.80705
-1
0
0
0
1
-0.07332
-0.80705
-1
3
0
0
0
1
-0.07332
-0.80705
-1
0.224951
0
0
0.97437
-0.07332
-0.80705
-1
0.224951
0
0
0.97437
-0.07332
-0.80705
-1
3
0
0
0
1
-0.07332
-0.80705
-1
0
0
0
1
-0.07332
-0.80705
-1
0
0
0
1
-0.07332
-0.80705
-1
2
-0.67559
0
0
0.737277
-0.07332
-0.80705
-1
-0.67559
0
0
0.737277
-0.07332
-0.80705
-1
2
-0.76604
0
0
0.642787
-0.07332
-0.80705
-1
-0.76604
0
0
0.642787
-0.07332
-0.80705
-1
2
0
0
0
1
-0.07332
-0.80705
-1
0
0
0
1
-0.07332
-0.80705
-1
wing
False
False
False
True
False
0.016369
0.117706
0.117706
0
0.099999
0
5
0
0
-8
-21
0
None
7
2
0
0
0
1
-0.96473
1.000014
0.009127
0
0
0
1
-0.96473
1.000014
0.009127
3
0
0
0
1
-0.96473
1.000014
0.009127
0
0
0
1
-0.96473
1.000014
0.009127
0
0
0
1
-0.96473
1.000014
0.009127
3
0
0
0
1
-0.96473
1.000014
0.009127
0
0
0
1
-0.99998
0.92949
-0.07259
0
0
0
1
-0.96473
1.000014
0.009127
3
0
0
0
1
-0.96473
1.000014
0.009127
0
0
0
1
-0.96473
1.000014
0.009127
0
0
0
1
-0.96473
1.000014
0.009127
2
0
0
0
1
-0.96473
1.000014
0.009127
0
0
0
1
-0.96473
1.000014
0.009127
2
0
0
0
1
-0.96473
1.000014
0.009127
0
0
0
1
-0.96473
1.000014
0.009127
2
0
0
0
1
-0.96473
1.000014
0.009127
0
0
0
1
-0.96473
1.000014
0.009127
