30
0.335691
0.435294
0.349019
0.282353
perk_eagle_eye
false
0.996593
hooting
hooter
coruja
buzina
buzina
сова
гудок
гудок
burung hantu
berseru
tiupan
lechuza
ululante
sirena
นก ฮูก
การบีบแตร
บีบแตร
buzina
гудок
ululante
F
M
F
гудок
false
Feathers
Uncooked Meat
Bones
?
?
12
torso
False
False
False
False
False
0.231
0.121
0.181
0
0
0
-1
4
1
5
6
7
0
0
-2
0
None
7
2
-0.4848
0
0
0.874619
0
0
0
-0.55919
0
0
0.829037
0
0
0
3
-0.3746
0
0
0.927183
0
0
0
-0.55919
0
0
0.829037
0
0
0
-0.4848
0
0
0.874619
0
0
0
3
-0.48362
0.06101
-0.03381
0.872489
0
0
0
-0.4848
0
0
0.874619
0
0
0
-0.48215
-0.09142
0.050676
0.869828
0
0
0
3
-0.19936
0
0
0.979924
0
0.04
-0.26
-0.15643
0
0
0.987688
0
-0.18
0.26
-0.24192
0
0
0.970295
0
-0.18
0.26
2
-0.66262
0
0
0.748955
0
-0.14
0.24
-0.69465
0
0
0.719339
0
-0.12
0.24
2
-0.99813
0
0
0.061048
0
-0.4
-0.32
-0.99813
0
0
0.061048
0
-0.42
-0.32
2
-0.4848
0
0
0.874619
0
0
0
-0.59482
0
0
0.803856
0
0
0
neck
False
False
False
True
False
0.141
0.091000
0.071000
0
0
0
0
1
2
0
0
0
0
None
7
2
-0.34202
0
0
0.939692
0
-0.03828
0.999999
-0.34202
0
0
0.939692
0
-0.03828
0.999999
3
-0.34202
0
0
0.939692
0
-0.03828
0.999999
-0.34202
0
0
0.939692
0
-0.03828
0.999999
-0.34202
0
0
0.939692
0
-0.03828
0.999999
3
-0.34202
0
0
0.939692
0
-0.03828
0.999999
-0.34202
0
0
0.939692
0
-0.03828
0.999999
-0.34202
0
0
0.939692
0
-0.03828
0.999999
3
-0.34202
0
0
0.939692
0
-0.03828
0.999999
-0.34202
0
0
0.939692
0
-0.03828
0.999999
-0.34202
0
0
0.939692
0
-0.03828
0.999999
2
-0.34202
0
0
0.939692
0
-0.27093
0.999999
-0.34202
0
0
0.939692
0
-0.27093
0.999999
2
-0.34202
0
0
0.939692
0
-0.03828
0.999999
-0.34202
0
0
0.939692
0
-0.03828
0.999999
2
0.34202
0
0
0.939692
0
-0.99999
0.981303
0.537299
0
0
0.843391
0
-1
0.75126
head
False
False
False
False
False
0.181
0.131
0.121
0
0
0
1
3
3
4
11
0
0
0
0
None
7
2
-0.08715
0
0
0.996194
0
0.278862
0.999998
-0.10294
0.018151
0.172696
0.979412
0
0.127287
1.000004
3
-0.1908
0
0
0.981627
0
0.278862
0.999998
-0.08715
0
0
0.996194
0
0.278862
0.999998
-0.08715
0
0
0.996194
0
0.278862
0.999998
3
-0.08715
0
0
0.996194
0
0.278862
0.999998
-0.08715
0
0
0.996194
0
0.278862
0.999998
-0.08715
0
0
0.996194
0
0.278862
0.999998
3
0.537299
0
0
0.843391
0.171424
-0.29559
1
0.537299
0
0
0.843391
0
0.152681
0.999978
-0.08715
0
0
0.996194
0
0.152681
0.999978
2
0.087155
0
0
0.996194
0
0.063707
1.000014
0.087155
0
0
0.996194
0
0.063707
1.000014
2
-0.9063
0
0
0.422618
0
0.278862
0.999998
-0.9063
0
0
0.422618
0
0.278862
0.999998
2
-0.08715
0
0
0.996194
0
0.278862
0.999998
-0.08715
0
0
0.996194
0
0.278862
0.999998
snout
False
False
False
True
False
0.021
0.031
0.031
0
0
0.02
2
0
9
10
10
0
None
7
2
0.087092
-0.00237
0
0.996197
0.026198
-0.64649
0.999998
0.087092
-0.00237
0
0.996197
0.026198
-0.64649
0.999998
3
0.087092
-0.00237
0
0.996197
0.026198
-0.64649
0.999998
0.087092
-0.00237
0
0.996197
0.026198
-0.64649
0.999998
0.087092
-0.00237
0
0.996197
0.026198
-0.64649
0.999998
3
0.087092
-0.00237
0
0.996197
0.026198
-0.64649
0.999998
0.087092
-0.00237
0
0.996197
0.026198
-0.64649
0.999998
0.087092
-0.00237
0
0.996197
0.026198
-0.64649
0.999998
3
0.087092
-0.00237
0
0.996197
0.026198
-0.64649
0.999998
0.087092
-0.00237
0
0.996197
0.026198
-0.64649
0.999998
0.087092
-0.00237
0
0.996197
0.026198
-0.64649
0.999998
2
0.087092
-0.00237
0
0.996197
0.026198
-0.64649
0.999998
0.087092
-0.00237
0
0.996197
0.026198
-0.64649
0.999998
2
0.087092
-0.00237
0
0.996197
0.026198
-0.64649
0.999998
0.087092
-0.00237
0
0.996197
0.026198
-0.64649
0.999998
2
0.087092
-0.00237
0
0.996197
0.026198
-0.64649
0.999998
0.087092
-0.00237
0
0.996197
0.026198
-0.64649
0.999998
eyes
True
True
False
True
False
0.11
0.099999
0.05
0
0
0.03
2
0
0
0
0
0
DerpyEye
7
2
-0.01744
-0.02617
0
0.999505
-0.54519
-0.1467
0.999995
-0.0174
-0.06974
0.001217
0.997412
-0.57698
-0.15016
0.999998
3
-0.0174
-0.06974
0.001217
0.997412
-0.56491
-0.14882
1.000001
-0.0174
-0.06974
0.001217
0.997412
-0.57704
-0.15018
1
-0.0174
-0.06974
0.001217
0.997412
-0.64104
-0.15751
1.000004
3
-0.0174
-0.06974
0.001217
0.997412
-0.48212
-0.14017
0.999999
-0.0174
-0.06974
0.001217
0.997412
-0.48212
-0.14017
0.999999
-0.0174
-0.06974
0.001217
0.997412
-0.48212
-0.14017
0.999999
3
-0.0174
-0.06974
0.001217
0.997412
-0.48212
-0.14017
0.999999
-0.0174
-0.06974
0.001217
0.997412
-0.48212
-0.14017
0.999999
-0.0174
-0.06974
0.001217
0.997412
-0.48212
-0.14017
0.999999
2
-0.0174
-0.06974
0.001217
0.997412
-0.56094
-0.14839
1.000004
-0.0174
-0.06974
0.001217
0.997412
-0.54909
-0.14711
0.999997
2
-0.0174
-0.06974
0.001217
0.997412
-0.48212
-0.14017
0.999999
-0.0174
-0.06974
0.001217
0.997412
-0.48212
-0.14017
0.999999
2
-0.0174
-0.06974
0.001217
0.997412
-0.48212
-0.14017
0.999999
-0.0174
-0.06974
0.001217
0.997412
-0.48212
-0.14017
0.999999
shoulder
False
True
False
False
False
0.031
0.031
0.121
0
0
0
0
1
10
0
-5
4
0
None
7
2
-0.9063
0
0
0.422618
-0.99999
0.032122
0.49266
-0.89253
0.157378
0.073386
0.416197
-0.99999
0.032122
0.49266
3
-0.87798
0.347747
-0.08065
0.318912
-0.99999
0.032122
0.49266
-0.9063
0
0
0.422618
-0.99999
0.032122
0.49266
-0.9063
0
0
0.422618
-0.99999
0.032122
0.49266
3
-0.9063
0
0
0.422618
-0.99999
0.032122
0.49266
-0.85165
0.397131
0.144544
0.309975
-0.99999
0.034782
0.746071
-0.9063
0
0
0.422618
-0.99999
0.032122
0.49266
3
-0.9063
0
0
0.422618
-0.99999
0.032122
0.49266
-0.69142
0.689017
-0.20968
0.056773
-0.99999
0.567468
0.492651
-0.69142
0.689017
-0.20968
0.056773
-0.99999
0.567468
0.492651
2
-0.9063
0
0
0.422618
-0.99999
0.032122
0.49266
-0.9063
0
0
0.422618
-0.99999
0.032122
0.49266
2
-0.81915
0
0
-0.57357
-0.99999
0.032122
0.49266
-0.81915
0
0
-0.57357
-0.99999
0.032122
0.49266
2
-0.45315
0.365998
0.211309
-0.78488
-0.57616
0.999997
0.28392
-0.03699
0.311615
0.140195
-0.93908
-0.40566
0.999998
0.199894
hip
False
True
True
False
False
0.061
0.071
0.080999
0
0
0
0
1
8
0
0
0
0
None
7
2
-0.68199
0
0
0.731353
-0.4124
-0.46754
-0.99999
-0.68199
0
0
0.731353
-0.4124
-0.46754
-0.99999
3
-0.5
0
0
0.866025
-0.59809
-0.21319
-1
-0.71933
0
0
0.694658
-0.52749
-0.63023
-1
-0.80901
0
0
0.587785
-0.4769
-0.99735
-1
3
-0.67536
0.101784
-0.09491
0.724236
-0.62013
-0.42851
-1
-0.45399
0
0
0.891006
-0.41226
-0.07866
-0.99999
-0.66946
-0.13954
0.130131
0.717916
-0.25696
-0.35951
-0.99999
3
-0.68199
0
0
0.731353
-0.4124
-0.46754
-0.99999
-0.68199
0
0
0.731353
-0.4124
-0.46754
-0.99999
-0.54463
0
0
0.83867
-0.4124
-0.46754
-0.99999
2
-0.97814
0
0
0.207911
-0.4124
-0.46754
-0.99999
-0.97814
0
0
0.207911
-0.4124
-0.46754
-0.99999
2
-0.97437
0
0
-0.22495
-0.4124
-0.46754
-0.99999
-0.97437
0
0
-0.22495
-0.4124
-0.46754
-0.99999
2
-0.68199
0
0
0.731353
-0.4124
-0.46754
-0.99999
-0.68199
0
0
0.731353
-0.4124
-0.46754
-0.99999
tail
False
False
False
False
False
0.111
0.041000
0.121
0
0
0.04
0
0
0
0
0
0
None
7
2
-0.99756
0
0
0.069756
0.035806
0.624753
-1
-0.99756
0
0
0.069756
0.035806
0.624753
-1
3
-0.99756
0
0
0.069756
0.035806
0.624753
-1
-0.99756
0
0
0.069756
0.035806
0.624753
-1
-0.99756
0
0
0.069756
0.035806
0.624753
-1
3
-0.99756
0
0
0.069756
0.035806
0.624753
-1
-0.99756
0
0
0.069756
0.035806
0.624753
-1
-0.99756
0
0
0.069756
0.035806
0.624753
-1
3
-0.99756
0
0
0.069756
0.035806
0.624753
-1
-0.85264
0
0
0.522498
0.035806
0.624753
-1
-0.97029
0
0
0.241922
0.035806
0.624753
-1
2
-0.99756
0
0
0.069756
0.035806
0.624753
-1
-0.99756
0
0
0.069756
0.035806
0.624753
-1
2
-0.55919
0
0
-0.82903
0.035806
0.624753
-1
-0.55919
0
0
-0.82903
0.035806
0.624753
-1
2
-0.99756
0
0
0.069756
0.035806
0.624753
-1
-0.99756
0
0
0.069756
0.035806
0.624753
-1
leg
False
False
True
False
False
0.021
0.021
0.031000
0
0
-0.02
6
1
9
1
10
10
0
None
7
2
-0.62932
0
0
0.777146
-0.33145
0.240073
-1
-0.62932
0
0
0.777146
-0.33145
0.240073
-1
3
-0.62932
0
0
0.777146
-0.33145
0.240073
-1
-0.24192
0
0
0.970295
-0.33145
0.240073
-1
-0.62932
0
0
0.777146
-0.33145
0.240073
-1
3
-0.61975
0.13495
-0.10928
0.765339
-0.33145
0.240073
-1
-0.49999
0
0
0.866025
-0.33145
0.240073
-1
-0.60787
-0.20114
0.16288
0.750665
-0.33145
0.240073
-1
3
-0.62932
0
0
0.777146
-0.33145
0.240073
-1
-0.62932
0
0
0.777146
-0.33145
0.240073
-1
-0.62932
0
0
0.777146
-0.33145
0.240073
-1
2
-0.85716
0
0
0.515038
-0.33145
0.240073
-1
-0.85716
0
0
0.515038
-0.33145
0.240073
-1
2
-0.98768
0
0
-0.15643
-0.33145
0.240073
-1
-0.98768
0
0
-0.15643
-0.33145
0.240073
-1
2
-0.62932
0
0
0.777146
-0.33145
0.240073
-1
-0.62932
0
0
0.777146
-0.33145
0.240073
-1
foot
False
False
True
False
False
0.031
0.021
0.061
0
0
0.02
8
0
1
10
10
0
None
7
2
0
-0.10452
0
0.994522
-0.07331
-0.9606
-1
0
-0.10452
0
0.994522
-0.07331
-0.9606
-1
3
0
-0.10452
0
0.994522
-0.07331
-0.9606
-1
0.404508
-0.09549
0.042515
0.908541
-0.07331
-0.9606
-1
0
-0.10452
0
0.994522
-0.07331
-0.9606
-1
3
0
-0.10452
0
0.994522
-0.07331
-0.9606
-1
0.223718
-0.10184
0.023513
0.969032
-0.07331
-0.9606
-1
0
-0.10452
0
0.994522
-0.07331
-0.9606
-1
3
0
-0.10452
0
0.994522
-0.07331
-0.9606
-1
0
-0.10452
0
0.994522
-0.07331
-0.9606
-1
0.257401
-0.10096
0.027053
0.960634
-0.07331
-0.9606
-1
2
-0.2574
-0.10096
-0.02705
0.960634
-0.07331
-0.9606
-1
-0.2574
-0.10096
-0.02705
0.960634
-0.07331
-0.9606
-1
2
-0.86128
-0.05226
0.090524
0.497261
-0.07331
-0.9606
-1
-0.86128
-0.05226
0.090524
0.497261
-0.07331
-0.9606
-1
2
0
-0.10452
0
0.994522
-0.07331
-0.9606
-1
0
-0.10452
0
0.994522
-0.07331
-0.9606
-1
wing
False
False
False
True
False
0.031
0.121
0.081
0
0.099999
0
5
0
0
3
-6
0
None
7
2
0
0
0
1
-0.99999
0.134048
-0.20388
0
0
0
1
-0.99999
0.134048
-0.20388
3
0
0
0
1
-0.99999
0.134048
-0.20388
0
0
0
1
-0.99999
0.134048
-0.20388
0
0
0
1
-0.99999
0.134048
-0.20388
3
0
0
0
1
-0.99999
0.134048
-0.20388
0
0
0
1
-0.99999
0.134048
-0.20388
0
0
0
1
-0.99999
0.134048
-0.20388
3
0
0
0
1
-0.99999
0.134048
-0.20388
0
0
0
1
-0.99999
0.134048
-0.20388
0
0
0
1
-0.99999
0.134048
-0.20388
2
0
0
0
1
-0.99999
0.134048
-0.20388
0
0
0
1
-0.99999
0.134048
-0.20388
2
0
0
0
1
-0.99999
0.134048
-0.20388
0
0
0
1
-0.99999
0.134048
-0.20388
2
0
0
0
1
-0.99999
0.134048
-0.20388
0
0
0
1
-0.99999
0.134048
-0.20388
ear
False
True
False
True
True
0.021
0.051
0.040999
0
0
0
2
0
0
0
-7
0
None
7
2
-0.05233
0
0
0.998629
-0.62163
0.999999
-0.33732
-0.05233
0
0
0.998629
-0.62163
0.999999
-0.33732
3
-0.05233
0
0
0.998629
-0.62163
0.999999
-0.33732
-0.05233
0
0
0.998629
-0.62163
0.999999
-0.33732
-0.05233
0
0
0.998629
-0.62163
0.999999
-0.33732
3
-0.05233
0
0
0.998629
-0.62163
0.999999
-0.33732
-0.05233
0
0
0.998629
-0.62163
0.999999
-0.33732
-0.05233
0
0
0.998629
-0.62163
0.999999
-0.33732
3
-0.05233
0
0
0.998629
-0.62163
0.999999
-0.33732
-0.05233
0
0
0.998629
-0.62163
0.999999
-0.33732
-0.05233
0
0
0.998629
-0.62163
0.999999
-0.33732
2
-0.05233
0
0
0.998629
-0.62163
0.999999
-0.33732
-0.05233
0
0
0.998629
-0.62163
0.999999
-0.33732
2
-0.05233
0
0
0.998629
-0.62163
0.999999
-0.33732
-0.05233
0
0
0.998629
-0.62163
0.999999
-0.33732
2
-0.05233
0
0
0.998629
-0.62163
0.999999
-0.33732
-0.05233
0
0
0.998629
-0.62163
0.999999
-0.33732
