30
0.555377
0.949019
0.949019
0.949019
perk_forceful_push
false
0.363069
fuzzy
muncher
panda
peludo
mastigar
панда
нечеткий
жевать
panda
kabur
pengunyah
panda
difuso
mascar
แพนด้า
คลุมเครือ
มันเชอร์
peluda
нечеткая
difusa
M
M
M
нечеткoe
false
Sharp Tooth
Fur
Uncooked Meat
Bones
?
15
torso
False
False
False
False
False
0.221
0.211
0.360999
0
0
0
-1
3
1
5
6
0
0
0
0
None
7
2
0.034899
0
0
0.99939
0
0
0
0.034899
0
0
0.99939
0
0
0
3
0.078459
0
0
0.996917
0
0
0
-0.05233
0
0
0.998629
0
0
0.02
0.034899
0
0
0.99939
0
0
0.02
3
0.034878
0.034878
0.001217
0.998782
0
0
0
0.034878
0.034878
0.001217
0.998782
0
0
0
0.034851
-0.0523
-0.00182
0.998021
0
0
0
3
0.25038
0
0
0.968147
0
0
0
-0.13917
0
0
0.990268
0
0.02
0.26
0.165047
0
0
0.986285
0
0.04
0.24
2
-0.39073
0
0
0.920504
0
0.04
0.22
-0.43051
0
0
0.902585
0
0.04
0.22
2
-0.99939
0
0
0.034899
0
-0.2
-0.55999
-0.99939
0
0
0.034899
0
-0.22
-0.55999
2
-0.22495
0
0
0.97437
0
0
0
-0.3502
0
0
0.936672
0
0
0
neck
False
False
False
True
False
0.121
0.181
0.101
0
0
0
0
1
2
0
0
0
0
None
7
2
-0.13917
0
0
0.990268
0.071318
0.408068
1.000001
-0.13917
0
0
0.990268
0.071318
0.408068
1.000001
3
-0.13917
0
0
0.990268
0.071318
0.408068
1.000001
-0.13917
0
0
0.990268
0.071318
0.408068
1.000001
-0.13917
0
0
0.990268
0.071318
0.408068
1.000001
3
-0.13917
0
0
0.990268
0.071318
0.408068
1.000001
-0.13917
0
0
0.990268
0.071318
0.408068
1.000001
-0.13917
0
0
0.990268
0.071318
0.408068
1.000001
3
-0.13917
0
0
0.990268
0.071318
0.408068
1.000001
-0.13917
0
0
0.990268
0.071318
0.408068
1.000001
-0.13917
0
0
0.990268
0.071318
0.408068
1.000001
2
0.165047
0
0
0.986285
0.07132
-0.14373
1.000001
0.165047
0
0
0.986285
0.07132
-0.14373
1.000001
2
0.207911
0
0
0.978147
0.071318
0.408068
1.000001
0.207911
0
0
0.978147
0.071318
0.408068
1.000001
2
-0.13917
0
0
0.990268
0.071318
0.408068
1.000001
0.165047
0
0
0.986285
0.071318
-0.11967
1.000001
head
False
False
False
False
False
0.201
0.171
0.121
0
0
0
1
4
3
4
11
14
0
0
0
0
None
7
2
0.104528
0
0
0.994522
0
-0.04072
0.999998
0.104528
0
0
0.994522
0
-0.04072
0.999998
3
0.147809
0
0
0.989015
0
-0.07221
1.000004
-0.15643
0
0
0.987688
0
-0.04072
0.999998
0.061048
0
0
0.998134
0
-0.04072
0.999998
3
0.104528
0
0
0.994522
0
-0.04072
0.999998
0.104528
0
0
0.994522
0
-0.04072
0.999998
0.104528
0
0
0.994522
0
-0.04072
0.999998
3
0.317304
0
0
0.948323
0
-0.04072
0.999998
0.104528
0
0
0.994522
0
-0.04072
0.999998
0.104528
0
0
0.994522
0
-0.04072
0.999998
2
0.104528
0
0
0.994522
0
-0.04072
0.999998
0.104528
0
0
0.994522
0
-0.04072
0.999998
2
-0.99452
0
0
0.104528
0
-0.3761
1.000003
-0.99452
0
0
0.104528
0
-0.3761
1.000003
2
0.104528
0
0
0.994522
0
-0.04072
0.999998
0.104528
0
0
0.994522
0
-0.04072
0.999998
snout
False
False
False
True
False
0.080999
0.081
0.081
0
0
0.02
2
2
12
13
0
0
0
0
None
7
2
0.087092
-0.00237
0
0.996197
0.026195
-0.41636
1.000007
0.087092
-0.00237
0
0.996197
0.026195
-0.41636
1.000007
3
0.087092
-0.00237
0
0.996197
0.026195
-0.41636
1.000007
0.087092
-0.00237
0
0.996197
0.026195
-0.41636
1.000007
0.087092
-0.00237
0
0.996197
0.026195
-0.41636
1.000007
3
0.173585
-0.00241
0
0.984815
0.026195
-0.41636
1.000007
0.173585
-0.00241
0
0.984815
0.026195
-0.41636
1.000007
0.173585
-0.00241
0
0.984815
0.026195
-0.41636
1.000007
3
0.087092
-0.00237
0
0.996197
0.026195
-0.41636
1.000007
0.087092
-0.00237
0
0.996197
0.026195
-0.41636
1.000007
0.087092
-0.00237
0
0.996197
0.026195
-0.41636
1.000007
2
0.087092
-0.00237
0
0.996197
0.026195
-0.41636
1.000007
0.087092
-0.00237
0
0.996197
0.026195
-0.41636
1.000007
2
0.087092
-0.00237
0
0.996197
0.026195
-0.41636
1.000007
0.087092
-0.00237
0
0.996197
0.026195
-0.41636
1.000007
2
0.173585
-0.00241
0
0.984815
0.026195
-0.41636
1.000007
0.173585
-0.00241
0
0.984815
0.026195
-0.41636
1.000007
eyes
True
True
False
True
False
0.06
0.06
0.05
0
0
0.03
2
0
0
0
0
0
DerpyEye
7
2
0
0
0
1
-0.679
0.130591
1.000003
0
0
0
1
-0.679
0.130591
1.000003
3
0
0
0
1
-0.679
0.130591
1.000003
0
0
0
1
-0.679
0.130591
1.000003
0
0
0
1
-0.679
0.130591
1.000003
3
0
0
0
1
-0.80001
0.131735
1.000001
0
0
0
1
-0.80001
0.131735
1.000001
0
0
0
1
-0.80001
0.131735
1.000001
3
0
0
0
1
-0.679
0.130591
1.000003
0
0
0
1
-0.679
0.130591
1.000003
0
0
0
1
-0.679
0.130591
1.000003
2
0
0
0
1
-0.679
0.130591
1.000003
0
0
0
1
-0.679
0.130591
1.000003
2
0
0
0
1
-0.679
0.130591
1.000003
0
0
0
1
-0.679
0.130591
1.000003
2
0
0
0
1
-0.80001
0.131735
1.000001
0
0
0
1
-0.80001
0.131735
1.000001
shoulder
False
True
True
False
False
0.090999
0.151
0.201001
0.02
0
0
0
1
7
0
0
-23
0
None
7
2
-0.64278
0
0
0.766044
-1
-0.04351
0.660966
-0.64278
0
0
0.766044
-1
-0.18426
0.660968
3
-0.53729
0
0
0.843391
-1
-0.04351
0.660966
-0.86602
0
0
0.5
-1
-0.04351
0.660966
-0.73727
0
0
0.67559
-1
-0.04351
0.660966
3
-0.63097
0.146168
-0.12264
0.75197
-0.99999
-0.01533
0.562818
-0.64278
0
0
0.766044
-1
0.312368
0.562819
-0.64034
-0.06676
0.056022
0.763129
-1
-0.05011
0.562823
3
-0.38268
0
0
0.923879
-1
-0.04351
0.660966
-0.99144
0
0
0.130526
-1
-0.04351
0.660966
-0.79335
0
0
0.608761
-1
-0.04351
0.660966
2
-0.64034
-0.06676
0.056022
0.763129
-0.99999
-0.43078
0.660937
-0.64034
-0.06676
0.056022
0.763129
-0.99999
-0.43078
0.660937
2
-0.76604
0
0
-0.64278
-1
-0.04351
0.660966
-0.76604
0
0
-0.64278
-1
-0.04351
0.660966
2
-0.70441
0.061628
0.061628
-0.70441
-0.99999
0.307165
0.56282
-0.49809
0.043577
0.075479
-0.86272
-0.99999
0.307165
0.56282
hip
False
True
True
False
False
0.061
0.131
0.181
0
0
0
0
1
9
0
0
-23
0
None
7
2
-0.55919
0
0
0.829037
-1
-0.58104
-0.78713
-0.55919
0
0
0.829037
-1
-0.58104
-0.78713
3
-0.7826
0
0
0.622514
-1
-0.54292
-0.70241
-0.44619
0
0
0.894934
-1
-0.58104
-0.78713
-0.52249
0
0
0.85264
-1
-0.58104
-0.78713
3
-0.55502
0.101034
-0.06814
0.822858
-0.99999
-0.51534
-0.78712
-0.55919
0
0
0.829037
-1
-0.01214
-0.78712
-0.55502
-0.10103
0.068148
0.822858
-1
-0.4959
-0.78712
3
-0.55919
0
0
0.829037
-0.82565
-1
-0.52943
-0.40673
0
0
0.913545
-1
-0.54658
-0.98455
-0.55919
0
0
0.829037
-0.99999
-0.7886
-0.78716
2
-0.99433
0.00532
-0.08699
0.060815
-1
-0.58104
-0.78713
-0.99433
0.00532
-0.08699
0.060815
-1
-0.58104
-0.78713
2
-0.82903
0
0
-0.55919
-1
-0.58104
-0.78713
-0.82903
0
0
-0.55919
-1
-0.58104
-0.78713
2
-0.55919
0
0
0.829037
-1
-0.14948
-0.78712
-0.55919
0
0
0.829037
-1
-0.14948
-0.78712
arm
False
False
True
False
False
0.061
0.081000
0.171
0
0
-0.12
5
1
8
0
0
-23
0
None
7
2
-0.72537
0
0
0.688354
-0.32444
0.235457
-0.99999
-0.72537
0
0
0.688354
-0.32444
0.235457
-0.99999
3
-0.52249
0
0
0.85264
-0.32444
0.235457
-0.99999
-0.91706
0
0
0.398748
-0.32444
0.235457
-0.99999
-0.83388
0
0
0.551936
-0.45968
0.150752
-1
3
-0.68948
0.087665
-0.08465
0.713977
-0.32444
0.235457
-0.99999
-0.61566
0
0
0.78801
-0.32444
0.235457
-0.99999
-0.69201
-0.06269
0.060543
0.716602
-0.32444
0.235457
-0.99999
3
-0.85716
0
0
0.515037
-0.32444
0.235457
-0.99999
-0.99984
0
0
0.017451
-0.32444
0.235457
-0.99999
-0.94832
0
0
0.317304
-0.32444
0.235457
-0.99999
2
-0.65695
-0.08125
0.10215
0.742548
-0.32444
0.235457
-0.99999
-0.65695
-0.08125
0.10215
0.742548
-0.32444
0.235457
-0.99999
2
-0.68835
0
0
-0.72537
-0.32444
0.235457
-0.99999
-0.68835
0
0
-0.72537
-0.32444
0.235457
-0.99999
2
-0.69482
0.17979
0.186178
-0.67098
-0.32444
0.235457
-0.99999
-0.4609
0.115484
0.231626
-0.84887
-0.32444
0.235457
-0.99999
hand
False
False
True
False
False
0.070999
0.031
0.111
0
-0.02
0
7
0
0
0
-23
0
None
7
2
0
0
0
1
0.191397
-0.32422
-1.00001
0
0
0
1
0.191397
-0.32422
-1.00001
3
0.087155
0
0
0.996194
0.191397
-0.32422
-1.00001
0.087155
0
0
0.996194
0.191397
-0.32422
-1.00001
0.087155
0
0
0.996194
0.191397
-0.32422
-1.00001
3
0
0
0
1
0.191397
-0.32422
-1.00001
0
0
0
1
0.191397
-0.32422
-1.00001
0
0
0
1
0.191397
-0.32422
-1.00001
3
0
0
0
1
0.191397
-0.32422
-1.00001
-0.64217
-0.02803
0.033414
0.765315
0.191397
-0.32422
-1.00001
-0.64217
-0.02803
0.033414
0.765315
0.191397
-0.32422
-1.00001
2
0
0
0
1
0.191397
-0.32422
-1.00001
0
0
0
1
0.191397
-0.32422
-1.00001
2
-1
0
0
0
0.191397
-0.32422
-1.00001
-1
0
0
0
0.191397
-0.32422
-1.00001
2
-0.98106
0.172987
-0.08583
0.015134
0.191397
-0.32422
-1.00001
-0.98106
0.172987
-0.08583
0.015134
0.191397
-0.32422
-1.00001
leg
False
False
True
False
False
0.070999
0.061000
0.131
0
0
-0.1
6
1
10
0
0
-23
0
None
7
2
-0.62932
0
0
0.777146
0.185354
0
-1
-0.62932
0
0
0.777146
0.185354
0
-1
3
-0.7826
0
0
0.622514
0.091923
0
-0.99999
-0.44619
0
0
0.894934
0.185354
0
-1
-0.55919
0
0
0.829037
0.185354
0
-1
3
-0.62319
0.108157
-0.08758
0.769582
0.185354
0
-1
-0.5
0
0
0.866025
0.185354
0
-1
-0.62319
-0.10815
0.087584
0.769582
0.185354
0
-1
3
-0.62932
0
0
0.777146
0.185354
0
-1
-0.4848
0
0
0.874619
0.185354
0
-1
-0.62932
0
0
0.777146
0.185354
0
-1
2
-0.99604
0.001521
-0.08714
0.017385
0.185354
0
-1
-0.99604
0.001521
-0.08714
0.017385
0.185354
0
-1
2
-0.77714
0
0
-0.62932
0.185354
0
-1
-0.77714
0
0
-0.62932
0.185354
0
-1
2
-0.62932
0
0
0.777146
0.185354
0
-1
-0.62932
0
0
0.777146
0.185354
0
-1
foot
False
False
True
False
False
0.070999
0.031
0.091
0
0
0
9
0
0
0
-23
0
None
7
2
0
0
0
1
-0.07333
-0.55534
-0.99999
0
0
0
1
-0.07333
-0.55534
-0.99999
3
0
0
0
1
-0.07333
-0.55534
-0.99999
0.300705
0
0
0.953716
-0.07333
-0.55534
-0.99999
0.173648
0
0
0.984807
-0.07333
-0.55534
-0.99999
3
0
0
0
1
-0.07333
-0.55534
-0.99999
0.173648
0
0
0.984807
-0.07333
-0.55534
-0.99999
0.173648
0
0
0.984807
-0.07333
-0.55534
-0.99999
3
0
0
0
1
-0.07333
-0.55534
-0.99999
0.341694
-0.01491
-0.04098
0.938798
-0.07333
-0.55534
-0.99999
0.341694
-0.01491
-0.04098
0.938798
-0.07333
-0.55534
-0.99999
2
-0.67559
0
0
0.737277
-0.07333
-0.55534
-0.99999
-0.67559
0
0
0.737277
-0.07333
-0.55534
-0.99999
2
-1
0
0
0
-0.07333
-0.55534
-0.99999
-1
0
0
0
-0.07333
-0.55534
-0.99999
2
0
0
0
1
-0.07333
-0.55534
-0.99999
0
0
0
1
-0.07333
-0.55534
-0.99999
ear
False
True
False
True
True
0.051
0.071000
0.031
0
0
0
2
0
0
0
-23
0
None
7
2
0.043495
0.062682
-0.34407
0.935835
-1
0.944683
-0.28511
0.043495
0.062682
-0.34407
0.935835
-1
0.944683
-0.28511
3
0.043495
0.062682
-0.34407
0.935835
-1
0.944683
-0.28511
0.043495
0.062682
-0.34407
0.935835
-1
0.944683
-0.28511
0.043495
0.062682
-0.34407
0.935835
-1
0.944683
-0.28511
3
-0.1192
-0.02533
-0.20636
0.970856
-1
0.665855
-0.71896
-0.1192
-0.02533
-0.20636
0.970856
-1
0.665855
-0.71896
-0.1192
-0.02533
-0.20636
0.970856
-1
0.665855
-0.71896
3
0.043495
0.062682
-0.34407
0.935835
-1
0.944683
-0.28511
0.043495
0.062682
-0.34407
0.935835
-1
0.944683
-0.28511
0.043495
0.062682
-0.34407
0.935835
-1
0.944683
-0.28511
2
0.043495
0.062682
-0.34407
0.935835
-1
0.944683
-0.28511
0.043495
0.062682
-0.34407
0.935835
-1
0.944683
-0.28511
2
0.043495
0.062682
-0.34407
0.935835
-1
0.944683
-0.28511
0.043495
0.062682
-0.34407
0.935835
-1
0.944683
-0.28511
2
-0.1192
-0.02533
-0.20636
0.970856
-1
0.665855
-0.71896
-0.1192
-0.02533
-0.20636
0.970856
-1
0.665855
-0.71896
snouttip
False
False
False
True
False
0.041
0.031
0.021
0
0
0
3
0
0
0
-23
0
None
7
2
0
0
0
1
0
0.662988
1.000004
0
0
0
1
0
0.662988
1.000004
3
0
0
0
1
0
0.662988
1.000004
0
0
0
1
0
0.662988
1.000004
0
0
0
1
0
0.662988
1.000004
3
0
0
0
1
0
0.662988
1.000004
0
0
0
1
0
0.662988
1.000004
0
0
0
1
0
0.662988
1.000004
3
0
0
0
1
0
0.662988
1.000004
0
0
0
1
0
0.662988
1.000004
0
0
0
1
0
0.662988
1.000004
2
0
0
0
1
0
0.662988
1.000004
0
0
0
1
0
0.662988
1.000004
2
0
0
0
1
0
0.662988
1.000004
0
0
0
1
0
0.662988
1.000004
2
0
0
0
1
0
0.662988
1.000004
0
0
0
1
0
0.662988
1.000004
mouth
True
False
False
True
False
0.080000
0.099999
0.05
0
0
0.01
3
0
0
0
0
0
CuteMouth
7
2
0
0
0
1
-0.13851
-0.29076
0.999992
0
0
0
1
-0.13851
-0.29076
0.999992
3
0
0
0
1
-0.13851
-0.29076
0.999992
0
0
0
1
-0.13851
-0.29076
0.999992
0
0
0
1
-0.13851
-0.29076
0.999992
3
0
0
0
1
-0.1385
-0.45484
0.999997
0
0
0
1
-0.1385
-0.45484
0.999997
0
0
0
1
-0.1385
-0.45484
0.999997
3
0
0
0
1
-0.13851
-0.29076
0.999992
0
0
0
1
-0.13851
-0.29076
0.999992
0
0
0
1
-0.13851
-0.29076
0.999992
2
0
0
0
1
-0.13851
-0.29076
0.999992
0
0
0
1
-0.13851
-0.29076
0.999992
2
0
0
0
1
-0.13851
-0.29076
0.999992
0
0
0
1
-0.13851
-0.29076
0.999992
2
0
0
0
1
-0.1385
-0.45484
0.999997
0
0
0
1
-0.1385
-0.45484
0.999997
mask
False
True
False
True
False
0.060999
0.081000
0.011
0
0
0
2
0
0
0
-23
0
None
7
2
0
0
-0.17364
0.984807
-0.70369
0
0.999999
0
0
-0.17364
0.984807
-0.70369
0
0.999999
3
0
0
-0.17364
0.984807
-0.70369
0
0.999999
0
0
-0.17364
0.984807
-0.70369
0
0.999999
0
0
-0.17364
0.984807
-0.70369
0
0.999999
3
0
0
-0.17364
0.984807
-0.70369
0
0.999999
0
0
-0.17364
0.984807
-0.70369
0
0.999999
0
0
-0.17364
0.984807
-0.70369
0
0.999999
3
0
0
-0.17364
0.984807
-0.70369
0
0.999999
0
0
-0.17364
0.984807
-0.70369
0
0.999999
0
0
-0.17364
0.984807
-0.70369
0
0.999999
2
0
0
-0.17364
0.984807
-0.70369
0
0.999999
0
0
-0.17364
0.984807
-0.70369
0
0.999999
2
0
0
-0.17364
0.984807
-0.70369
0
0.999999
0
0
-0.17364
0.984807
-0.70369
0
0.999999
2
0
0
-0.17364
0.984807
-0.70369
0
0.999999
0
0
-0.17364
0.984807
-0.70369
0
0.999999
