30
0.601922
0.050980
0.054901
0.078431
perk_disguise
true
0.549097
dark
hunter
pantera
sombrio
caçador
пантера
темный
охотник
harimau kumbang
gelap
pemburu
pantera
oscuro
cazador
เสือดำ
มืด
นักล่า
sombria
темная
oscura
M
M
M
темное
false
Sharp Tooth
Fur
Uncooked Meat
Bones
?
15
torso
False
False
False
False
False
0.14973
0.18693
0.47523
0
0
0
-1
4
1
5
6
7
0
0
0
0
None
7
2
0.052335
0
0
0.998629
0
0
0
0.052335
0
0
0.998629
0
0.02
0
3
0.139173
0
0
0.990268
0
0
0
-0.03489
0
0
0.99939
0
0
0
0.052335
0
0
0.998629
0
0
0
3
0.052049
0.104385
0.00547
0.993158
0
0
0
0.052335
0
0
0.998629
0
0
0
0.052049
-0.10438
-0.00547
0.993158
0
0
0
3
0.182235
0
0
0.983255
0
-0.24
-0.4
0.052335
0
0
0.998629
0
-0.02
0.36
-0.07845
0
0
0.996917
0
0
0.599999
2
-0.45399
0
0
0.891006
0
-0.04
0.24
-0.49242
0
0
0.870355
0
-0.04
0.24
2
-0.99996
0
0
0.008726
0
-0.09999
-0.69999
-0.99996
0
0
0.008726
0
-0.12
-0.69999
2
-0.29237
0
0
0.956304
0
0
0
-0.41469
0
0
0.909961
0
0
0
neck
False
False
False
True
False
0.10323
0.13113
0.17763
0
0
0.08
0
1
2
0
0
0
0
None
7
2
-0.01745
0
0
0.999847
0
0.722777
0.999998
-0.06104
0
0
0.998134
0
0.819696
1.000001
3
-0.01745
0
0
0.999847
0
0.722777
0.999998
-0.01745
0
0
0.999847
0
0.722777
0.999998
-0.01745
0
0
0.999847
0
0.722777
0.999998
3
-0.35836
0
0
0.93358
0
0.918821
0.999999
-0.35836
0
0
0.93358
0
0.918821
0.999999
-0.35836
0
0
0.93358
0
0.918821
0.999999
3
-0.01745
0
0
0.999847
0
0.261404
1.000003
-0.01745
0
0
0.999847
0
0.351442
1.000002
-0.01745
0
0
0.999847
0
0.306326
0.999999
2
0.284015
0
0
0.958819
0
-0.18355
1.000004
0.325568
0
0
0.945518
0
-0.36315
0.999997
2
0.113203
0
0
0.993571
0
0.12748
1.000001
0.113203
0
0
0.993571
0
0.12748
1.000001
2
-0.10452
0
0
0.994521
0
-0.13896
0.999999
0.156434
0
0
0.987688
0
-0.39941
0.999999
head
False
False
False
False
False
0.14973
0.14973
0.11253
0
0
0
1
3
3
4
12
0
0
0
0
None
7
2
0.008726
0
0
0.999962
0
-0.26946
0.999998
0.052336
0
0
0.998629
0
-0.26946
0.999998
3
0.008726
0
0
0.999962
0
-0.26946
0.999998
0.008726
0
0
0.999962
0
-0.26946
0.999998
0.008726
0
0
0.999962
0
-0.26946
0.999998
3
-0.12186
0
0
0.992546
0
-0.5268
0.999998
-0.12186
0
0
0.992546
0
-0.5268
0.999998
-0.12186
0
0
0.992546
0
-0.5268
0.999998
3
0.008726
0
0
0.999962
0
0.088781
1.000004
0.008726
0
0
0.999962
0
0.065043
1.000006
-0.16504
0
0
0.986285
0
0.160315
0.999997
2
0.008726
0
0
0.999962
0
-0.26946
0.999998
0.052336
0
0
0.998629
0
-0.26946
0.999998
2
-0.99939
0
0
-0.03489
0
-0.26946
0.999998
-0.99939
0
0
-0.03489
0
-0.26946
0.999998
2
-0.12186
0
0
0.992546
0
-0.5268
0.999998
-0.12186
0
0
0.992546
0
-0.5268
0.999998
snout
False
False
False
True
False
0.05463
0.08393
0.055329
0
0
0.02
2
2
13
14
0
0
0
0
None
7
2
0.104464
-0.00238
0
0.994525
0.026199
-0.50974
0.999995
0.104464
-0.00238
0
0.994525
0.026199
-0.50974
0.999995
3
0.104464
-0.00238
0
0.994525
0.026199
-0.50974
0.999995
0.104464
-0.00238
0
0.994525
0.026199
-0.50974
0.999995
0.104464
-0.00238
0
0.994525
0.026199
-0.50974
0.999995
3
0.104464
-0.00238
0
0.994525
0.026198
-0.59032
1.000005
0.104464
-0.00238
0
0.994525
0.026198
-0.59032
1.000005
0.104464
-0.00238
0
0.994525
0.026198
-0.59032
1.000005
3
0.104464
-0.00238
0
0.994525
0.026199
-0.50974
0.999995
0.104464
-0.00238
0
0.994525
0.026199
-0.50974
0.999995
0.104464
-0.00238
0
0.994525
0.026199
-0.50974
0.999995
2
0.104464
-0.00238
0
0.994525
0.026199
-0.50974
0.999995
0.104464
-0.00238
0
0.994525
0.026199
-0.50974
0.999995
2
0.104464
-0.00238
0
0.994525
0.026199
-0.50974
0.999995
0.104464
-0.00238
0
0.994525
0.026199
-0.50974
0.999995
2
0.104464
-0.00238
0
0.994525
0.026198
-0.59032
1.000005
0.104464
-0.00238
0
0.994525
0.026198
-0.59032
1.000005
eyes
True
True
False
True
False
0.055799
0.0558
0.0465
0
0
0.01
2
0
0
0
0
0
PantherEye
7
2
-0.02445
-0.01875
0.13997
0.989675
-0.50671
0.136686
0.999993
-0.02445
-0.01875
0.13997
0.989675
-0.50671
0.136686
0.999993
3
-0.02445
-0.01875
0.13997
0.989675
-0.50671
0.136686
0.999993
-0.02445
-0.01875
0.13997
0.989675
-0.50671
0.136686
0.999993
-0.02445
-0.01875
0.13997
0.989675
-0.50671
0.136686
0.999993
3
0.017187
-0.05653
-0.16418
0.984657
-0.72542
0.138916
1.000001
0.017187
-0.05653
-0.16418
0.984657
-0.72542
0.138916
1.000001
0.017187
-0.05653
-0.16418
0.984657
-0.72542
0.138916
1.000001
3
-0.02445
-0.01875
0.13997
0.989675
-0.50671
0.136686
0.999993
-0.02445
-0.01875
0.13997
0.989675
-0.50671
0.136686
0.999993
-0.02445
-0.01875
0.13997
0.989675
-0.50671
0.136686
0.999993
2
-0.02445
-0.01875
0.13997
0.989675
-0.50671
0.136686
0.999993
-0.02445
-0.01875
0.13997
0.989675
-0.50671
0.136686
0.999993
2
-0.02445
-0.01875
0.13997
0.989675
-0.50671
0.136686
0.999993
-0.02445
-0.01875
0.13997
0.989675
-0.50671
0.136686
0.999993
2
0.017187
-0.05653
-0.16418
0.984657
-0.72542
0.138916
1.000001
0.017187
-0.05653
-0.16418
0.984657
-0.72542
0.138916
1.000001
shoulder
False
True
True
False
False
0.10323
0.11253
0.20553
0
0
0
0
1
8
0
0
0
0
None
7
2
-0.69465
0
0
0.71934
-1
0.006212
0.698795
-0.69465
0
0
0.71934
-1
-0.06183
0.698787
3
-0.44619
0
0
0.894934
-1
-0.22432
0.667464
-0.69465
0
0
0.71934
-1
0.006212
0.698795
-0.80901
0
0
0.587785
-1
0.006212
0.698795
3
-0.69201
0.062694
-0.06054
0.716602
-1
-0.28838
0.698805
-0.69465
0
0
0.71934
-1
0.141083
0.55307
-0.68948
-0.08766
0.084657
0.713978
-1
-0.40478
0.522932
3
-0.24192
0
0
0.970295
-1
-0.12643
0.499007
-0.85716
0
0
0.515038
-1
-0.47928
0.698813
-0.99452
0
0
0.104528
-1
0.006212
0.698795
2
-0.68871
-0.09389
0.090671
0.713185
-1
-0.56154
0.359025
-0.68871
-0.09389
0.090671
0.713185
-1
-0.61249
0.252697
2
-0.68835
0
0
-0.72537
-1
0.006212
0.698795
-0.68835
0
0
-0.72537
-1
0.006212
0.698795
2
-0.65356
0.065777
0.057179
-0.75183
-1
0.713404
0.732675
-0.4367
0.048736
0.072255
-0.89537
-0.97576
1.000004
0.441202
hip
False
True
True
False
False
0.084629
0.14043
0.21483
0
0
0
0
1
10
0
0
0
0
None
7
2
-0.55919
0
0
0.829037
-1
-0.56489
-0.80794
-0.55919
0
0
0.829037
-1
-0.56489
-0.80794
3
-0.72537
0
0
0.688354
-1
-0.56489
-0.80794
-0.93358
0
0
0.358367
-0.99999
-0.38404
-0.4983
-0.40673
0
0
0.913545
-1
-0.56489
-0.80794
3
-0.54486
0.186492
-0.12579
0.807789
-1
-0.89843
-0.80794
-0.55919
0
0
0.829037
-1
-0.38734
-0.88952
-0.5523
-0.12969
0.087477
0.81883
-0.99999
-0.91189
-0.86078
3
-0.55919
0
0
0.829037
-1
-0.56489
-0.80794
-0.44619
0
0
0.894934
-1
-0.56489
-0.80794
-0.3665
0
0
0.930417
-1
-0.56489
-0.80794
2
-0.98807
0.006447
-0.04314
0.147668
-1
-0.35121
-0.61033
-0.98807
0.006447
-0.04314
0.147668
-1
-0.35121
-0.61033
2
-0.80385
0
0
-0.59482
-1
-0.56489
-0.80794
-0.80385
0
0
-0.59482
-1
-0.56489
-0.80794
2
-0.55919
0
0
0.829037
-1
-0.56489
-0.80794
-0.55919
0
0
0.829037
-1
-0.56489
-0.80794
tail
False
False
False
False
False
0.06603
0.056730
0.331332
0
0
0.32
0
0
0
0
0
0
None
7
2
-0.96225
-0.10938
0.234569
0.084186
0.035806
0.657398
-1
-0.91757
0.033625
-0.30025
0.25841
0.035806
0.657398
-1
3
-0.96225
-0.10938
0.234569
0.084186
0.035806
0.657398
-1
-0.95407
0.008176
0.047305
0.295699
0.035806
0.657398
-1
-0.95061
-0.05263
-0.27798
0.127598
0.035806
0.657398
-1
3
-0.90176
0.092752
-0.34615
0.241628
0.035806
0.657398
-1
-0.93301
-0.06698
0.25
0.25
0.035806
0.657398
-1
-0.96225
0.022557
-0.08418
0.257834
0.035806
0.657398
-1
3
-0.79124
0.022557
0.257834
0.554032
0.035806
0.657398
-1
-0.87542
-0.02255
0.257834
0.408218
0.035806
0.657398
-1
-0.90767
-0.04494
0.254887
0.330366
0.035806
0.657398
-1
2
-0.85678
-0.01128
0.258572
0.446015
0.035806
0.657398
-1
-0.85678
-0.01128
0.258572
0.446015
0.035806
0.657398
-1
2
-0.04213
0.239117
0.099045
-0.965
0.035806
0.657398
-1
-0.04213
0.239117
0.099045
-0.965
0.035806
0.657398
-1
2
-0.93301
-0.06698
0.25
0.25
0.035806
0.657398
-1
-0.93301
-0.06698
0.25
0.25
0.035806
0.657398
-1
arm
False
False
True
False
False
0.066029
0.066030
0.14043
0
0
-0.12
5
1
9
0
0
0
0
None
7
2
-0.72857
-0.06374
-0.05944
0.679403
-0.4436
-0.3585
-0.99999
-0.72857
-0.06374
-0.05944
0.679403
-0.4436
-0.3585
-0.99999
3
-0.66658
-0.06867
-0.05365
0.740316
-0.44362
0.037715
-1
-0.83547
-0.05245
-0.0696
0.542566
-0.4436
-0.3585
-0.99999
-0.917
-0.03956
-0.07765
0.389244
-0.4436
-0.3585
-0.99999
3
-0.70384
0.067065
-0.19736
0.679083
-0.4436
-0.3585
-0.99999
-0.58554
-0.07391
-0.04618
0.805938
-0.4436
-0.3585
-0.99999
-0.72782
-0.18075
0.067977
0.658012
-0.4436
-0.3585
-0.99999
3
-0.87958
-0.04618
-0.07391
0.467684
-0.44361
-0.35848
-1
-0.99482
-0.01062
-0.0865
0.052136
-0.4436
-0.3585
-0.99999
-0.99558
-0.00304
-0.0871
-0.03476
-0.4436
-0.3585
-0.99999
2
-0.73097
-0.12271
0.004285
0.671262
-0.4436
-0.3585
-0.99999
-0.73097
-0.12271
0.004285
0.671262
-0.4436
-0.3585
-0.99999
2
-0.64697
-0.0566
0.066273
-0.75751
-0.4436
-0.3585
-0.99999
-0.64697
-0.0566
0.066273
-0.75751
-0.4436
-0.3585
-0.99999
2
-0.61606
0.132941
-0.00464
-0.77637
-0.4436
-0.3585
-0.99999
-0.27206
0.124598
0.046585
-0.95304
-0.4436
-0.3585
-0.99999
hand
False
False
True
False
False
0.08463
0.04743
0.08463
0
-0.02
0
8
0
0
0
0
0
None
7
2
0
-0.10452
0
0.994522
0.104454
-0.58996
-1
0
-0.10452
0
0.994522
0.104454
-0.58996
-1
3
0
-0.10452
0
0.994522
0.104454
-0.58996
-1
0
-0.10452
0
0.994522
0.104454
-0.58996
-1
0
-0.10452
0
0.994522
0.104454
-0.58996
-1
3
0
-0.10452
0
0.994522
0.104454
-0.58996
-1
0.13841
-0.10351
0.014547
0.984843
0.104454
-0.58996
-1
0
-0.10452
0
0.994522
0.104454
-0.58996
-1
3
0
-0.10452
0
0.994522
0.104454
-0.58996
-1
0
-0.10452
0
0.994522
0.104454
-0.58996
-1
0
-0.10452
0
0.994522
0.104454
-0.58996
-1
2
0
-0.10452
0
0.994522
0.104454
-0.58996
-1
0
-0.10452
0
0.994522
0.104454
-0.58996
-1
2
-0.99357
0.004559
0.104429
-0.04338
0.104454
-0.58996
-1
-0.99357
0.004559
0.104429
-0.04338
0.104454
-0.58996
-1
2
-0.93454
0.03575
-0.09822
-0.34014
0.104485
0.004197
-1
-0.93454
0.03575
-0.09822
-0.34014
0.104485
0.004197
-1
leg
False
False
True
False
False
0.05673
0.066030
0.15903
0
0
-0.14
6
1
11
0
0
0
0
None
7
2
-0.62932
0
0
0.777146
-0.33142
0.186986
-1
-0.62932
0
0
0.777146
-0.33142
0.186986
-1
3
-0.62932
0
0
0.777146
-0.33142
0.186986
-1
-0.7547
0
0
0.656059
-0.33142
0.186986
-1
-0.44619
0
0
0.894934
-0.33142
0.186986
-1
3
-0.61556
0.161577
-0.13084
0.760163
-0.33142
0.186986
-1
-0.46947
0
0
0.882947
-0.33142
0.186986
-1
-0.61775
-0.14828
0.12008
0.762867
-0.33142
0.186986
-1
3
-0.62932
0
0
0.777146
-0.33142
0.186986
-1
-0.32556
0
0
0.945518
-0.33142
0.186986
-1
-0.32556
0
0
0.945518
-0.33142
0.186986
-1
2
-0.98807
0.006447
-0.04314
0.147668
-0.33142
0.186986
-1
-0.98807
0.006447
-0.04314
0.147668
-0.33142
0.186986
-1
2
-0.74895
0
0
-0.66261
-0.33142
0.186986
-1
-0.74895
0
0
-0.66261
-0.33142
0.186986
-1
2
-0.62932
0
0
0.777146
-0.33142
0.186986
-1
-0.52249
0
0
0.85264
-0.33142
0.186986
-1
foot
False
False
True
False
False
0.075329
0.04743
0.10323
0
0
0
10
0
0
0
0
0
None
7
2
0
-0.06975
0
0.997564
0.073476
-0.73625
-1
0
-0.06975
0
0.997564
0.073476
-0.73625
-1
3
0
-0.06975
0
0.997564
0.073476
-0.73625
-1
0
-0.06975
0
0.997564
0.073476
-0.73625
-1
0.215912
-0.0681
0.015098
0.973917
0.073476
-0.73625
-1
3
0
-0.06975
0
0.997564
0.073476
-0.73625
-1
0
-0.06975
0
0.997564
0.073476
-0.73625
-1
0
-0.06975
0
0.997564
0.073476
-0.73625
-1
3
0
-0.06975
0
0.997564
0.073476
-0.73625
-1
0.258188
-0.06737
0.018054
0.963572
0.073476
-0.73625
-1
0
-0.06975
0
0.997564
0.073476
-0.73625
-1
2
-0.53599
-0.05883
-0.03748
0.841336
0.073476
-0.73625
-1
-0.53599
-0.05883
-0.03748
0.841336
0.073476
-0.73625
-1
2
-0.99661
0.003042
0.06969
-0.04351
0.073476
-0.73625
-1
-0.99661
0.003042
0.06969
-0.04351
0.073476
-0.73625
-1
2
0
-0.06975
0
0.997564
0.073476
-0.73625
-1
0
-0.06975
0
0.997564
0.073476
-0.73625
-1
ear
False
True
False
True
False
0.084629
0.06603
0.01953
0
0
0
2
0
0
0
0
0
None
7
2
0.285982
-0.10708
-0.17821
0.935407
-1
0.587518
0.054015
0.285982
-0.10708
-0.17821
0.935407
-1
0.587518
0.054015
3
0.285982
-0.10708
-0.17821
0.935407
-1
0.587518
0.054015
0.285982
-0.10708
-0.17821
0.935407
-1
0.587518
0.054015
0.285982
-0.10708
-0.17821
0.935407
-1
0.587518
0.054015
3
0.285982
-0.10708
-0.17821
0.935407
-1
0.587518
0.054015
0.285982
-0.10708
-0.17821
0.935407
-1
0.587518
0.054015
0.285982
-0.10708
-0.17821
0.935407
-1
0.587518
0.054015
3
0.285982
-0.10708
-0.17821
0.935407
-1
0.587518
0.054015
0.285982
-0.10708
-0.17821
0.935407
-1
0.587518
0.054015
0.285982
-0.10708
-0.17821
0.935407
-1
0.587518
0.054015
2
0.285982
-0.10708
-0.17821
0.935407
-1
0.587518
0.054015
0.285982
-0.10708
-0.17821
0.935407
-1
0.587518
0.054015
2
0.285982
-0.10708
-0.17821
0.935407
-1
0.587518
0.054015
0.285982
-0.10708
-0.17821
0.935407
-1
0.587518
0.054015
2
0.285982
-0.10708
-0.17821
0.935407
-1
0.587518
0.054015
0.285982
-0.10708
-0.17821
0.935407
-1
0.587518
0.054015
mouth
True
False
False
False
False
0.0737
0.0844
0.0465
0
0
0.01
3
0
0
0
0
0
equalsThree
7
2
0.130526
0
0
0.991444
-0.0311
-0.11324
1.000014
0.130526
0
0
0.991444
-0.0311
-0.11324
1.000014
3
0.130526
0
0
0.991444
-0.0311
-0.11324
1.000014
0.130526
0
0
0.991444
-0.0311
-0.11324
1.000014
0.130526
0
0
0.991444
-0.0311
-0.11324
1.000014
3
0.130526
0
0
0.991444
-0.0311
-0.27644
1.000007
0.130526
0
0
0.991444
-0.0311
-0.27644
1.000007
0.130526
0
0
0.991444
-0.0311
-0.27644
1.000007
3
0.130526
0
0
0.991444
-0.0311
-0.11324
1.000014
0.130526
0
0
0.991444
-0.0311
-0.11324
1.000014
0.130526
0
0
0.991444
-0.0311
-0.11324
1.000014
2
0.130526
0
0
0.991444
-0.0311
-0.11324
1.000014
0.130526
0
0
0.991444
-0.0311
-0.11324
1.000014
2
-0.99619
0
0
0.087155
-0.0311
-0.11324
1.000014
-0.99619
0
0
0.087155
-0.0311
-0.11324
1.000014
2
0.130526
0
0
0.991444
-0.0311
-0.27644
1.000007
0.130526
0
0
0.991444
-0.0311
-0.27644
1.000007
snouttip
False
False
False
True
False
0.051
0.031
0.021
0
0
0
3
0
0
0
4
0
None
7
2
-0.04361
0
0
0.999048
0
0.709606
1.000003
-0.04361
0
0
0.999048
0
0.709606
1.000003
3
-0.04361
0
0
0.999048
0
0.709606
1.000003
-0.04361
0
0
0.999048
0
0.709606
1.000003
-0.04361
0
0
0.999048
0
0.709606
1.000003
3
-0.04361
0
0
0.999048
0
0.709606
1.000003
-0.04361
0
0
0.999048
0
0.709606
1.000003
-0.04361
0
0
0.999048
0
0.709606
1.000003
3
-0.04361
0
0
0.999048
0
0.709606
1.000003
-0.04361
0
0
0.999048
0
0.709606
1.000003
-0.04361
0
0
0.999048
0
0.709606
1.000003
2
-0.04361
0
0
0.999048
0
0.709606
1.000003
-0.04361
0
0
0.999048
0
0.709606
1.000003
2
-0.04361
0
0
0.999048
0
0.709606
1.000003
-0.04361
0
0
0.999048
0
0.709606
1.000003
2
-0.04361
0
0
0.999048
0
0.709606
1.000003
-0.04361
0
0
0.999048
0
0.709606
1.000003
