30
0.450004
0.007843
0.129411
1
perk_screech
true
0.002912
beautiful
show-off
pavão
bela
peneirento
павлин
красивый
позёрство
merak
cantik
orang yg berlagak
pavo real
hermoso
presumido
นกยูง
สวย
แสดงออก
bela
красивая
hermosa
M
N
F
красивое
false
Feathers
Uncooked Meat
Bones
?
?
15
torso
False
False
False
False
False
0.161
0.131
0.241
0
0
0
-1
4
1
5
6
7
0
0
0
0
None
7
2
-0.20791
0
0
0.978147
0
0
0
-0.16504
0
0
0.986285
0
-0.02
0
3
-0.03489
0
0
0.99939
0
0
0
-0.3746
0
0
0.927183
0
0
0
-0.20791
0
0
0.978147
0
0
0
3
-0.20677
0.102244
-0.02173
0.972789
0
0
0
-0.20791
0
0
0.978147
0
0
0
-0.20636
-0.1192
0.025338
0.970856
0
0
0
3
-0.03489
0
0
0.99939
0
-0.09999
-0.48
-0.16504
0
0
0.986285
0
-0.18
0.719999
-0.3338
0
0
0.942641
0
-0.2
0.6
2
-0.41469
0
0
0.909961
0
0.04
0.12
-0.45399
0
0
0.891006
0
0.04
0.12
2
-0.99939
0
0
-0.03489
0
-0.18
-0.67999
-0.99939
0
0
-0.03489
0
-0.2
-0.67999
2
-0.3746
0
0
0.927183
0
0
0
-0.49242
0
0
0.870355
0
0
0
neck
False
False
False
True
False
0.071
0.050999
0.161
0
0
0.099999
0
1
2
0
0
0
0
None
7
2
-0.62932
0
0
0.777146
0
1.000004
0.919845
-0.55919
0
0
0.829037
0
0.960969
1.000001
3
-0.62932
0
0
0.777146
0
1.000004
0.919845
-0.62932
0
0
0.777146
0
1.000004
0.919845
-0.62932
0
0
0.777146
0
1.000004
0.919845
3
-0.62932
0
0
0.777146
0
1.000004
0.919845
-0.62932
0
0
0.777146
0
1.000004
0.919845
-0.62932
0
0
0.777146
0
1.000004
0.919845
3
0.061048
0
0
0.998134
0
0.47854
0.999999
-0.62932
0
0
0.777146
0
1.000004
0.919845
-0.62932
0
0
0.777146
0
1.000004
0.919845
2
-0.24192
0
0
0.970295
0
0.444424
1.000001
-0.24192
0
0
0.970295
0
0.444424
1.000001
2
0.233445
0
0
0.972369
0
0.310541
1.000001
0.233445
0
0
0.972369
0
0.310541
1.000001
2
0.275637
0
0
0.961261
0
0.471569
0.999996
0.398749
0
0
0.91706
0
0.147293
1.000002
head
False
False
False
False
False
0.051
0.071
0.081
0
0
0
1
4
3
4
11
13
-6
8
20
0
puffinNose
7
2
0.026176
0
0
0.999657
0
-0.80042
0.999999
0.026176
0
0
0.999657
0
-0.80042
0.999999
3
0.026176
0
0
0.999657
0
-0.80042
0.999999
0.026176
0
0
0.999657
0
-0.80042
0.999999
0.026176
0
0
0.999657
0
-0.80042
0.999999
3
0.026176
0
0
0.999657
0
-0.80042
0.999999
0.026176
0
0
0.999657
0
-0.80042
0.999999
0.026176
0
0
0.999657
0
-0.80042
0.999999
3
0.809017
0
0
0.587785
0
-0.80042
0.999999
0.026176
0
0
0.999657
0
-0.80042
0.999999
0.026176
0
0
0.999657
0
-0.80042
0.999999
2
0.026176
0
0
0.999657
0
-0.80042
0.999999
0.026176
0
0
0.999657
0
-0.80042
0.999999
2
-0.97992
0
0
0.199368
0
0.658124
1.000001
-0.97992
0
0
0.199368
0
0.658124
1.000001
2
0.026176
0
0
0.999657
0
-0.80042
0.999999
0.026176
0
0
0.999657
0
-0.80042
0.999999
snout
False
False
False
True
False
0.031
0.031
0.061
0
0
0.04
2
1
12
0
-13
0
0
None
7
2
0.104464
-0.00238
0
0.994525
0.026197
-0.2809
1.000003
0.104464
-0.00238
0
0.994525
0.026197
-0.2809
1.000003
3
0.104464
-0.00238
0
0.994525
0.026197
-0.2809
1.000003
0.104464
-0.00238
0
0.994525
0.026197
-0.2809
1.000003
0.104464
-0.00238
0
0.994525
0.026197
-0.2809
1.000003
3
0.017388
-0.00233
0
0.999845
0.026196
-0.52483
0.999999
0.017388
-0.00233
0
0.999845
0.026196
-0.52483
0.999999
0.017388
-0.00233
0
0.999845
0.026196
-0.52483
0.999999
3
0.104464
-0.00238
0
0.994525
0.026197
-0.2809
1.000003
0.104464
-0.00238
0
0.994525
0.026197
-0.2809
1.000003
0.104464
-0.00238
0
0.994525
0.026197
-0.2809
1.000003
2
0.104464
-0.00238
0
0.994525
0.026197
-0.2809
1.000003
0.104464
-0.00238
0
0.994525
0.026197
-0.2809
1.000003
2
0.104464
-0.00238
0
0.994525
0.026197
-0.2809
1.000003
0.104464
-0.00238
0
0.994525
0.026197
-0.2809
1.000003
2
0.017388
-0.00233
0
0.999845
0.026196
-0.52483
0.999999
0.017388
-0.00233
0
0.999845
0.026196
-0.52483
0.999999
eyes
True
True
False
True
False
0.06
0.06
0.05
0
0
0.01
2
0
0
0
0
0
RegularEye
7
2
-0.01713
-0.19077
0.00333
0.981477
-1.00002
0.166959
0.968954
-0.01713
-0.19077
0.00333
0.981477
-1.00002
0.166959
0.968954
3
-0.01713
-0.19077
0.00333
0.981477
-1.00002
0.166959
0.968954
-0.01713
-0.19077
0.00333
0.981477
-1.00002
0.166959
0.968954
-0.01713
-0.19077
0.00333
0.981477
-1.00002
0.166959
0.968954
3
-0.01713
-0.19077
0.00333
0.981477
-0.99297
0.340884
1.000002
-0.01713
-0.19077
0.00333
0.981477
-0.99297
0.340884
1.000002
-0.01713
-0.19077
0.00333
0.981477
-0.99297
0.340884
1.000002
3
-0.01713
-0.19077
0.00333
0.981477
-1.00002
0.166959
0.968954
-0.01713
-0.19077
0.00333
0.981477
-1.00002
0.166959
0.968954
-0.01713
-0.19077
0.00333
0.981477
-1.00002
0.166959
0.968954
2
-0.01713
-0.19077
0.00333
0.981477
-1.00002
0.166959
0.968954
-0.01713
-0.19077
0.00333
0.981477
-1.00002
0.166959
0.968954
2
-0.01713
-0.19077
0.00333
0.981477
-1.00002
0.166959
0.968954
-0.01713
-0.19077
0.00333
0.981477
-1.00002
0.166959
0.968954
2
-0.01713
-0.19077
0.00333
0.981477
-0.99297
0.340884
1.000002
-0.01713
-0.19077
0.00333
0.981477
-0.99297
0.340884
1.000002
shoulder
False
True
False
False
False
0.031000
0.031
0.321002
0
0
-0.36
0
1
10
-17
21
-14
0
None
7
2
-0.04201
0.727093
-0.13521
0.671779
-1
0.004535
0.171621
-0.03006
0.782876
-0.13836
0.605852
-1
0.004535
0.171621
3
-0.04201
0.727093
-0.13521
0.671779
-1
0.289666
0.289199
-0.13655
0.715389
-0.22174
0.648383
-0.99999
0.64586
0.331739
0.053253
0.726356
-0.04637
0.683681
-1
-0.32734
0.086854
3
-0.78801
0
0
0.615661
-0.99999
0.032122
0.49266
-0.81379
0.219846
-0.262
0.469846
-0.99999
0.421772
0.692009
-0.78801
0
0
0.615661
-0.99999
0.032122
0.49266
3
0.076631
0.919289
0.386049
0
-1
0.004535
0.171621
0.043142
0.980916
-0.13485
0.133245
-1
0.004535
0.171621
-0.14873
0.828626
-0.43385
0.32097
-1
0.004535
0.171621
2
0
0.763715
-0.05048
0.643576
-1
0.004535
0.171621
-0.00233
0.734916
-0.05042
0.676276
-1
0.004535
0.171621
2
-0.53657
0.584271
-0.4391
0.421787
-1
0.004535
0.171621
-0.5169
0.602113
-0.46208
0.3959
-1
0.004535
0.171621
2
-0.57853
0.269515
0.210568
-0.74048
-0.82006
1.000002
0.404078
-0.32908
0.193722
0.281867
-0.88018
-0.62678
1.000007
0.259752
hip
False
True
True
False
False
0.060999
0.101
0.041
0
0
0
0
1
8
-17
6
-17
0
None
7
2
-0.7826
0
0
0.622514
-0.6649
-1
-0.07051
-0.7826
0
0
0.622514
-0.6649
-1
-0.07051
3
-0.66262
0
0
0.748955
-0.57263
-1
-0.45622
-0.89879
0
0
0.438371
-0.55446
-1
-0.0588
-0.7826
0
0
0.622514
-0.6649
-1
-0.07051
3
-0.68789
0.100112
-0.09667
0.712339
-0.6649
-1
-0.07051
-0.69465
0
0
0.719339
-1
-0.58784
-0.28105
-0.67947
-0.14955
0.144427
0.70362
-0.49491
-0.99999
-0.08873
3
-0.7826
0
0
0.622514
-0.6649
-1
-0.07051
-0.7826
0
0
0.622514
-0.6649
-1
-0.07051
-0.7826
0
0
0.622514
-0.38717
-0.99999
-0.44845
2
-0.94832
0
0
0.317304
-0.51115
-1.00001
-0.11772
-0.94832
0
0
0.317304
-0.51115
-1.00001
-0.11772
2
-0.74895
0
0
-0.66262
-0.6649
-1
-0.07051
-0.74895
0
0
-0.66262
-0.6649
-1
-0.07051
2
-0.69465
0
0
0.719339
-0.6649
-1
-0.07051
-0.69465
0
0
0.719339
-0.6649
-1
-0.07051
tail
False
False
False
False
False
0.121
0.061
0.181
0
0
0.04
0
0
0
0
0
0
None
7
2
-0.99984
0
0
0.017452
0.035807
0.72622
-0.99999
-0.99984
0
0
0.017452
0.035807
0.72622
-0.99999
3
-0.99984
0
0
0.017452
0.035807
0.72622
-0.99999
-0.99984
0
0
0.017452
0.035807
0.72622
-0.99999
-0.99984
0
0
0.017452
0.035807
0.72622
-0.99999
3
-0.99984
0
0
0.017452
0.035807
0.72622
-0.99999
-0.99984
0
0
0.017452
0.035807
0.72622
-0.99999
-0.99984
0
0
0.017452
0.035807
0.72622
-0.99999
3
-0.99984
0
0
0.017452
0.035807
0.72622
-0.99999
-0.99984
0
0
0.017452
0.035807
0.72622
-0.99999
-0.99984
0
0
0.017452
0.035807
0.72622
-0.99999
2
-0.99984
0
0
0.017452
0.035807
0.72622
-0.99999
-0.99984
0
0
0.017452
0.035807
0.72622
-0.99999
2
-0.1908
0
0
-0.98162
0.035807
0.72622
-0.99999
-0.1908
0
0
-0.98162
0.035807
0.72622
-0.99999
2
-0.99984
0
0
0.017452
0.035807
0.72622
-0.99999
-0.99984
0
0
0.017452
0.035807
0.72622
-0.99999
leg
False
False
True
False
False
0.021
0.021
0.141
0
0
-0.12
6
1
9
50
0
11
0
None
7
2
-0.62932
0
0
0.777146
-0.33145
0.240073
-1
-0.62932
0
0
0.777146
-0.33145
0.240073
-1
3
-0.55919
0
0
0.829037
-0.33145
0.240073
-1
-0.80901
0
0
0.587785
-0.33145
0.240073
-1
-0.72537
0
0
0.688354
-0.33145
0.240073
-1
3
-0.61062
0.188008
-0.15224
0.754061
-0.33145
0.240073
-1
-0.46947
0
0
0.882947
-0.33145
0.240073
-1
-0.61975
-0.13495
0.10928
0.765339
-0.33145
0.240073
-1
3
-0.94832
0
0
0.317304
-0.33145
0.240073
-1
-0.62932
0
0
0.777146
-0.33145
0.240073
-1
-0.59482
0
0
0.803856
-0.33145
0.240073
-1
2
-0.96126
0
0
0.275637
-0.33145
0.240073
-1
-0.96126
0
0
0.275637
-0.33145
0.240073
-1
2
-0.87461
0
0
-0.4848
-0.33145
0.240073
-1
-0.87461
0
0
-0.4848
-0.33145
0.240073
-1
2
-0.62932
0
0
0.777146
-0.33145
0.240073
-1
-0.62932
0
0
0.777146
-0.33145
0.240073
-1
foot
False
False
True
False
False
0.051
0.021
0.071
0
0
0.02
8
0
50
0
11
0
None
7
2
0
-0.32556
0
0.945518
-0.07331
-0.96067
-0.99999
0
-0.32556
0
0.945518
-0.07331
-0.96067
-0.99999
3
0
-0.32556
0
0.945518
-0.07331
-0.96067
-0.99999
0
-0.32556
0
0.945518
-0.07331
-0.96067
-0.99999
0
-0.32556
0
0.945518
-0.07331
-0.96067
-0.99999
3
0
-0.32556
0
0.945518
-0.07331
-0.96067
-0.99999
0.196584
-0.31845
0.067689
0.924856
-0.07331
-0.96067
-0.99999
0
-0.12186
0
0.992546
-0.07331
-0.96067
-0.99999
3
0
-0.32556
0
0.945518
-0.07331
-0.96067
-0.99999
0
-0.32556
0
0.945518
-0.07331
-0.96067
-0.99999
0.284323
-0.31049
0.0979
0.901757
-0.07331
-0.96067
-0.99999
2
-0.50802
-0.27458
-0.17492
0.797442
-0.07331
-0.96067
-0.99999
-0.50802
-0.27458
-0.17492
0.797442
-0.07331
-0.96067
-0.99999
2
-0.93115
-0.05653
0.320621
0.164187
-0.07331
-0.96067
-0.99999
-0.93115
-0.05653
0.320621
0.164187
-0.07331
-0.96067
-0.99999
2
0
-0.32556
0
0.945518
-0.07331
-0.96067
-0.99999
0
-0.32556
0
0.945518
-0.07331
-0.96067
-0.99999
wing
False
False
False
True
False
0.021000
0.331
0.351000
0
0.3
0.04
5
1
14
-27
0
-7
0
peacockSpots
7
2
0.043619
0
0
0.999048
0.03959
1.000006
0.116997
0.043619
0
0
0.999048
0.03959
1.000006
0.116997
3
0.043619
0
0
0.999048
0.03959
1.000006
0.116997
0.043619
0
0
0.999048
0.03959
1.000006
0.116997
0.043619
0
0
0.999048
0.03959
1.000006
0.116997
3
0.043619
0
0
0.999048
-1.00001
0.629116
0.080697
0.043619
0
0
0.999048
-1.00001
0.629116
0.080697
0.043619
0
0
0.999048
-1.00001
0.629116
0.080697
3
0.043619
0
0
0.999048
0.03959
1.000006
0.116997
0.043619
0
0
0.999048
0.03959
1.000006
0.116997
0.043619
0
0
0.999048
0.03959
1.000006
0.116997
2
0.043619
0
0
0.999048
0.03959
1.000006
0.116997
0.043619
0
0
0.999048
0.03959
1.000006
0.116997
2
0.043619
0
0
0.999048
0.03959
1.000006
0.116997
0.043619
0
0
0.999048
0.03959
1.000006
0.116997
2
0.043619
0
0
0.999048
-1.00001
0.629116
0.080697
0.043619
0
0
0.999048
-1.00001
0.629116
0.080697
sideburns
False
True
False
False
False
0.011
0.051
0.021
-0.02
0
0
2
0
0
-20
15
0
None
7
2
-0.4126
0.19616
0.091471
0.884824
-0.99999
-0.24535
-0.10377
-0.4126
0.19616
0.091471
0.884824
-0.99999
-0.24535
-0.10377
3
-0.4126
0.19616
0.091471
0.884824
-0.99999
-0.24535
-0.10377
-0.4126
0.19616
0.091471
0.884824
-0.99999
-0.24535
-0.10377
-0.4126
0.19616
0.091471
0.884824
-0.99999
-0.24535
-0.10377
3
0
0.173648
0
0.984807
-1
-0.25333
-0.2012
0
0.173648
0
0.984807
-1
-0.25333
-0.2012
0
0.173648
0
0.984807
-1
-0.25333
-0.2012
3
-0.4126
0.19616
0.091471
0.884824
-0.99999
-0.24535
-0.10377
-0.4126
0.19616
0.091471
0.884824
-0.99999
-0.24535
-0.10377
-0.4126
0.19616
0.091471
0.884824
-0.99999
-0.24535
-0.10377
2
-0.4126
0.19616
0.091471
0.884824
-0.99999
-0.24535
-0.10377
-0.4126
0.19616
0.091471
0.884824
-0.99999
-0.24535
-0.10377
2
-0.94302
0.124144
-0.17729
-0.25268
-0.99999
-0.24535
-0.10377
-0.94302
0.124144
-0.17729
-0.25268
-0.99999
-0.24535
-0.10377
2
0
0.173648
0
0.984807
-1
-0.25333
-0.2012
0
0.173648
0
0.984807
-1
-0.25333
-0.2012
mouth
True
False
False
True
False
0.06
0.1
0.05
0
0
0.01
3
0
0
0
0
0
PlainMouth
7
2
0
0
0
1
-0.19371
-0.75329
0.999998
0
0
0
1
-0.19371
-0.75329
0.999998
3
0
0
0
1
-0.19371
-0.75329
0.999998
0
0
0
1
-0.19371
-0.75329
0.999998
0
0
0
1
-0.19371
-0.75329
0.999998
3
0
0
0
1
-0.19371
-0.75329
0.999998
0
0
0
1
-0.19371
-0.75329
0.999998
0
0
0
1
-0.19371
-0.75329
0.999998
3
0
0
0
1
-0.19371
-0.75329
0.999998
0
0
0
1
-0.19371
-0.75329
0.999998
0
0
0
1
-0.19371
-0.75329
0.999998
2
0
0
0
1
-0.19371
-0.75329
0.999998
0
0
0
1
-0.19371
-0.75329
0.999998
2
0
0
0
1
-0.19371
-0.75329
0.999998
0
0
0
1
-0.19371
-0.75329
0.999998
2
0
0
0
1
-0.19371
-0.75329
0.999998
0
0
0
1
-0.19371
-0.75329
0.999998
headcrest
False
False
False
True
True
0.0255
0.0455
0.0555
0
0.02
0
2
0
0
7
-12
0
None
7
2
-0.17364
0
0
0.984807
-0.10202
1.000002
-0.73361
-0.17364
0
0
0.984807
-0.10202
1.000002
-0.73361
3
-0.17364
0
0
0.984807
-0.10202
1.000002
-0.73361
-0.17364
0
0
0.984807
-0.10202
1.000002
-0.73361
-0.17364
0
0
0.984807
-0.10202
1.000002
-0.73361
3
-0.17364
0
0
0.984807
-0.10202
1.000002
-0.73361
-0.17364
0
0
0.984807
-0.10202
1.000002
-0.73361
-0.17364
0
0
0.984807
-0.10202
1.000002
-0.73361
3
-0.17364
0
0
0.984807
-0.10202
1.000002
-0.73361
-0.17364
0
0
0.984807
-0.10202
1.000002
-0.73361
-0.17364
0
0
0.984807
-0.10202
1.000002
-0.73361
2
-0.17364
0
0
0.984807
-0.10202
1.000002
-0.73361
-0.17364
0
0
0.984807
-0.10202
1.000002
-0.73361
2
-0.17364
0
0
0.984807
-0.10202
1.000002
-0.73361
-0.17364
0
0
0.984807
-0.10202
1.000002
-0.73361
2
-0.17364
0
0
0.984807
-0.10202
1.000002
-0.73361
-0.17364
0
0
0.984807
-0.10202
1.000002
-0.73361
wingExt
False
False
False
True
False
0.0155
0.3655
0.3155
0
0.06
0.06
10
0
-31
-4
-5
0
peacockSpots
7
2
0.34202
0
0
0.939692
-0.88674
1.000003
0.300415
0.34202
0
0
0.939692
-0.88674
1.000003
0.300415
3
0.34202
0
0
0.939692
-0.88674
1.000003
0.300415
0.34202
0
0
0.939692
-0.88674
1.000003
0.300415
0.34202
0
0
0.939692
-0.88674
1.000003
0.300415
3
0.382683
0
0
0.923879
-0.88674
1.000003
0.300415
0.382683
0
0
0.923879
-0.88674
1.000003
0.300415
0.382683
0
0
0.923879
-0.88674
1.000003
0.300415
3
0.34202
0
0
0.939692
-0.88674
1.000003
0.300415
0.34202
0
0
0.939692
-0.88674
1.000003
0.300415
0.34202
0
0
0.939692
-0.88674
1.000003
0.300415
2
0.34202
0
0
0.939692
-0.88674
1.000003
0.300415
0.34202
0
0
0.939692
-0.88674
1.000003
0.300415
2
0.34202
0
0
0.939692
-0.88674
1.000003
0.300415
0.34202
0
0
0.939692
-0.88674
1.000003
0.300415
2
0.382683
0
0
0.923879
-0.88674
1.000003
0.300415
0.382683
0
0
0.923879
-0.88674
1.000003
0.300415
