30
0.478748
0.8
0.552941
0.552941
perk_forceful_push
false
0.561229
porky
porker
porco
gordinho
porca
свинья
пухлый
свинина
babi
gendut
pria gemuk
cerdo
gordo
hombre gordo
หมู
หมู
คนอ้วน
gordinha
пухлая
gorda
F
F
M
пухлое
false
Uncooked Meat
Bones
?
?
?
13
torso
False
False
False
False
False
0.251
0.191
0.381
0
0
0
-1
4
1
5
6
7
0
0
0
0
None
7
2
0
0
0
1
0
0
0
-0.03489
0
0
0.99939
0
0
0
3
0.069756
0
0
0.997564
0
0
0
-0.06975
0
0
0.997564
0
0
0
-0.06975
0
0
0.997564
0
0
0
3
0
0.069756
0
0.997564
0
0
0
-0.06975
0
0
0.997564
0
0
0
0
-0.08715
0
0.996194
0
0
0
3
0.216439
0
0
0.976296
0
-0.26
-0.28
-0.13052
0
0
0.991444
0
0
0.2
-0.21643
0
0
0.976296
0
0
0.32
2
-0.38268
0
0
0.923879
0
0.08
0.28
-0.42261
0
0
0.906307
0
0.08
0.28
2
-0.99904
0
0
0.043619
0
-0.32
-0.63999
-0.99904
0
0
0.043619
0
-0.34
-0.63999
2
-0.17364
0
0
0.984807
0
0
0
-0.38268
0
0
0.923879
0
0
0
neck
False
False
False
True
False
0.161
0.161
0.141
0
0
0
0
1
2
0
0
0
0
None
7
2
-0.25881
0
0
0.965925
0
0.277429
1.000002
-0.10452
0
0
0.994521
0
0.199729
0.999999
3
-0.25881
0
0
0.965925
0
0.277429
1.000002
-0.25881
0
0
0.965925
0
0.277429
1.000002
-0.25881
0
0
0.965925
0
0.277429
1.000002
3
-0.25881
0
0
0.965925
0
0.277429
1.000002
-0.25881
0
0
0.965925
0
0.277429
1.000002
-0.25881
0
0
0.965925
0
0.277429
1.000002
3
-0.25881
0
0
0.965925
0
0.277429
1.000002
-0.13052
0
0
0.991444
0
0.094697
0.999997
-0.13052
0
0
0.991444
0
0.094697
0.999997
2
-0.17364
0
0
0.984807
0
0.052842
0.999999
-0.17364
0
0
0.984807
0
0.052842
0.999999
2
0.087155
0
0
0.996194
0
-0.01691
0.999996
0.087155
0
0
0.996194
0
-0.01691
0.999996
2
0.087155
0
0
0.996194
0
-0.0098
0.999997
0.173648
0
0
0.984807
0
-0.36907
1.000001
head
False
False
False
False
False
0.171
0.151
0.131
0
0
0
1
3
3
4
12
0
0
0
0
None
7
2
-0.1217
-0.00637
-0.05194
0.991186
0
-0.03791
1
-0.1214
0.010621
0.086506
0.988769
-0.18935
0.156637
1.000011
3
-0.1217
-0.00637
-0.05194
0.991186
0
-0.03791
1
0.087036
-0.01703
-0.04948
0.994829
0
-0.03791
1
-0.24159
0
-0.05233
0.968966
0
-0.03791
1
3
-0.1217
-0.00637
-0.05194
0.991186
0
-0.03791
1
-0.1217
-0.00637
-0.05194
0.991186
0
-0.03791
1
-0.1217
-0.00637
-0.05194
0.991186
0
-0.03791
1
3
0.543893
-0.03827
-0.03569
0.837521
0
-0.03791
1
0.468828
-0.03501
-0.03889
0.881737
0
-0.03791
1
-0.33334
0.005016
-0.05209
0.941349
0
0.197699
1
2
0.052264
-0.0153
-0.05004
0.99726
0
-0.3804
0.999998
0.052264
-0.0153
-0.05004
0.99726
0
-0.3804
0.999998
2
-0.99403
-0.05066
0.013103
0.095714
0
-0.02872
1.000006
-0.99403
-0.05066
0.013103
0.095714
0
-0.02872
1.000006
2
-0.1217
-0.00637
-0.05194
0.991186
0
-0.03791
1
-0.1217
-0.00637
-0.05194
0.991186
0
-0.03791
1
snout
False
False
False
True
False
0.090999
0.061
0.041
0
0
0.02
2
0
0
0
0
0
pigSnout
7
2
-0.05239
-0.00228
0
0.998623
0.026202
-0.36929
0.999995
-0.05239
-0.00228
0
0.998623
0.026202
-0.36929
0.999995
3
-0.05239
-0.00228
0
0.998623
0.026202
-0.36929
0.999995
-0.05239
-0.00228
0
0.998623
0.026202
-0.36929
0.999995
-0.05239
-0.00228
0
0.998623
0.026202
-0.36929
0.999995
3
-0.05239
-0.00228
0
0.998623
0.026202
-0.36929
0.999995
-0.05239
-0.00228
0
0.998623
0.026202
-0.36929
0.999995
-0.05239
-0.00228
0
0.998623
0.026202
-0.36929
0.999995
3
-0.05239
-0.00228
0
0.998623
0.026202
-0.36929
0.999995
-0.05239
-0.00228
0
0.998623
0.026202
-0.36929
0.999995
-0.05239
-0.00228
0
0.998623
0.026202
-0.36929
0.999995
2
-0.05239
-0.00228
0
0.998623
0.026202
-0.36929
0.999995
-0.05239
-0.00228
0
0.998623
0.026202
-0.36929
0.999995
2
-0.05239
-0.00228
0
0.998623
0.026202
-0.36929
0.999995
-0.05239
-0.00228
0
0.998623
0.026202
-0.36929
0.999995
2
-0.05239
-0.00228
0
0.998623
0.026202
-0.36929
0.999995
-0.05239
-0.00228
0
0.998623
0.026202
-0.36929
0.999995
eyes
True
True
False
True
False
0.079999
0.059999
0.05
0
0
0.01
2
0
0
0
0
0
DerpyEye
7
2
0
0
0
1
-0.91514
-0.0443
0.999997
0
0
0
1
-0.91514
-0.0443
0.999997
3
0
0
0
1
-0.91514
-0.0443
0.999997
0
0
0
1
-0.91514
-0.0443
0.999997
0
0
0
1
-0.91514
-0.0443
0.999997
3
0
0
0
1
-0.91514
-0.0443
0.999997
0
0
0
1
-0.91514
-0.0443
0.999997
0
0
0
1
-0.91514
-0.0443
0.999997
3
0
0
0
1
-0.91514
-0.0443
0.999997
0
0
0
1
-0.91514
-0.0443
0.999997
0
0
0
1
-0.91514
-0.0443
0.999997
2
0
0
0
1
-0.91514
-0.0443
0.999997
0
0
0
1
-0.91514
-0.0443
0.999997
2
0
0
0
1
-0.91514
-0.0443
0.999997
0
0
0
1
-0.91514
-0.0443
0.999997
2
0
0
0
1
-0.91514
-0.0443
0.999997
0
0
0
1
-0.91514
-0.0443
0.999997
shoulder
False
True
True
False
False
0.051
0.101
0.091
0
0
0.02
0
1
8
0
0
0
0
None
7
2
-0.69465
0
0
0.71934
-0.85607
-1
0.566301
-0.69465
0
0
0.71934
-0.7285
-0.99999
0.527775
3
-0.57357
0
0
0.819152
-0.98451
-1
0.309626
-0.68301
0.183012
-0.18301
0.683012
-0.99999
-0.55479
0.491382
-0.76604
0
0
0.642787
-0.95589
-0.99999
0.623555
3
-0.6841
0.124912
-0.12062
0.708411
-0.98506
-0.99999
0.603427
-0.69465
0
0
0.71934
-1
-0.51379
0.4497
-0.68789
-0.10011
0.096677
0.712339
-0.84721
-0.99999
0.444262
3
-0.32556
0
0
0.945518
-0.99999
-0.58364
0.407121
-0.69465
0
0
0.71934
-0.72045
-1
0.476596
-0.66261
0
0
0.748956
-0.63322
-1
0.418887
2
-0.59482
0
0
0.803857
-0.53558
-1
0.146324
-0.62932
0
0
0.777146
-0.60065
-1
0.069127
2
-0.74895
0
0
-0.66261
-0.85607
-1
0.566301
-0.74895
0
0
-0.66261
-0.85607
-1
0.566301
2
-0.64609
0.131053
0.113923
-0.74324
-0.99999
0.061877
0.661503
-0.39269
0.09073
0.148059
-0.90312
-0.96625
1.000002
0.3996
hip
False
True
True
False
False
0.061
0.101
0.151
0.02
0
0
0
1
10
0
0
0
0
None
7
2
-0.55919
0
0
0.829037
-1
-0.73717
-0.74624
-0.55919
0
0
0.829037
-1
-0.73717
-0.74624
3
-0.66774
0.198276
-0.19147
0.691473
-1
-0.69073
-0.5103
-0.79863
0
0
0.601815
-1
-0.86382
-0.33511
-0.55919
0
0
0.829037
-1
-0.73717
-0.74624
3
-0.57698
0.154367
-0.11215
0.794152
-1
-0.73717
-0.74624
-0.55919
0
0
0.829037
-1
-0.31331
-0.74624
-0.54697
-0.17236
0.116262
0.810921
-1
-0.69364
-0.83007
3
-0.55919
0
0
0.829037
-1
-0.73717
-0.74624
-0.4848
0
0
0.874619
-1
-0.73717
-0.74624
-0.4848
0
0
0.874619
-0.99999
-0.74463
-0.96078
2
-0.98297
0.0106
-0.17332
0.06012
-1
-0.73717
-0.74624
-0.98297
0.0106
-0.17332
0.06012
-1
-0.73717
-0.74624
2
-0.85264
0
0
-0.52249
-1
-0.73717
-0.74624
-0.85264
0
0
-0.52249
-1
-0.73717
-0.74624
2
-0.55919
0
0
0.829037
-1
-0.73717
-0.74624
-0.55919
0
0
0.829037
-1
-0.73717
-0.74624
tail
False
False
False
False
False
0.011
0.021
0.111
0
0
0.04
0
0
0
0
-3
0
None
7
2
-0.87575
0.098612
-0.20218
0.427135
0.034866
1.000002
-0.97377
-0.85672
-0.11357
0.213604
0.455526
0.034866
1.000002
-0.97377
3
-0.85952
-0.12816
0.262781
0.419216
0.034866
1.000002
-0.97377
-0.87575
0.098612
-0.20218
0.427135
0.034866
1.000002
-0.97377
-0.87575
0.098612
-0.20218
0.427135
0.034866
1.000002
-0.97377
3
-0.87575
0.098612
-0.20218
0.427135
0.034866
1.000002
-0.97377
-0.87575
0.098612
-0.20218
0.427135
0.034866
1.000002
-0.97377
-0.87575
0.098612
-0.20218
0.427135
0.034866
1.000002
-0.97377
3
-0.87575
0.098612
-0.20218
0.427135
0.034866
1.000002
-0.97377
-0.87575
0.098612
-0.20218
0.427135
0.034866
1.000002
-0.97377
-0.87575
0.098612
-0.20218
0.427135
0.034866
1.000002
-0.97377
2
-0.87575
0.098612
-0.20218
0.427135
0.034866
1.000002
-0.97377
-0.87575
0.098612
-0.20218
0.427135
0.034866
1.000002
-0.97377
2
-0.46492
-0.19769
-0.10733
-0.85629
0.034866
1.000002
-0.97377
-0.46492
-0.19769
-0.10733
-0.85629
0.034866
1.000002
-0.97377
2
-0.87575
0.098612
-0.20218
0.427135
0.034866
1.000002
-0.97377
-0.87575
0.098612
-0.20218
0.427135
0.034866
1.000002
-0.97377
arm
False
False
True
False
False
0.041
0.051
0.081
0
0
-0.06
5
1
9
0
0
0
0
None
7
2
-0.69465
0
0
0.719339
-0.44363
0
-1
-0.69465
0
0
0.719339
-0.44363
0
-1
3
-0.54463
0
0
0.83867
-0.4437
0.143668
-0.99999
-0.47628
0.371759
-0.2323
0.76222
-0.44363
0
-1
-0.82903
0
0
0.559192
-0.44348
-0.29809
-1
3
-0.68189
0.137256
-0.13254
0.706123
-0.44363
0
-1
-0.57357
0
0
0.819151
-0.44363
0
-1
-0.6841
-0.12491
0.120626
0.708411
-0.06119
0.015616
-1.00001
3
-0.89879
0
0
0.43837
-0.44363
0
-1
-0.69465
0
0
0.719339
-0.44363
0
-1
-0.55919
0
0
0.829037
-0.44363
0
-1
2
-0.66262
0
0
0.748955
-0.44363
0
-1
-0.66262
0
0
0.748955
-0.44363
0
-1
2
-0.74895
0
0
-0.66262
-0.44363
0
-1
-0.74895
0
0
-0.66262
-0.44363
0
-1
2
-0.61649
0.258125
0.224385
-0.70919
-0.44363
0
-1
-0.25901
0.139112
0.312451
-0.90329
-0.44364
0.019335
-1
hand
False
False
True
False
False
0.051
0.041
0.051
0
-0.02
0
8
0
0
2
-10
0
None
7
2
0
0
0
1
0.191454
-0.0552
-1
0
0
0
1
0.191454
-0.0552
-1
3
0
0
0
1
0.191454
-0.0552
-1
0
0
0
1
0.191454
-0.0552
-1
0
0
0
1
0.191454
-0.0552
-1
3
0
0
0
1
0.191454
-0.0552
-1
0.241921
0
0
0.970295
0.191454
-0.0552
-1
0.241921
0
0
0.970295
0.191454
-0.0552
-1
3
0
0
0
1
0.191454
-0.0552
-1
0
0
0
1
0.191454
-0.0552
-1
0
0
0
1
0.191454
-0.0552
-1
2
0.130526
0
0
0.991444
0.191454
-0.0552
-1
0.130526
0
0
0.991444
0.191454
-0.0552
-1
2
-0.99904
0
0
0.043619
0.191454
-0.0552
-1
-0.99904
0
0
0.043619
0.191454
-0.0552
-1
2
-0.95125
0.254887
-0.04494
-0.16773
0.191454
-0.0552
-1
-0.95125
0.254887
-0.04494
-0.16773
0.191454
-0.0552
-1
leg
False
False
True
False
False
0.041
0.051000
0.091000
0
0
-0.06
6
1
11
0
0
0
0
None
7
2
-0.62932
0
0
0.777146
-0.33145
0
-1
-0.62932
0
0
0.777146
-0.33145
0
-1
3
-0.3378
0.147
-0.0535
0.928123
-0.33145
0
-1
-0.79863
0
0
0.601815
-0.33148
-0.43836
-1
-0.51503
0
0
0.857167
-0.33139
0.353725
-1
3
-0.61319
0.174819
-0.14156
0.757227
-0.33145
0
-1
-0.40673
0
0
0.913545
-0.33148
0.153163
-0.99999
-0.57885
-0.14048
0.102067
0.796726
-0.33145
0
-1
3
-0.62932
0
0
0.777146
-0.33145
0
-1
-0.62932
0
0
0.777146
-0.33145
0
-1
-0.62932
0
0
0.777146
-0.33145
0
-1
2
-0.99073
0.00911
-0.08667
0.10413
-0.33145
0
-1
-0.99073
0.00911
-0.08667
0.10413
-0.33145
0
-1
2
-0.80385
0
0
-0.59482
-0.33145
0
-1
-0.80385
0
0
-0.59482
-0.33145
0
-1
2
-0.62932
0
0
0.777146
-0.33145
0
-1
-0.62932
0
0
0.777146
-0.33145
0
-1
foot
False
False
True
False
False
0.031
0.051
0.061
0
0
0
10
0
0
2
-10
0
None
7
2
0
0
0
1
-0.30754
-0.15753
-0.99999
0
0
0
1
-0.30754
-0.15753
-0.99999
3
0
0
0
1
-0.30754
-0.15753
-0.99999
0
0
0
1
-0.30754
-0.15753
-0.99999
0
0
0
1
-0.30754
-0.15753
-0.99999
3
0
0
0
1
-0.30754
-0.15753
-0.99999
0.308264
0.021555
-0.06634
0.948739
-0.30754
-0.15753
-0.99999
0.308264
0.021555
-0.06634
0.948739
-0.30754
-0.15753
-0.99999
3
0
0
0
1
-0.30754
-0.15753
-0.99999
0
0
0
1
-0.30754
-0.15753
-0.99999
0
0
0
1
-0.30754
-0.15753
-0.99999
2
-0.67559
0
0
0.737277
-0.30754
-0.15753
-0.99999
-0.67559
0
0
0.737277
-0.30754
-0.15753
-0.99999
2
-0.99904
0
0
0.043619
-0.30754
-0.15753
-0.99999
-0.99904
0
0
0.043619
-0.30754
-0.15753
-0.99999
2
0
0
0
1
-0.30754
-0.15753
-0.99999
0
0
0
1
-0.30754
-0.15753
-0.99999
ear
False
True
False
True
True
0.071
0.081
0.031
0
0
0
2
0
0
0
0
0
None
7
2
0.202572
-0.24011
-0.56976
0.759397
-0.99999
0.663543
-0.32974
0.202572
-0.24011
-0.56976
0.759397
-0.99999
0.663543
-0.32974
3
0.202572
-0.24011
-0.56976
0.759397
-0.99999
0.663543
-0.32974
0.202572
-0.24011
-0.56976
0.759397
-0.99999
0.663543
-0.32974
0.202572
-0.24011
-0.56976
0.759397
-0.99999
0.663543
-0.32974
3
0.202572
-0.24011
-0.56976
0.759397
-0.99999
0.663543
-0.32974
0.202572
-0.24011
-0.56976
0.759397
-0.99999
0.663543
-0.32974
0.202572
-0.24011
-0.56976
0.759397
-0.99999
0.663543
-0.32974
3
0.202572
-0.24011
-0.56976
0.759397
-0.99999
0.663543
-0.32974
0.202572
-0.24011
-0.56976
0.759397
-0.99999
0.663543
-0.32974
0.202572
-0.24011
-0.56976
0.759397
-0.99999
0.663543
-0.32974
2
0.202572
-0.24011
-0.56976
0.759397
-0.99999
0.663543
-0.32974
0.202572
-0.24011
-0.56976
0.759397
-0.99999
0.663543
-0.32974
2
0.202572
-0.24011
-0.56976
0.759397
-0.99999
0.663543
-0.32974
0.202572
-0.24011
-0.56976
0.759397
-0.99999
0.663543
-0.32974
2
0.202572
-0.24011
-0.56976
0.759397
-0.99999
0.663543
-0.32974
0.202572
-0.24011
-0.56976
0.759397
-0.99999
0.663543
-0.32974
