30
0.230840
0.713725
0.552941
0.113725
perk_defensive_shell
false
0.131201
juicy
fruit
o ananás
suculento
fruta
ананас
сочный
фрукт
nanas
berair
buah
piña
jugoso
fruita
สับปะรด
ฉ่ำ
ผลไม้
suculenta
сочная
jugosa
F
M
F
сочное
false
Scales
?
?
?
?
11
torso
False
False
False
False
False
0.191
0.171
0.161
0
0
0
-1
2
1
4
0
0
0
0
pineapple
7
2
-0.69465
0
0
0.719339
0
0
0
-0.69465
0
0
0.719339
0
0
0
3
-0.69465
0
0
0.719339
0
0
0
-0.69465
0
0
0.719339
0
0
0
-0.69465
0
0
0.719339
0
0
0
3
-0.69465
0
0
0.719339
0
0
0
-0.69465
0
0
0.719339
0
0
0
-0.69465
0
0
0.719339
0
0
0
3
-0.69465
0
0
0.719339
0
0
0
-0.69465
0
0
0.719339
0
0
0
-0.69465
0
0
0.719339
0
0
0
2
-0.69465
0
0
0.719339
0
-0.04
0.32
-0.69465
0
0
0.719339
0
-0.04
0.32
2
-0.99813
0
0
0.061048
0
-0.48
-0.63999
-0.99813
0
0
0.061048
0
-0.5
-0.63999
2
-0.69465
0
0
0.719339
0
0
0
-0.69465
0
0
0.719339
0
0
0
neck
False
False
False
True
False
0.201
0.191
0.201
0
0
-0.04
0
1
2
0
0
0
0
pineapple
7
2
0.008726
0
0
0.999961
0.011127
-0.04295
1.000005
0.008726
0
0
0.999961
0.011127
-0.04295
1.000005
3
0.008726
0
0
0.999961
0.011127
-0.04295
1.000005
0.008726
0
0
0.999961
0.011127
-0.04295
1.000005
0.008726
0
0
0.999961
0.011127
-0.04295
1.000005
3
0.008726
0
0
0.999961
0.011127
-0.04295
1.000005
0.008726
0
0
0.999961
0.011127
-0.04295
1.000005
0.008726
0
0
0.999961
0.011127
-0.04295
1.000005
3
0.008726
0
0
0.999961
0.011127
-0.04295
1.000005
0.008726
0
0
0.999961
0.011127
-0.04295
1.000005
0.008726
0
0
0.999961
0.011127
-0.04295
1.000005
2
0.008726
0
0
0.999961
0.011127
-0.04295
1.000005
0.008726
0
0
0.999961
0.011127
-0.04295
1.000005
2
0.008726
0
0
0.999961
0.011127
-0.04295
1.000005
0.008726
0
0
0.999961
0.011127
-0.04295
1.000005
2
0.008726
0
0
0.999961
0.011127
-0.04295
1.000005
0.008726
0
0
0.999961
0.011127
-0.04295
1.000005
head
False
False
False
False
False
0.161
0.161
0.171
0
0.039999
0
1
3
3
5
6
0
0
0
0
pineapple(S)
7
2
0.008726
0
0
0.999961
0
-0.01815
1.000004
0.008726
0
0
0.999961
0
-0.01815
1.000004
3
0.008726
0
0
0.999961
0
-0.01815
1.000004
0.008726
0
0
0.999961
0
-0.01815
1.000004
0.008726
0
0
0.999961
0
-0.01815
1.000004
3
0.008726
0
0
0.999961
0
-0.01815
1.000004
0.008726
0
0
0.999961
0
-0.01815
1.000004
0.008726
0
0
0.999961
0
-0.01815
1.000004
3
0.008726
0
0
0.999961
0
-0.01815
1.000004
0.008726
0
0
0.999961
0
-0.01815
1.000004
0.008726
0
0
0.999961
0
-0.01815
1.000004
2
0.008726
0
0
0.999961
0
-0.01815
1.000004
0.008726
0
0
0.999961
0
-0.01815
1.000004
2
-0.66913
0
0
0.743144
0
-0.01815
1.000004
-0.66913
0
0
0.743144
0
-0.01815
1.000004
2
0.008726
0
0
0.999961
0
-0.01815
1.000004
0.008726
0
0
0.999961
0
-0.01815
1.000004
eyes
True
True
False
True
False
0.06
0.06
0.05
0
0
0.03
2
0
0
0
0
0
DerpyEye
7
2
0
0
0
1
-0.6825
-0.12677
1.000003
0
0
0
1
-0.6825
-0.12677
1.000003
3
0
0
0
1
-0.6825
-0.12677
1.000003
0
0
0
1
-0.6825
-0.12677
1.000003
0
0
0
1
-0.6825
-0.12677
1.000003
3
0
0
0
1
-0.6825
-0.12677
1.000003
0
0
0
1
-0.6825
-0.12677
1.000003
0
0
0
1
-0.6825
-0.12677
1.000003
3
0
0
0
1
-0.6825
-0.12677
1.000003
0
0
0
1
-0.6825
-0.12677
1.000003
0
0
0
1
-0.6825
-0.12677
1.000003
2
0
0
0
1
-0.6825
-0.12677
1.000003
0
0
0
1
-0.6825
-0.12677
1.000003
2
0
0
0
1
-0.6825
-0.12677
1.000003
0
0
0
1
-0.6825
-0.12677
1.000003
2
0
0
0
1
-0.6825
-0.12677
1.000003
0
0
0
1
-0.6825
-0.12677
1.000003
tail
False
False
False
False
False
0.141
0.111
0.041
0
0
0.02
0
0
0
0
0
0
None
7
2
-0.73183
-0.0227
0.004629
-0.68108
0.035809
0.034935
-0.99999
-0.73183
-0.0227
0.004629
-0.68108
0.035809
0.034935
-0.99999
3
-0.73183
-0.0227
0.004629
-0.68108
0.035809
0.034935
-0.99999
-0.73183
-0.0227
0.004629
-0.68108
0.035809
0.034935
-0.99999
-0.73183
-0.0227
0.004629
-0.68108
0.035809
0.034935
-0.99999
3
-0.73183
-0.0227
0.004629
-0.68108
0.035809
0.034935
-0.99999
-0.73183
-0.0227
0.004629
-0.68108
0.035809
0.034935
-0.99999
-0.73183
-0.0227
0.004629
-0.68108
0.035809
0.034935
-0.99999
3
-0.73183
-0.0227
0.004629
-0.68108
0.035809
0.034935
-0.99999
-0.73183
-0.0227
0.004629
-0.68108
0.035809
0.034935
-0.99999
-0.73183
-0.0227
0.004629
-0.68108
0.035809
0.034935
-0.99999
2
-0.60245
-0.02316
0
-0.79781
0.035809
0.034935
-0.99999
-0.60245
-0.02316
0
-0.79781
0.035809
0.034935
-0.99999
2
-0.07943
-0.01361
0.018755
-0.99657
0.035809
0.034935
-0.99999
-0.07943
-0.01361
0.018755
-0.99657
0.035809
0.034935
-0.99999
2
-0.73183
-0.0227
0.004629
-0.68108
0.035809
0.034935
-0.99999
-0.73183
-0.0227
0.004629
-0.68108
0.035809
0.034935
-0.99999
hat
False
False
False
True
True
0.131
0.061
0.121
0
0.06
0
2
3
8
9
10
19
-4
-12
0
None
7
2
0
0
0
1
0
0.999998
-0.01265
0
0
0
1
0
0.999998
-0.01265
3
0
0
0
1
0
0.999998
-0.01265
0
0
0
1
0
0.999998
-0.01265
0
0
0
1
0
0.999998
-0.01265
3
0
0
0
1
0
0.999998
-0.01265
0
0
0
1
0
0.999998
-0.01265
0
0
0
1
0
0.999998
-0.01265
3
0
0
0
1
0
0.999998
-0.01265
0
0
0
1
0
0.999998
-0.01265
0
0
0
1
0
0.999998
-0.01265
2
0
0
0
1
0
0.999998
-0.01265
0
0
0
1
0
0.999998
-0.01265
2
0
0
0
1
0
0.999998
-0.01265
0
0
0
1
0
0.999998
-0.01265
2
0
0
0
1
0
0.999998
-0.01265
0
0
0
1
0
0.999998
-0.01265
snout
False
False
False
True
False
0.070999
0.041
0.001
0
0
0
2
1
7
0
0
0
0
None
7
2
0
0
0
1
0
-0.58239
1.00001
0
0
0
1
0
-0.58239
1.00001
3
0
0
0
1
0
-0.58239
1.00001
0
0
0
1
0
-0.58239
1.00001
0
0
0
1
0
-0.58239
1.00001
3
0
0
0
1
0
-0.58239
1.00001
0
0
0
1
0
-0.58239
1.00001
0
0
0
1
0
-0.58239
1.00001
3
0
0
0
1
0
-0.58239
1.00001
0
0
0
1
0
-0.58239
1.00001
0
0
0
1
0
-0.58239
1.00001
2
0
0
0
1
0
-0.58239
1.00001
0
0
0
1
0
-0.58239
1.00001
2
0
0
0
1
0
-0.58239
1.00001
0
0
0
1
0
-0.58239
1.00001
2
0
0
0
1
0
-0.58239
1.00001
0
0
0
1
0
-0.58239
1.00001
mouth
True
False
False
True
False
0.07
0.08
0.05
0
-0.04
0.03
6
0
0
0
0
0
CuteMouth
7
2
0
0
0
1
0
0.008122
0.999704
0
0
0
1
0
0.008122
0.999704
3
0
0
0
1
0
0.008122
0.999704
0
0
0
1
0
0.008122
0.999704
0
0
0
1
0
0.008122
0.999704
3
0
0
0
1
0
0.008122
0.999704
0
0
0
1
0
0.008122
0.999704
0
0
0
1
0
0.008122
0.999704
3
0
0
0
1
0
0.008122
0.999704
0
0
0
1
0
0.008122
0.999704
0
0
0
1
0
0.008122
0.999704
2
0
0
0
1
0
0.008122
0.999704
0
0
0
1
0
0.008122
0.999704
2
0
0
0
1
0
0.008122
0.999704
0
0
0
1
0
0.008122
0.999704
2
0
0
0
1
0
0.008122
0.999704
0
0
0
1
0
0.008122
0.999704
pinespike1
False
True
False
True
True
0.051
0.161
0.041
0
0.14
0
5
0
19
-4
-12
0
None
7
2
0.053296
-0.43613
0.090434
0.893737
-0.53354
1
0.772157
0.053296
-0.43613
0.090434
0.893737
-0.53354
1
0.772157
3
0.053296
-0.43613
0.090434
0.893737
-0.53354
1
0.772157
0.053296
-0.43613
0.090434
0.893737
-0.53354
1
0.772157
0.053296
-0.43613
0.090434
0.893737
-0.53354
1
0.772157
3
0.053296
-0.43613
0.090434
0.893737
-0.53354
1
0.772157
0.053296
-0.43613
0.090434
0.893737
-0.53354
1
0.772157
0.053296
-0.43613
0.090434
0.893737
-0.53354
1
0.772157
3
0.053296
-0.43613
0.090434
0.893737
-0.53354
1
0.772157
0.053296
-0.43613
0.090434
0.893737
-0.53354
1
0.772157
0.053296
-0.43613
0.090434
0.893737
-0.53354
1
0.772157
2
0.053296
-0.43613
0.090434
0.893737
-0.53354
1
0.772157
0.053296
-0.43613
0.090434
0.893737
-0.53354
1
0.772157
2
0.053296
-0.43613
0.090434
0.893737
-0.53354
1
0.772157
0.053296
-0.43613
0.090434
0.893737
-0.53354
1
0.772157
2
0.053296
-0.43613
0.090434
0.893737
-0.53354
1
0.772157
0.053296
-0.43613
0.090434
0.893737
-0.53354
1
0.772157
pinespike2
False
True
False
True
True
0.041
0.211
0.041
0
0.2
0
5
0
19
-4
-12
0
None
7
2
0.019949
-0.25195
0.050451
0.966216
-0.31791
1.000001
0.144016
0.019949
-0.25195
0.050451
0.966216
-0.31791
1.000001
0.144016
3
0.019949
-0.25195
0.050451
0.966216
-0.31791
1.000001
0.144016
0.019949
-0.25195
0.050451
0.966216
-0.31791
1.000001
0.144016
0.019949
-0.25195
0.050451
0.966216
-0.31791
1.000001
0.144016
3
0.019949
-0.25195
0.050451
0.966216
-0.31791
1.000001
0.144016
0.019949
-0.25195
0.050451
0.966216
-0.31791
1.000001
0.144016
0.019949
-0.25195
0.050451
0.966216
-0.31791
1.000001
0.144016
3
0.019949
-0.25195
0.050451
0.966216
-0.31791
1.000001
0.144016
0.019949
-0.25195
0.050451
0.966216
-0.31791
1.000001
0.144016
0.019949
-0.25195
0.050451
0.966216
-0.31791
1.000001
0.144016
2
0.019949
-0.25195
0.050451
0.966216
-0.31791
1.000001
0.144016
0.019949
-0.25195
0.050451
0.966216
-0.31791
1.000001
0.144016
2
0.019949
-0.25195
0.050451
0.966216
-0.31791
1.000001
0.144016
0.019949
-0.25195
0.050451
0.966216
-0.31791
1.000001
0.144016
2
0.019949
-0.25195
0.050451
0.966216
-0.31791
1.000001
0.144016
0.019949
-0.25195
0.050451
0.966216
-0.31791
1.000001
0.144016
pinespike3
False
True
False
True
True
0.041
0.181
0.041
0
0.16
0
5
0
19
-4
-12
0
None
7
2
-0.06139
0.26419
0.061393
0.960554
-0.39687
0.999995
-0.57436
-0.06139
0.26419
0.061393
0.960554
-0.39687
0.999995
-0.57436
3
-0.06139
0.26419
0.061393
0.960554
-0.39687
0.999995
-0.57436
-0.06139
0.26419
0.061393
0.960554
-0.39687
0.999995
-0.57436
-0.06139
0.26419
0.061393
0.960554
-0.39687
0.999995
-0.57436
3
-0.06139
0.26419
0.061393
0.960554
-0.39687
0.999995
-0.57436
-0.06139
0.26419
0.061393
0.960554
-0.39687
0.999995
-0.57436
-0.06139
0.26419
0.061393
0.960554
-0.39687
0.999995
-0.57436
3
-0.06139
0.26419
0.061393
0.960554
-0.39687
0.999995
-0.57436
-0.06139
0.26419
0.061393
0.960554
-0.39687
0.999995
-0.57436
-0.06139
0.26419
0.061393
0.960554
-0.39687
0.999995
-0.57436
2
-0.06139
0.26419
0.061393
0.960554
-0.39687
0.999995
-0.57436
-0.06139
0.26419
0.061393
0.960554
-0.39687
0.999995
-0.57436
2
-0.06139
0.26419
0.061393
0.960554
-0.39687
0.999995
-0.57436
-0.06139
0.26419
0.061393
0.960554
-0.39687
0.999995
-0.57436
2
-0.06139
0.26419
0.061393
0.960554
-0.39687
0.999995
-0.57436
-0.06139
0.26419
0.061393
0.960554
-0.39687
0.999995
-0.57436
