30
0.524648
0.803921
0.803921
0.211764
perk_weaken
false
0.583173
cheesy
slice
pizza
de queijo
pedaço de pizza 
пицца
сырная
кусок пиццы
pizza
murahan
potongan pizza
pizza
caseoso
porción de pizza
พิซซ่า
วิเศษ
ชิ้นพิซซ่า
de queijo
сырная
caseosa
M
F
M
сырная
false
Wheat
?
?
?
?
8
torso
False
False
False
False
False
0.231
0.051000
0.231
0
0
0
-1
4
1
3
4
6
0
0
0
0
None
7
2
-0.72537
0
0
0.688354
0
0
0
-0.72537
0
0
0.688354
0
0
0
3
-0.72537
0
0
0.688354
0
0
0
-0.72537
0
0
0.688354
0
0
0
-0.72537
0
0
0.688354
0
0
0
3
-0.72537
0
0
0.688354
0
0
0
-0.72537
0
0
0.688354
0
0
0
-0.72537
0
0
0.688354
0
0
0
3
-0.72537
0
0
0.688354
0
0
0
-0.72537
0
0
0.688354
0
0
0
-0.72537
0
0
0.688354
0
0
0
2
-0.72537
0
0
0.688354
0
0.02
0.16
-0.72537
0
0
0.688354
0
0.02
0.16
2
-0.99813
0
0
0.061048
0
-0.08
-0.63999
-0.99813
0
0
0.061048
0
-0.09999
-0.63999
2
-0.72537
0
0
0.688354
0
0
0
-0.72537
0
0
0.688354
0
0
0
neck
False
False
False
True
False
0.311
0.051000
0.201001
0
0
0.16
0
3
2
5
7
0
0
0
0
None
7
2
0.008726
0
0
0.999961
-0.02271
0.006359
1.000002
0.008726
0
0
0.999961
-0.02271
0.006359
1.000002
3
0.008726
0
0
0.999961
-0.02271
0.006359
1.000002
0.008726
0
0
0.999961
-0.02271
0.006359
1.000002
0.008726
0
0
0.999961
-0.02271
0.006359
1.000002
3
0.008726
0
0
0.999961
-0.02271
0.006359
1.000002
0.008726
0
0
0.999961
-0.02271
0.006359
1.000002
0.008726
0
0
0.999961
-0.02271
0.006359
1.000002
3
0.008726
0
0
0.999961
-0.02271
0.006359
1.000002
0.008726
0
0
0.999961
-0.02271
0.006359
1.000002
0.008726
0
0
0.999961
-0.02271
0.006359
1.000002
2
0.008726
0
0
0.999961
-0.02271
0.006359
1.000002
0.008726
0
0
0.999961
-0.02271
0.006359
1.000002
2
0.008726
0
0
0.999961
-0.02271
0.006359
1.000002
0.008726
0
0
0.999961
-0.02271
0.006359
1.000002
2
0.008726
0
0
0.999961
-0.02271
0.006359
1.000002
0.008726
0
0
0.999961
-0.02271
0.006359
1.000002
head
False
False
False
False
False
0.360999
0.091
0.091
0
0.08
0
1
0
0
-3
-6
0
None
7
2
0.008726
0
0
0.999961
0
-0.26362
1.000013
0.008726
0
0
0.999961
0
-0.26362
1.000013
3
0.008726
0
0
0.999961
0
-0.26362
1.000013
0.008726
0
0
0.999961
0
-0.26362
1.000013
0.008726
0
0
0.999961
0
-0.26362
1.000013
3
0.008726
0
0
0.999961
0
-0.26362
1.000013
0.008726
0
0
0.999961
0
-0.26362
1.000013
0.008726
0
0
0.999961
0
-0.26362
1.000013
3
0.008726
0
0
0.999961
0
-0.26362
1.000013
0.008726
0
0
0.999961
0
-0.26362
1.000013
0.008726
0
0
0.999961
0
-0.26362
1.000013
2
0.008726
0
0
0.999961
0
-0.26362
1.000013
0.008726
0
0
0.999961
0
-0.26362
1.000013
2
-0.63607
0
0
0.771624
0
-0.26362
1.000013
-0.63607
0
0
0.771624
0
-0.26362
1.000013
2
0.008726
0
0
0.999961
0
-0.26362
1.000013
0.008726
0
0
0.999961
0
-0.26362
1.000013
tail
False
False
False
False
False
0.141
0.031
0.151
0
0
0.14
0
0
0
0
2
0
None
7
2
-0.6352
-0.02656
0.045094
-0.77056
-0.00435
-0.02877
-1
-0.6352
-0.02656
0.045094
-0.77056
-0.00435
-0.02877
-1
3
-0.6352
-0.02656
0.045094
-0.77056
-0.00435
-0.02877
-1
-0.6352
-0.02656
0.045094
-0.77056
-0.00435
-0.02877
-1
-0.6352
-0.02656
0.045094
-0.77056
-0.00435
-0.02877
-1
3
-0.6352
-0.02656
0.045094
-0.77056
-0.00435
-0.02877
-1
-0.6352
-0.02656
0.045094
-0.77056
-0.00435
-0.02877
-1
-0.6352
-0.02656
0.045094
-0.77056
-0.00435
-0.02877
-1
3
-0.6352
-0.02656
0.045094
-0.77056
-0.00435
-0.02877
-1
-0.6352
-0.02656
0.045094
-0.77056
-0.00435
-0.02877
-1
-0.6352
-0.02656
0.045094
-0.77056
-0.00435
-0.02877
-1
2
-0.16482
-0.04555
0.025771
-0.98493
-0.00435
-0.02877
-1
-0.16482
-0.04555
0.025771
-0.98493
-0.00435
-0.02877
-1
2
0.008714
0.008637
0.051618
-0.99859
-0.00435
-0.02877
-1
0.008714
0.008637
0.051618
-0.99859
-0.00435
-0.02877
-1
2
-0.6352
-0.02656
0.045094
-0.77056
-0.00435
-0.02877
-1
-0.6352
-0.02656
0.045094
-0.77056
-0.00435
-0.02877
-1
peperoni0
False
False
False
True
False
0.101
0.021
0.101
0
0
0
0
0
-12
12
0
0
None
7
2
0
0
0
1
-0.36945
-1
-0.10453
0
0
0
1
-0.36945
-1
-0.10453
3
0
0
0
1
-0.36945
-1
-0.10453
0
0
0
1
-0.36945
-1
-0.10453
0
0
0
1
-0.36945
-1
-0.10453
3
0
0
0
1
-0.36945
-1
-0.10453
0
0
0
1
-0.36945
-1
-0.10453
0
0
0
1
-0.36945
-1
-0.10453
3
0
0
0
1
-0.36945
-1
-0.10453
0
0
0
1
-0.36945
-1
-0.10453
0
0
0
1
-0.36945
-1
-0.10453
2
0
0
0
1
-0.36945
-1
-0.10453
0
0
0
1
-0.36945
-1
-0.10453
2
0
0
0
1
-0.36945
-1
-0.10453
0
0
0
1
-0.36945
-1
-0.10453
2
0
0
0
1
-0.36945
-1
-0.10453
0
0
0
1
-0.36945
-1
-0.10453
peperoni2
False
False
False
True
False
0.091
0.041000
0.081
0
0
0
1
0
-12
12
0
0
None
7
2
0
0
0
1
0.386187
-1
0.027095
0
0
0
1
0.386187
-1
0.027095
3
0
0
0
1
0.386187
-1
0.027095
0
0
0
1
0.386187
-1
0.027095
0
0
0
1
0.386187
-1
0.027095
3
0
0
0
1
0.386187
-1
0.027095
0
0
0
1
0.386187
-1
0.027095
0
0
0
1
0.386187
-1
0.027095
3
0
0
0
1
0.386187
-1
0.027095
0
0
0
1
0.386187
-1
0.027095
0
0
0
1
0.386187
-1
0.027095
2
0
0
0
1
0.386187
-1
0.027095
0
0
0
1
0.386187
-1
0.027095
2
0
0
0
1
0.386187
-1
0.027095
0
0
0
1
0.386187
-1
0.027095
2
0
0
0
1
0.386187
-1
0.027095
0
0
0
1
0.386187
-1
0.027095
pepper
False
False
False
True
False
0.041
0.081
0.041
0
0
0
0
0
12
12
-8
0
None
7
2
0.669576
0.093553
-0.28691
0.678672
0.485544
-1
0.186371
0.669576
0.093553
-0.28691
0.678672
0.485544
-1
0.186371
3
0.669576
0.093553
-0.28691
0.678672
0.485544
-1
0.186371
0.669576
0.093553
-0.28691
0.678672
0.485544
-1
0.186371
0.669576
0.093553
-0.28691
0.678672
0.485544
-1
0.186371
3
0.669576
0.093553
-0.28691
0.678672
0.485544
-1
0.186371
0.669576
0.093553
-0.28691
0.678672
0.485544
-1
0.186371
0.669576
0.093553
-0.28691
0.678672
0.485544
-1
0.186371
3
0.669576
0.093553
-0.28691
0.678672
0.485544
-1
0.186371
0.669576
0.093553
-0.28691
0.678672
0.485544
-1
0.186371
0.669576
0.093553
-0.28691
0.678672
0.485544
-1
0.186371
2
0.669576
0.093553
-0.28691
0.678672
0.485544
-1
0.186371
0.669576
0.093553
-0.28691
0.678672
0.485544
-1
0.186371
2
0.669576
0.093553
-0.28691
0.678672
0.485544
-1
0.186371
0.669576
0.093553
-0.28691
0.678672
0.485544
-1
0.186371
2
0.669576
0.093553
-0.28691
0.678672
0.485544
-1
0.186371
0.669576
0.093553
-0.28691
0.678672
0.485544
-1
0.186371
olive
False
False
False
True
False
0.051
0.051000
0.041
0
0
0
1
0
0
0
-18
0
None
7
2
-0.15304
-0.15304
0.690345
0.690345
-0.48375
-1
-0.14821
-0.15304
-0.15304
0.690345
0.690345
-0.48375
-1
-0.14821
3
-0.15304
-0.15304
0.690345
0.690345
-0.48375
-1
-0.14821
-0.15304
-0.15304
0.690345
0.690345
-0.48375
-1
-0.14821
-0.15304
-0.15304
0.690345
0.690345
-0.48375
-1
-0.14821
3
-0.15304
-0.15304
0.690345
0.690345
-0.48375
-1
-0.14821
-0.15304
-0.15304
0.690345
0.690345
-0.48375
-1
-0.14821
-0.15304
-0.15304
0.690345
0.690345
-0.48375
-1
-0.14821
3
-0.15304
-0.15304
0.690345
0.690345
-0.48375
-1
-0.14821
-0.15304
-0.15304
0.690345
0.690345
-0.48375
-1
-0.14821
-0.15304
-0.15304
0.690345
0.690345
-0.48375
-1
-0.14821
2
-0.15304
-0.15304
0.690345
0.690345
-0.48375
-1
-0.14821
-0.15304
-0.15304
0.690345
0.690345
-0.48375
-1
-0.14821
2
-0.15304
-0.15304
0.690345
0.690345
-0.48375
-1
-0.14821
-0.15304
-0.15304
0.690345
0.690345
-0.48375
-1
-0.14821
2
-0.15304
-0.15304
0.690345
0.690345
-0.48375
-1
-0.14821
-0.15304
-0.15304
0.690345
0.690345
-0.48375
-1
-0.14821
