30
0.648501
0.847058
0.901960
0.894117
perk_rage
false
0.525356
polar
ravager
Urso polar
polar
destruidor
Полярный медведь
полярный
эсминец
beruang kutub
kutub
perusak
oso polar
polar
destructor
หมีขั้วโลก
ขั้ว
เรือพิฆาต
polar
полярная
polar
M
M
M
полярнoe
false
Sharp Tooth
Fur
Uncooked Meat
Bones
?
14
torso
False
False
False
False
False
0.231
0.261
0.430999
0
0
0
-1
3
1
5
6
0
0
0
0
None
7
2
0.034899
0
0
0.99939
0
0
0
0.034899
0
0
0.99939
0
0
0
3
0.104528
0
0
0.994522
0
0
0
-0.03489
0
0
0.99939
0
0
0
0.034899
0
0
0.99939
0
0
0
3
0.034766
-0.0871
-0.00304
0.995587
0
0
0
-0.05233
0
0
0.998629
0
0
0
0.034708
0.104464
0.003647
0.993916
0
0
0
3
0.165047
0
0
0.986285
0
-0.22
-0.22
0.121869
0
0
0.992546
0
0
0.18
-0.05233
0
0
0.998629
0
0
0.18
2
-0.46947
0
0
0.882947
0
-0.06
0.26
-0.50753
0
0
0.861629
0
-0.06
0.26
2
-0.99939
0
0
0.034899
0
-0.16
-0.63999
-0.99939
0
0
0.034899
0
-0.18
-0.63999
2
-0.22495
0
0
0.97437
0
0
0
-0.43051
0
0
0.902585
0
0
0
neck
False
False
False
True
False
0.161
0.141
0.131
0
0
0
0
1
2
0
0
-3
0
None
7
2
-0.13917
0
0
0.990268
0.071317
0.408065
0.999997
-0.13917
0
0
0.990268
0.071317
0.408065
0.999997
3
-0.13917
0
0
0.990268
0.071317
0.463596
1.000002
-0.13917
0
0
0.990268
0.071317
0.408065
0.999997
-0.13917
0
0
0.990268
0.071317
0.408065
0.999997
3
-0.13917
0
0
0.990268
0.071317
0.408065
0.999997
-0.13917
0
0
0.990268
0.071317
0.408065
0.999997
-0.13917
0
0
0.990268
0.071317
0.408065
0.999997
3
-0.13917
0
0
0.990268
0.071317
0.408065
0.999997
-0.13917
0
0
0.990268
0.071317
0.408065
0.999997
-0.13917
0
0
0.990268
0.071317
0.408065
0.999997
2
0.165047
0
0
0.986285
0.071318
-0.47162
1
0.165047
0
0
0.986285
0.071318
-0.47162
1
2
-0.13917
0
0
0.990268
0.071317
0.408065
0.999997
-0.13917
0
0
0.990268
0.071317
0.408065
0.999997
2
-0.13917
0
0
0.990268
0.071317
0.408065
0.999997
-0.13917
0
0
0.990268
0.071317
0.408065
0.999997
head
False
False
False
False
False
0.161
0.121
0.121
0
0
0
1
3
3
4
11
0
0
-1
0
None
7
2
0.104528
0
0
0.994522
0
-0.04072
0.999998
-0.05233
0
0
0.998629
0
0.182099
0.999998
3
-0.03489
0
0
0.99939
0
-0.04072
0.999998
-0.03489
0
0
0.99939
0
-0.04072
0.999998
0.104528
0
0
0.994522
0
-0.04072
0.999998
3
0.104528
0
0
0.994522
0
-0.04072
0.999998
0.104528
0
0
0.994522
0
-0.04072
0.999998
0.104528
0
0
0.994522
0
-0.04072
0.999998
3
0.587785
0
0
0.809016
0
-0.04072
0.999998
0.587785
0
0
0.809016
0
-0.04072
0.999998
-0.1132
0
0
0.993571
0
-0.04072
0.999998
2
0.104528
0
0
0.994522
0
-0.04072
0.999998
0.104528
0
0
0.994522
0
-0.04072
0.999998
2
-0.99452
0
0
0.104528
0
-0.04072
0.999998
-0.99452
0
0
0.104528
0
-0.04072
0.999998
2
0.104528
0
0
0.994522
0
-0.04072
0.999998
0.104528
0
0
0.994522
0
-0.04072
0.999998
snout
False
False
False
True
False
0.060998
0.081
0.101
0
0
0.02
2
2
12
13
0
0
0
0
None
7
2
0.069692
-0.00236
0
0.997565
0.026195
-0.41636
1.000007
0.069692
-0.00236
0
0.997565
0.026195
-0.41636
1.000007
3
0.069692
-0.00236
0
0.997565
0.026195
-0.41636
1.000007
0.069692
-0.00236
0
0.997565
0.026195
-0.41636
1.000007
0.069692
-0.00236
0
0.997565
0.026195
-0.41636
1.000007
3
0.069692
-0.00236
0
0.997565
0.026195
-0.41636
1.000007
0.069692
-0.00236
0
0.997565
0.026195
-0.41636
1.000007
0.069692
-0.00236
0
0.997565
0.026195
-0.41636
1.000007
3
0.069692
-0.00236
0
0.997565
0.026195
-0.41636
1.000007
0.069692
-0.00236
0
0.997565
0.026195
-0.41636
1.000007
0.069692
-0.00236
0
0.997565
0.026195
-0.41636
1.000007
2
0.069692
-0.00236
0
0.997565
0.026195
-0.41636
1.000007
0.069692
-0.00236
0
0.997565
0.026195
-0.41636
1.000007
2
0.069692
-0.00236
0
0.997565
0.026195
-0.41636
1.000007
0.069692
-0.00236
0
0.997565
0.026195
-0.41636
1.000007
2
0.069692
-0.00236
0
0.997565
0.026195
-0.41636
1.000007
0.069692
-0.00236
0
0.997565
0.026195
-0.41636
1.000007
eyes
True
True
False
True
False
0.06
0.06
0.05
0
0
0.01
2
0
0
0
0
0
SeriousEye
7
2
0
0
-0.17364
0.984807
-0.80001
0.131735
1.000001
0
0
-0.17364
0.984807
-0.80001
0.131735
1.000001
3
0
0
-0.17364
0.984807
-0.80001
0.131735
1.000001
0
0
-0.17364
0.984807
-0.80001
0.131735
1.000001
0
0
-0.17364
0.984807
-0.80001
0.131735
1.000001
3
0
0
-0.17364
0.984807
-0.80001
0.131735
1.000001
0
0
-0.17364
0.984807
-0.80001
0.131735
1.000001
0
0
-0.17364
0.984807
-0.80001
0.131735
1.000001
3
0
0
-0.17364
0.984807
-0.80001
0.131735
1.000001
0
0
-0.17364
0.984807
-0.80001
0.131735
1.000001
0
0
-0.17364
0.984807
-0.80001
0.131735
1.000001
2
0
0
-0.17364
0.984807
-0.80001
0.131735
1.000001
0
0
-0.17364
0.984807
-0.80001
0.131735
1.000001
2
0
0
-0.17364
0.984807
-0.80001
0.131735
1.000001
0
0
-0.17364
0.984807
-0.80001
0.131735
1.000001
2
0
0
-0.17364
0.984807
-0.80001
0.131735
1.000001
0
0
-0.17364
0.984807
-0.80001
0.131735
1.000001
shoulder
False
True
True
False
False
0.111
0.161
0.221
0.02
0
0
0
1
7
0
0
0
0
None
7
2
-0.64278
0
0
0.766044
-1
-0.1817
0.720051
-0.64278
0
0
0.766044
-0.99999
-0.36304
0.637329
3
-0.55919
0
0
0.829037
-0.99999
-0.38965
0.402981
-0.64278
0
0
0.766044
-0.99999
-0.2848
0.538551
-0.79863
0
0
0.601815
-0.99999
-0.3783
0.730652
3
-0.64609
0.131054
-0.11392
0.743243
-1
-0.36005
0.628369
-0.64278
0
0
0.766044
-0.99999
-0.06323
0.655701
-0.63653
-0.10661
0.089458
0.758589
-0.99999
-0.37154
0.491768
3
-0.38268
0
0
0.923879
-0.99999
-0.10486
0.491722
-0.49999
0
0
0.866025
-1
-0.27446
0.481511
-0.9063
0
0
0.422618
-0.99999
-0.48048
0.911161
2
-0.64034
-0.06676
0.056022
0.763129
-1
-0.62865
0.73063
-0.64034
-0.06676
0.056022
0.763129
-1
-0.62865
0.73063
2
-0.76604
0
0
-0.64278
-1
-0.1817
0.720051
-0.76604
0
0
-0.64278
-1
-0.1817
0.720051
2
-0.7544
0.111618
0.133022
-0.63302
-0.99999
0.353477
0.720076
-0.4924
0.059391
0.163176
-0.85286
-0.99999
0.476276
0.720081
hip
False
True
True
False
False
0.101
0.181
0.271
0
0
0
0
1
9
0
0
0
0
None
7
2
-0.55919
0
0
0.829037
-0.94048
-0.51496
-0.99999
-0.55919
0
0
0.829037
-0.94048
-0.51496
-0.99999
3
-0.62932
0
0
0.777146
-0.99999
-0.44475
-0.62198
-0.7547
0
0
0.656059
-0.99999
-0.49829
-0.49023
-0.55919
0
0
0.829037
-0.94048
-0.51496
-0.99999
3
-0.55069
0.14396
-0.0971
0.816442
-0.99999
-0.50871
-0.82685
-0.55919
0
0
0.829037
-0.94048
-0.10859
-1
-0.55375
-0.11537
0.077824
0.820969
-0.58295
-0.48178
-1
3
-0.55919
0
0
0.829037
-0.94048
-0.51496
-0.99999
-0.55919
0
0
0.829037
-0.94048
-0.51496
-0.99999
-0.55919
0
0
0.829037
-0.94048
-0.51496
-0.99999
2
-0.9911
-0.00341
-0.13048
-0.02595
-1
-0.40253
-0.69217
-0.9911
-0.00341
-0.13048
-0.02595
-1
-0.40253
-0.69217
2
-0.82903
0
0
-0.55919
-0.94048
-0.51496
-0.99999
-0.82903
0
0
-0.55919
-0.94048
-0.51496
-0.99999
2
-0.55919
0
0
0.829037
-0.94048
-0.51496
-0.99999
-0.55919
0
0
0.829037
-0.94048
-0.51496
-0.99999
arm
False
False
True
False
False
0.061
0.090999
0.191
0
0
-0.12
5
1
8
0
0
-2
0
None
7
2
-0.69465
0
0
0.719339
-0.54481
0.252295
-0.99999
-0.69465
0
0
0.719339
-0.54481
0.252295
-0.99999
3
-0.52991
0
0
0.848048
-0.54481
0.431093
-0.99999
-0.3746
0
0
0.927183
-0.54482
0.277983
-1
-0.83867
0
0
0.544639
-0.54477
-0.09317
-0.99999
3
-0.67402
0.174024
-0.16805
0.697972
-0.54481
0.252295
-0.99999
-0.55919
0
0
0.829037
-0.54481
0.252295
-0.99999
-0.6841
-0.12491
0.120626
0.708411
-0.54481
0.252295
-0.99999
3
-0.89879
0
0
0.43837
-0.54481
0.252295
-0.99999
-0.4848
0
0
0.874619
-0.54481
0.252295
-0.99999
-0.99357
0
0
-0.1132
-1
0.275249
-0.83254
2
-0.68871
-0.09389
0.090671
0.713185
-0.54481
0.252295
-0.99999
-0.68871
-0.09389
0.090671
0.713185
-0.54481
0.252295
-0.99999
2
-0.71933
0
0
-0.69465
-0.54481
0.252295
-0.99999
-0.71933
0
0
-0.69465
-0.54481
0.252295
-0.99999
2
-0.64609
0.131054
0.113923
-0.74324
-0.54481
0.252295
-0.99999
-0.27144
0.070629
0.158635
-0.94665
-0.54481
0.252295
-0.99999
hand
False
False
True
False
False
0.070999
0.031
0.101
0
-0.02
0
7
0
0
0
0
0
None
7
2
0
0
0
1
0.191397
-0.32422
-1.00001
0
0
0
1
0.191397
-0.32422
-1.00001
3
0.139173
0
0
0.990268
0.191397
-0.32422
-1.00001
0.34202
0
0
0.939692
0.191397
-0.32422
-1.00001
0.34202
0
0
0.939692
0.191397
-0.32422
-1.00001
3
0
0
0
1
0.191397
-0.32422
-1.00001
0.224951
0
0
0.97437
0.191397
-0.32422
-1.00001
0.224951
0
0
0.97437
0.191397
-0.32422
-1.00001
3
0
0
0
1
0.191397
-0.32422
-1.00001
0
0
0
1
0.191397
-0.32422
-1.00001
0
0
0
1
0.191397
-0.32422
-1.00001
2
0
0
0
1
0.191397
-0.32422
-1.00001
0
0
0
1
0.191397
-0.32422
-1.00001
2
-1
0
0
0
0.191397
-0.32422
-1.00001
-1
0
0
0
0.191397
-0.32422
-1.00001
2
-0.9848
0
0
-0.17364
0.191406
0.126216
-0.99999
-0.9848
0
0
-0.17364
0.191406
0.126216
-0.99999
leg
False
False
True
False
False
0.070999
0.081000
0.161
0
0
-0.1
6
1
10
0
0
-2
0
None
7
2
-0.62932
0
0
0.777146
0.185354
0
-1
-0.62932
0
0
0.777146
0.185354
0
-1
3
-0.45399
0
0
0.891006
0.185354
0
-1
-0.62932
0
0
0.777146
0.185354
0
-1
-0.5
0
0
0.866025
0.185361
0.470224
-1
3
-0.61775
0.148286
-0.12008
0.762867
0.185354
0
-1
-0.27563
0
0
0.961261
0.185354
0
-1
-0.61975
-0.13495
0.10928
0.765339
0.185354
0
-1
3
-0.62932
0
0
0.777146
0.185354
0
-1
-0.62932
0
0
0.777146
0.185354
0
-1
-0.62932
0
0
0.777146
0.185354
0
-1
2
-0.99604
0.001521
-0.08714
0.017385
0.185354
0.078515
-0.99999
-0.99604
0.001521
-0.08714
0.017385
0.185354
0.078515
-0.99999
2
-0.77714
0
0
-0.62932
0.185354
0
-1
-0.77714
0
0
-0.62932
0.185354
0
-1
2
-0.62932
0
0
0.777146
0.185354
0
-1
-0.62932
0
0
0.777146
0.185354
0
-1
foot
False
False
True
False
False
0.070999
0.031
0.101
0
0
0
9
0
0
0
0
0
None
7
2
0
0
0
1
-0.07333
-0.55534
-0.99999
0
0
0
1
-0.07333
-0.55534
-0.99999
3
0.275637
0
0
0.961261
-0.07333
-0.55534
-0.99999
0.275637
0
0
0.961261
-0.07333
-0.55534
-0.99999
0.275637
0
0
0.961261
-0.07333
-0.55534
-0.99999
3
0
0
0
1
-0.07333
-0.55534
-0.99999
0.5
0
0
0.866025
-0.07333
-0.55534
-0.99999
0.5
0
0
0.866025
-0.07333
-0.55534
-0.99999
3
0
0
0
1
-0.07333
-0.55534
-0.99999
0
0
0
1
-0.07333
-0.55534
-0.99999
0
0
0
1
-0.07333
-0.55534
-0.99999
2
-0.73727
0
0
0.67559
-0.07333
-0.55534
-0.99999
-0.73727
0
0
0.67559
-0.07333
-0.55534
-0.99999
2
-1
0
0
0
-0.07333
-0.55534
-0.99999
-1
0
0
0
-0.07333
-0.55534
-0.99999
2
0
0
0
1
-0.07333
-0.55534
-0.99999
0
0
0
1
-0.07333
-0.55534
-0.99999
ear
False
True
False
True
True
0.091
0.041
0.021
0
0
0
2
0
0
0
0
0
None
7
2
-0.1192
-0.02533
-0.20636
0.970856
-1
0.735279
-0.85748
-0.16855
-0.27575
-0.16847
0.931217
-1
0.735279
-0.85748
3
-0.1192
-0.02533
-0.20636
0.970856
-1
0.735279
-0.85748
-0.1192
-0.02533
-0.20636
0.970856
-1
0.735279
-0.85748
-0.1192
-0.02533
-0.20636
0.970856
-1
0.735279
-0.85748
3
-0.1192
-0.02533
-0.20636
0.970856
-1
0.735279
-0.85748
-0.1192
-0.02533
-0.20636
0.970856
-1
0.735279
-0.85748
-0.1192
-0.02533
-0.20636
0.970856
-1
0.735279
-0.85748
3
-0.1192
-0.02533
-0.20636
0.970856
-1
0.735279
-0.85748
-0.1192
-0.02533
-0.20636
0.970856
-1
0.735279
-0.85748
-0.1192
-0.02533
-0.20636
0.970856
-1
0.735279
-0.85748
2
-0.1192
-0.02533
-0.20636
0.970856
-1
0.735279
-0.85748
-0.1192
-0.02533
-0.20636
0.970856
-1
0.735279
-0.85748
2
-0.1192
-0.02533
-0.20636
0.970856
-1
0.735279
-0.85748
-0.1192
-0.02533
-0.20636
0.970856
-1
0.735279
-0.85748
2
-0.1192
-0.02533
-0.20636
0.970856
-1
0.735279
-0.85748
-0.1192
-0.02533
-0.20636
0.970856
-1
0.735279
-0.85748
mouth
True
False
False
True
False
0.069999
0.08
0.05
0
0
0.01
3
0
0
0
0
0
ViciousMouth
7
2
0
0
0
1
-0.08677
-0.02179
0.999999
0
0
0
1
-0.08677
-0.02179
0.999999
3
0
0
0
1
-0.08677
-0.02179
0.999999
0
0
0
1
-0.08677
-0.02179
0.999999
0
0
0
1
-0.08677
-0.02179
0.999999
3
0
0
0
1
-0.08677
-0.02179
0.999999
0
0
0
1
-0.08677
-0.02179
0.999999
0
0
0
1
-0.08677
-0.02179
0.999999
3
0
0
0
1
-0.08677
-0.02179
0.999999
0
0
0
1
-0.08677
-0.02179
0.999999
0
0
0
1
-0.08677
-0.02179
0.999999
2
0
0
0
1
-0.08677
-0.02179
0.999999
0
0
0
1
-0.08677
-0.02179
0.999999
2
0
0
0
1
-0.08677
-0.02179
0.999999
0
0
0
1
-0.08677
-0.02179
0.999999
2
0
0
0
1
-0.08677
-0.02179
0.999999
0
0
0
1
-0.08677
-0.02179
0.999999
snouttip
False
False
False
True
False
0.041
0.031
0.021
0
0
-0.02
3
0
0
0
-16
0
None
7
2
0
0
0
1
-0.05781
0.749592
0.999994
0
0
0
1
-0.05781
0.749592
0.999994
3
0
0
0
1
-0.05781
0.749592
0.999994
0
0
0
1
-0.05781
0.749592
0.999994
0
0
0
1
-0.05781
0.749592
0.999994
3
0
0
0
1
-0.05781
0.749592
0.999994
0
0
0
1
-0.05781
0.749592
0.999994
0
0
0
1
-0.05781
0.749592
0.999994
3
0
0
0
1
-0.05781
0.749592
0.999994
0
0
0
1
-0.05781
0.749592
0.999994
0
0
0
1
-0.05781
0.749592
0.999994
2
0
0
0
1
-0.05781
0.749592
0.999994
0
0
0
1
-0.05781
0.749592
0.999994
2
0
0
0
1
-0.05781
0.749592
0.999994
0
0
0
1
-0.05781
0.749592
0.999994
2
0
0
0
1
-0.05781
0.749592
0.999994
0
0
0
1
-0.05781
0.749592
0.999994
