30
0.840998
0.941176
0.611764
0.2
perk_summon_bandits
false
0.591247
spray-tanned
CEO
político
bronzeado por spray
diretor
политик
загорелый
директор
politikus
kecokelatan
direktur
político
bronceado-en-spray
director
นักการเมือง
ดำขำ
ผู้อำนวยการ
bronzeado por spray
загорелая
bronceado-en-spray
M
M
M
загорелoe
false
Bones
Gold Bar
?
?
?
20
torso
False
False
False
False
False
0.211
0.111
0.261000
0
0
0
-1
5
1
5
6
17
18
0
-20
-23
0
None
7
2
-0.65605
0
0
0.754709
0
0
0
-0.68835
0
0
0.725374
0
0
0
3
-0.62251
0
0
0.782608
0
0
0
-0.68835
0
0
0.725374
0
0
0
-0.65605
0
0
0.754709
0
0
0
3
-0.65605
0
0
0.754709
0
0
0
-0.65605
0
0
0.754709
0
0
0
-0.65605
0
0
0.754709
0
0
0
3
-0.51503
0
0
0.857167
0
0
-0.12
-0.55193
0
0
0.833886
0
-0.12
0.06
-0.55193
0
0
0.833886
-0.04
-0.16
0.12
2
-0.65605
0
0
0.754709
0
-0.02
-0.16
-0.68835
0
0
0.725374
0
0
-0.16
2
-0.99965
0
0
0.026177
0
0.2
-0.4
-0.99965
0
0
0.026177
0
0.18
-0.4
2
-0.77714
0
0
0.62932
0
0
0
-0.82903
0
0
0.559193
0
0
0
neck
False
False
False
True
False
0.101
0.081000
0.121
0
0
0.04
0
1
2
0
0
0
0
None
7
2
0
0
0
1
0.071325
-0.00743
1
0
0
0
1
0.071325
-0.00743
1
3
0
0
0
1
0.071325
-0.00743
1
0
0
0
1
0.071325
-0.00743
1
0
0
0
1
0.071325
-0.00743
1
3
0
0
0
1
0.071325
-0.00743
1
0
0
0
1
0.071325
-0.00743
1
0
0
0
1
0.071325
-0.00743
1
3
0
0
0
1
0.071325
-0.00743
1
0
0
0
1
0.071325
-0.00743
1
0
0
0
1
0.071325
-0.00743
1
2
0
0
0
1
0.071325
-0.00743
1
0
0
0
1
0.071325
-0.00743
1
2
0
0
0
1
0.071325
-0.00743
1
0
0
0
1
0.071325
-0.00743
1
2
0.34202
0
0
0.939692
0.053353
-0.99999
0.747957
0.461748
0
0
0.88701
0.03907
-1
0.547733
head
False
False
False
False
False
0.151
0.131
0.131
0
0
0
1
7
3
4
11
12
13
15
16
0
0
0
0
None
7
2
0.069756
0
0
0.997564
0
-0.42545
0.999996
0.026176
0
0
0.999657
0
-0.42545
0.999996
3
0.069756
0
0
0.997564
0
-0.42545
0.999996
0.069756
0
0
0.997564
0
-0.42545
0.999996
0.113203
0
0
0.993571
0
-0.78431
1.000015
3
0.069756
0
0
0.997564
0
-0.42545
0.999996
0.069756
0
0
0.997564
0
-0.42545
0.999996
0.069756
0
0
0.997564
0
-0.42545
0.999996
3
0.406736
0
0
0.913545
0
-0.42545
0.999996
-0.1908
0
0
0.981627
0
-0.42545
0.999996
-0.27563
0
0
0.961261
0
-0.42545
0.999996
2
0.069756
0
0
0.997564
0
-0.42545
0.999996
0.069756
0
0
0.997564
0
-0.42545
0.999996
2
-0.68835
0
0
0.725374
0
-0.42545
0.999996
-0.68835
0
0
0.725374
0
-0.42545
0.999996
2
0.069756
0
0
0.997564
0
-0.42545
0.999996
0.069756
0
0
0.997564
0
-0.42545
0.999996
nose
False
False
False
True
False
0.030999
0.051
0.031
0
0
0.02
2
0
0
0
0
0
None
7
2
-0.20797
-0.00212
-0.0012
0.978131
0.026195
-0.09805
0.999999
-0.20797
-0.00212
-0.0012
0.978131
0.026195
-0.09805
0.999999
3
-0.20797
-0.00212
-0.0012
0.978131
0.026195
-0.09805
0.999999
-0.20797
-0.00212
-0.0012
0.978131
0.026195
-0.09805
0.999999
-0.20797
-0.00212
-0.0012
0.978131
0.026195
-0.09805
0.999999
3
-0.20797
-0.00212
-0.0012
0.978131
0.026195
-0.09805
0.999999
-0.20797
-0.00212
-0.0012
0.978131
0.026195
-0.09805
0.999999
-0.20797
-0.00212
-0.0012
0.978131
0.026195
-0.09805
0.999999
3
-0.20797
-0.00212
-0.0012
0.978131
0.026195
-0.09805
0.999999
-0.20797
-0.00212
-0.0012
0.978131
0.026195
-0.09805
0.999999
-0.20797
-0.00212
-0.0012
0.978131
0.026195
-0.09805
0.999999
2
-0.20797
-0.00212
-0.0012
0.978131
0.026195
-0.09805
0.999999
-0.20797
-0.00212
-0.0012
0.978131
0.026195
-0.09805
0.999999
2
-0.20797
-0.00212
-0.0012
0.978131
0.026195
-0.09805
0.999999
-0.20797
-0.00212
-0.0012
0.978131
0.026195
-0.09805
0.999999
2
-0.20797
-0.00212
-0.0012
0.978131
0.026195
-0.09805
0.999999
-0.20797
-0.00212
-0.0012
0.978131
0.026195
-0.09805
0.999999
eyes
True
True
False
True
False
0.05
0.05
0.05
0
0
0.01
2
0
0
0
0
0
RegularEye
7
2
0
0
0
1
-0.67581
0.166685
0.999991
0
0
0
1
-0.67581
0.166685
0.999991
3
0
0
0
1
-0.67581
0.166685
0.999991
0
0
0
1
-0.67581
0.166685
0.999991
0
0
0
1
-0.67581
0.166685
0.999991
3
0
0
0
1
-0.67581
0.166685
0.999991
0
0
0
1
-0.67581
0.166685
0.999991
0
0
0
1
-0.67581
0.166685
0.999991
3
0
0
0
1
-0.67581
0.166685
0.999991
0
0
0
1
-0.67581
0.166685
0.999991
0
0
0
1
-0.67581
0.166685
0.999991
2
0
0
0
1
-0.67581
0.166685
0.999991
0
0
0
1
-0.67581
0.166685
0.999991
2
0
0
0
1
-0.67581
0.166685
0.999991
0
0
0
1
-0.67581
0.166685
0.999991
2
0
0
0
1
-0.67581
0.166685
0.999991
0
0
0
1
-0.67581
0.166685
0.999991
shoulder
False
True
True
False
False
0.061
0.081000
0.151
-0.06
0
0
0
1
7
0
-20
-23
0
None
7
2
-0.65605
0
0
0.754709
-1
0.031146
0.339146
-0.65356
0.065777
-0.05717
0.751837
-1
0.031146
0.339146
3
-0.51503
0
0
0.857167
-1
0.031146
0.339146
-0.82903
0
0
0.559193
-1
0.031146
0.339146
-0.51503
0
0
0.857167
-1
0.031146
0.339146
3
-0.65605
0
0
0.754709
-1
0.031146
0.339146
-0.65605
0
0
0.754709
-1
0.031146
0.339146
-0.65605
0
0
0.754709
-1
0.031146
0.339146
3
-0.10452
0
0
0.994522
-1
0.981818
0.469725
-0.94551
0
0
0.325568
-0.99999
-0.59142
0.53642
-0.99813
0
0
-0.06104
-0.99999
-0.59142
0.53642
2
-0.87461
0
0
0.484809
-1
0.031146
0.339146
-0.87461
0
0
0.484809
-1
0.031146
0.339146
2
-0.99965
0
0
0.026177
-1
0.031146
0.339146
-0.99965
0
0
0.026177
-1
0.031146
0.339146
2
-0.61976
0.134949
0.10928
-0.76533
-1
0.054868
0.962265
-0.43941
0.108098
0.135898
-0.88133
-0.99999
0.650902
0.801852
hip
False
True
True
False
False
0.091
0.081
0.161
0
0
-0.12
0
1
9
0
-20
-23
0
None
7
2
-0.76033
-0.09335
-0.07833
0.637996
-0.51203
0.018938
-1
-0.73178
-0.09668
-0.07418
0.670554
-0.51203
0.018938
-1
3
-0.60422
-0.10809
-0.05627
0.787439
-0.51203
0.018938
-1
-0.88039
-0.07418
-0.09668
0.458307
-0.51203
0.018938
-1
-0.81304
-0.08617
-0.08617
0.569301
-0.51203
0.018938
-1
3
-0.76033
-0.09335
-0.07833
0.637996
-0.51203
0.018938
-1
-0.76033
-0.09335
-0.07833
0.637996
-0.51203
0.018938
-1
-0.76033
-0.09335
-0.07833
0.637996
-0.51203
0.018938
-1
3
-0.89955
-0.0699
-0.09982
0.419468
-0.51203
0.018938
-1
-0.5693
-0.11045
-0.0515
0.813046
-0.51203
0.018938
-1
-0.53329
-0.11259
-0.04663
0.837105
-0.51203
0.018938
-1
2
-0.99901
-0.04323
0.007581
-0.00638
-0.51203
0.018938
-1
-0.99901
-0.04323
0.007581
-0.00638
-0.51203
0.018938
-1
2
-0.98405
-0.12082
0.015907
-0.12955
-0.51203
0.018938
-1
-0.98405
-0.12082
0.015907
-0.12955
-0.51203
0.018938
-1
2
-0.76033
-0.09335
-0.07833
0.637996
-0.51203
0.018938
-1
-0.76033
-0.09335
-0.07833
0.637996
-0.51203
0.018938
-1
arm
False
False
True
False
False
0.071
0.071
0.141
0
0
-0.12
5
1
8
0
-20
-23
0
None
7
2
-0.7071
0
0
0.707106
-0.03206
-0.1696
-0.99999
-0.7071
0
0
0.707106
-0.03206
-0.1696
-0.99999
3
-0.7071
0
0
0.707106
-0.03206
-0.1696
-0.99999
-0.88701
0
0
0.461748
-0.03206
-0.1696
-0.99999
-0.5
0
0
0.866025
-0.03206
-0.1696
-0.99999
3
-0.7071
0
0
0.707106
-0.03206
-0.1696
-0.99999
-0.7071
0
0
0.707106
-0.03206
-0.1696
-0.99999
-0.7071
0
0
0.707106
-0.03206
-0.1696
-0.99999
3
-0.7071
0
0
0.707106
-0.03206
-0.1696
-0.99999
-0.99619
0
0
-0.08715
-0.03206
-0.1696
-0.99999
-0.9063
0
0
-0.42261
-0.03206
-0.1696
-0.99999
2
-0.92121
-0.12708
0.272532
0.246839
-0.03206
-0.1696
-0.99999
-0.92121
-0.12708
0.272532
0.246839
-0.03206
-0.1696
-0.99999
2
-0.99904
0
0
-0.04361
-0.03206
-0.1696
-0.99999
-0.99904
0
0
-0.04361
-0.03206
-0.1696
-0.99999
2
-0.68301
0.183012
0.183012
-0.68301
-0.03206
-0.1696
-0.99999
-0.30791
0.167293
0.271078
-0.8965
-0.03206
-0.1696
-0.99999
hand
False
False
True
False
False
0.070999
0.071
0.091
0
-0.02
0
7
0
0
0
0
0
None
7
2
0
0
0
1
0.191295
0.428437
-1
0
0
0
1
0.191295
0.428437
-1
3
0
0
0
1
0.191295
0.428437
-1
0
0
0
1
0.191295
0.428437
-1
0
0
0
1
0.191295
0.428437
-1
3
0
0
0
1
0.191295
0.428437
-1
0
0
0
1
0.191295
0.428437
-1
0
0
0
1
0.191295
0.428437
-1
3
0
0
0
1
0.191295
0.428437
-1
-0.42261
0
0
0.906307
0.191295
0.428437
-1
-0.73727
0
0
0.67559
0.191295
0.428437
-1
2
0
0
0
1
0.191295
0.428437
-1
0
0
0
1
0.191295
0.428437
-1
2
-0.73727
0
0
0.67559
0.191295
0.428437
-1
-0.73727
0
0
0.67559
0.191295
0.428437
-1
2
-0.99619
0
0
0.087155
0.191295
0.428437
-1
-0.99619
0
0
0.087155
0.191295
0.428437
-1
leg
False
False
True
False
False
0.081000
0.071000
0.171
0
0
-0.1
6
1
10
0
-20
-23
0
None
7
2
-0.62157
-0.09844
-0.12157
0.767578
-0.06816
0
-1
-0.62157
-0.09844
-0.12157
0.767578
-0.06816
0
-1
3
-0.62157
-0.09844
-0.12157
0.767578
-0.06816
0
-1
-0.4407
-0.12242
-0.09738
0.883916
-0.06816
0
-1
-0.77297
-0.0698
-0.13999
0.61485
-0.06816
0
-1
3
-0.62157
-0.09844
-0.12157
0.767578
-0.06816
0
-1
-0.62157
-0.09844
-0.12157
0.767578
-0.06816
0
-1
-0.62157
-0.09844
-0.12157
0.767578
-0.06816
0
-1
3
-0.40172
-0.12655
-0.09194
0.902298
-0.06816
0
-1
-0.47884
-0.11806
-0.10263
0.863851
-0.06816
0
-1
-0.47884
-0.11806
-0.10263
0.863851
-0.06816
0
-1
2
-0.62157
-0.09844
-0.12157
0.767578
-0.06816
0
-1
-0.62157
-0.09844
-0.12157
0.767578
-0.06816
0
-1
2
-0.98584
-0.15614
-0.00955
0.060296
-0.06816
0
-1
-0.98584
-0.15614
-0.00955
0.060296
-0.06816
0
-1
2
-0.62157
-0.09844
-0.12157
0.767578
-0.06816
0
-1
-0.51606
-0.11347
-0.10768
0.842142
-0.06816
0
-1
foot
False
False
True
False
False
0.090998
0.031
0.131
0
0
0
9
0
0
-20
-23
0
None
7
2
0
-0.10452
0
0.994522
0.222271
-0.78581
-0.99999
0
-0.10452
0
0.994522
0.222271
-0.78581
-0.99999
3
0
-0.10452
0
0.994522
0.222271
-0.78581
-0.99999
0
-0.10452
0
0.994522
0.222271
-0.78581
-0.99999
0
-0.10452
0
0.994522
0.222271
-0.78581
-0.99999
3
0
-0.10452
0
0.994522
0.222271
-0.78581
-0.99999
0
-0.10452
0
0.994522
0.222271
-0.78581
-0.99999
0
-0.10452
0
0.994522
0.222271
-0.78581
-0.99999
3
0
-0.10452
0
0.994522
0.222271
-0.78581
-0.99999
0
-0.10452
0
0.994522
0.222271
-0.78581
-0.99999
0
-0.10452
0
0.994522
0.222271
-0.78581
-0.99999
2
0
-0.10452
0
0.994522
0.222271
-0.78581
-0.99999
0
-0.10452
0
0.994522
0.222271
-0.78581
-0.99999
2
-0.73323
-0.07061
0.077066
0.671889
0.222271
-0.78581
-0.99999
-0.73323
-0.07061
0.077066
0.671889
0.222271
-0.78581
-0.99999
2
0
-0.10452
0
0.994522
0.222271
-0.78581
-0.99999
0
-0.10452
0
0.994522
0.222271
-0.78581
-0.99999
ear
False
True
False
True
False
0.041
0.051
0.021
0
0
0
2
0
0
0
0
0
None
7
2
-0.10336
-0.04736
-0.01051
0.993459
-0.99999
-0.04731
-0.16568
-0.10336
-0.04736
-0.01051
0.993459
-0.99999
-0.04731
-0.16568
3
-0.10336
-0.04736
-0.01051
0.993459
-0.99999
-0.04731
-0.16568
-0.10336
-0.04736
-0.01051
0.993459
-0.99999
-0.04731
-0.16568
-0.10336
-0.04736
-0.01051
0.993459
-0.99999
-0.04731
-0.16568
3
-0.10336
-0.04736
-0.01051
0.993459
-0.99999
-0.04731
-0.16568
-0.10336
-0.04736
-0.01051
0.993459
-0.99999
-0.04731
-0.16568
-0.10336
-0.04736
-0.01051
0.993459
-0.99999
-0.04731
-0.16568
3
-0.10336
-0.04736
-0.01051
0.993459
-0.99999
-0.04731
-0.16568
-0.10336
-0.04736
-0.01051
0.993459
-0.99999
-0.04731
-0.16568
-0.10336
-0.04736
-0.01051
0.993459
-0.99999
-0.04731
-0.16568
2
-0.10336
-0.04736
-0.01051
0.993459
-0.99999
-0.04731
-0.16568
-0.10336
-0.04736
-0.01051
0.993459
-0.99999
-0.04731
-0.16568
2
-0.10336
-0.04736
-0.01051
0.993459
-0.99999
-0.04731
-0.16568
-0.10336
-0.04736
-0.01051
0.993459
-0.99999
-0.04731
-0.16568
2
-0.10336
-0.04736
-0.01051
0.993459
-0.99999
-0.04731
-0.16568
-0.10336
-0.04736
-0.01051
0.993459
-0.99999
-0.04731
-0.16568
snout
False
False
False
True
False
0.031
0.041
0.051
0
0
0
2
1
14
0
0
0
0
None
7
2
0
0
0
1
0.037591
-0.67489
0.999993
0
0
0
1
0.037591
-0.67489
0.999993
3
0
0
0
1
0.037591
-0.67489
0.999993
0
0
0
1
0.037591
-0.67489
0.999993
0
0
0
1
0.037591
-0.67489
0.999993
3
0
0
0
1
0.037591
-0.67489
0.999993
0
0
0
1
0.037591
-0.67489
0.999993
0
0
0
1
0.037591
-0.67489
0.999993
3
0
0
0
1
0.037591
-0.67489
0.999993
0
0
0
1
0.037591
-0.67489
0.999993
0
0
0
1
0.037591
-0.67489
0.999993
2
0
0
0
1
0.037591
-0.67489
0.999993
0
0
0
1
0.037591
-0.67489
0.999993
2
0
0
0
1
0.037591
-0.67489
0.999993
0
0
0
1
0.037591
-0.67489
0.999993
2
0
0
0
1
0.037591
-0.67489
0.999999
0
0
0
1
0.037591
-0.67489
0.999999
eyebrow
False
True
False
True
False
0.060999
0.021
0.021
0
0
0
2
0
6
0
0
0
None
7
2
0
0
-0.04361
0.999048
-0.56271
0.478989
0.999995
0
0
-0.04361
0.999048
-0.56271
0.478989
0.999995
3
0
0
-0.04361
0.999048
-0.56271
0.478989
0.999995
0
0
-0.04361
0.999048
-0.56271
0.478989
0.999995
0
0
-0.04361
0.999048
-0.56271
0.478989
0.999995
3
0
0
-0.04361
0.999048
-0.56271
0.478989
0.999995
0
0
-0.04361
0.999048
-0.56271
0.478989
0.999995
0
0
-0.04361
0.999048
-0.56271
0.478989
0.999995
3
0
0
-0.04361
0.999048
-0.56271
0.478989
0.999995
0
0
-0.04361
0.999048
-0.56271
0.478989
0.999995
0
0
-0.04361
0.999048
-0.56271
0.478989
0.999995
2
0
0
-0.04361
0.999048
-0.56271
0.478989
0.999995
0
0
-0.04361
0.999048
-0.56271
0.478989
0.999995
2
0
0
-0.04361
0.999048
-0.56271
0.478989
0.999995
0
0
-0.04361
0.999048
-0.56271
0.478989
0.999995
2
0
0
-0.04361
0.999048
-0.56271
0.478989
0.999995
0
0
-0.04361
0.999048
-0.56271
0.478989
0.999995
mouth
True
False
False
True
False
0.07
0.059999
0.05
0
0
0.01
12
0
0
0
0
0
poliMouth
7
2
0
0
0
1
0
-0.36109
0.999983
0
0
0
1
0
-0.36109
0.999983
3
0
0
0
1
0
-0.36109
0.999983
0
0
0
1
0
-0.36109
0.999983
0
0
0
1
0
-0.36109
0.999983
3
0
0
0
1
0
-0.36109
0.999983
0
0
0
1
0
-0.36109
0.999983
0
0
0
1
0
-0.36109
0.999983
3
0
0
0
1
0
-0.36109
0.999983
0
0
0
1
0
-0.36109
0.999983
0
0
0
1
0
-0.36109
0.999983
2
0
0
0
1
0
-0.36109
0.999983
0
0
0
1
0
-0.36109
0.999983
2
0
0
0
1
0
-0.36109
0.999983
0
0
0
1
0
-0.36109
0.999983
2
0
0
0
1
0
-0.36109
0.999983
0
0
0
1
0
-0.36109
0.999983
helmet
False
False
False
True
True
0.161
0.031
0.161
0
0
0
2
0
6
0
0
0
None
7
2
0
0
0
1
0
0.999996
0.383877
0
0
0
1
0
0.999996
0.383877
3
0
0
0
1
0
0.999996
0.383877
0
0
0
1
0
0.999996
0.383877
0
0
0
1
0
0.999996
0.383877
3
0
0
0
1
0
0.999996
0.383877
0
0
0
1
0
0.999996
0.383877
0
0
0
1
0
0.999996
0.383877
3
0
0
0
1
0
0.999996
0.383877
0
0
0
1
0
0.999996
0.383877
0
0
0
1
0
0.999996
0.383877
2
0
0
0
1
0
0.999996
0.383877
0
0
0
1
0
0.999996
0.383877
2
0
0
0
1
0
0.999996
0.383877
0
0
0
1
0
0.999996
0.383877
2
0
0
0
1
0
0.999996
0.383877
0
0
0
1
0
0.999996
0.383877
sideburn
False
True
False
True
False
0.021
0.091
0.051
0
0
0
2
0
6
0
0
0
None
7
2
0.382683
0
0
0.923879
-0.99999
0.384499
-0.68749
0.382683
0
0
0.923879
-0.99999
0.384499
-0.68749
3
0.382683
0
0
0.923879
-0.99999
0.384499
-0.68749
0.382683
0
0
0.923879
-0.99999
0.384499
-0.68749
0.382683
0
0
0.923879
-0.99999
0.384499
-0.68749
3
0.382683
0
0
0.923879
-0.99999
0.384499
-0.68749
0.382683
0
0
0.923879
-0.99999
0.384499
-0.68749
0.382683
0
0
0.923879
-0.99999
0.384499
-0.68749
3
0.382683
0
0
0.923879
-0.99999
0.384499
-0.68749
0.382683
0
0
0.923879
-0.99999
0.384499
-0.68749
0.382683
0
0
0.923879
-0.99999
0.384499
-0.68749
2
0.382683
0
0
0.923879
-0.99999
0.384499
-0.68749
0.382683
0
0
0.923879
-0.99999
0.384499
-0.68749
2
0.382683
0
0
0.923879
-0.99999
0.384499
-0.68749
0.382683
0
0
0.923879
-0.99999
0.384499
-0.68749
2
0.382683
0
0
0.923879
-0.99999
0.384499
-0.68749
0.382683
0
0
0.923879
-0.99999
0.384499
-0.68749
abs
False
False
False
True
False
0.090999
0.011
0.111
0
0
0
0
0
0
-20
3
0
None
7
2
0
0
0
1
0
-1
0.482394
0
0
0
1
0
-1
0.482394
3
0
0
0
1
0
-1
0.482394
0
0
0
1
0
-1
0.482394
0
0
0
1
0
-1
0.482394
3
0
0
0
1
0
-1
0.482394
0
0
0
1
0
-1
0.482394
0
0
0
1
0
-1
0.482394
3
0
0
0
1
0
-1
0.482394
0
0
0
1
0
-1
0.482394
0
0
0
1
0
-1
0.482394
2
0
0
0
1
0
-1
0.482394
0
0
0
1
0
-1
0.482394
2
0
0
0
1
0
-1
0.482394
0
0
0
1
0
-1
0.482394
2
0
0
0
1
0
-1
0.482394
0
0
0
1
0
-1
0.482394
tie-top
False
False
False
True
False
0.031
0.041000
0.041000
0
0
0
0
1
19
-10
2
0
0
None
7
2
0
0
0
1
0
-0.99999
0.813483
0
0
0
1
0
-0.99999
0.813483
3
0
0
0
1
0
-0.99999
0.813483
0
0
0
1
0
-0.99999
0.813483
0
0
0
1
0
-0.99999
0.813483
3
0
0
0
1
0
-0.99999
0.813483
0
0
0
1
0
-0.99999
0.813483
0
0
0
1
0
-0.99999
0.813483
3
0
0
0
1
0
-0.99999
0.813483
0
0
0
1
0
-0.99999
0.813483
0
0
0
1
0
-0.99999
0.813483
2
0
0
0
1
0
-0.99999
0.813483
0
0
0
1
0
-0.99999
0.813483
2
0
0
0
1
0
-0.99999
0.813483
0
0
0
1
0
-0.99999
0.813483
2
0
0
0
1
0
-0.99999
0.813483
0
0
0
1
0
-0.99999
0.813483
tie-bottom
False
False
False
False
False
0.051
0.131
0.011
0
-0.14
0
18
0
-10
2
0
0
None
7
2
0
0
0
1
0
-0.53613
-1.00002
0
0
0
1
0
-0.53613
-1.00002
3
0
0
0
1
0
-0.53613
-1.00002
0
0
0
1
0
-0.53613
-1.00002
0
0
0
1
0
-0.53613
-1.00002
3
0
0
0
1
0
-0.53613
-1.00002
0
0
0
1
0
-0.53613
-1.00002
0
0
0
1
0
-0.53613
-1.00002
3
0
0
0
1
0
-0.53613
-1.00002
0
0
0
1
0
-0.53613
-1.00002
0
0
0
1
0
-0.53613
-1.00002
2
0
0
0
1
0
-0.53613
-1.00002
0
0
0
1
0
-0.53613
-1.00002
2
-0.73727
0
0
0.67559
0
-0.53613
-1.00002
-0.73727
0
0
0.67559
0
-0.53613
-1.00002
2
0
0
0
1
0
-0.53613
-1.00002
0
0
0
1
0
-0.53613
-1.00002
