30
0.457612
0.627451
0.454902
0.698039
perk_disguise
false
0.015877
fluffy
dog
poodle
fofo
cadela
пудель
пушистый
собака
pudel
halus
anjing
caniche
esponjoso
perro
พุดเดิ้ล
ปุย
หมา
fofa
пушистая
esponjosa
F
F
M
пушистое
false
Sharp Tooth
Fur
Uncooked Meat
Bones
?
17
torso
False
False
False
False
False
0.131
0.081
0.341
0
0
0
-1
4
1
5
6
7
0
0
0
0
None
7
2
0
0
0
1
0
0
0
-0.03489
0
0
0.99939
0
0
0
3
-0.08715
0
0
0.996194
0
0
0
-0.08715
0
0
0.996194
0
0
0
0.087155
0
0
0.996194
0
0
0
3
0
0.104528
0
0.994522
0
0
0
0
0.104528
0
0.994522
0
0
0
0
-0.10452
0
0.994522
0
0
0
3
0.173648
0
0
0.984807
0
-0.18
-0.24
-0.13052
0
0
0.991444
0
0
0.24
0.087155
0
0
0.996194
0
0
0.36
2
-0.46174
0
0
0.88701
0
0.08
0.16
-0.5
0
0
0.866025
0
0.08
0.16
2
-0.99904
0
0
0.043619
0
-0.18
-0.4
-0.99904
0
0
0.043619
0
-0.2
-0.4
2
-0.25881
0
0
0.965925
0
0
0
-0.42261
0
0
0.906307
0
0
0
neck
False
False
False
True
False
0.050999
0.091000
0.131
0
0
0
0
1
2
0
0
0
0
None
7
2
-0.45399
0
0
0.891006
-0.02271
0.645319
0.999998
-0.45399
0
0
0.891006
-0.02271
0.9345
1.000001
3
-0.45399
0
0
0.891006
-0.02145
1
0.944618
-0.25881
0
0
0.965925
-0.02271
0.362022
0.999998
-0.45399
0
0
0.891006
-0.02145
1
0.944618
3
-0.45399
0
0
0.891006
-0.02271
0.645319
0.999998
-0.45399
0
0
0.891006
-0.02271
0.645319
0.999998
-0.45399
0
0
0.891006
-0.02271
0.645319
0.999998
3
-0.45399
0
0
0.891006
-0.02271
0.645319
0.999998
-0.20791
0
0
0.978147
-0.02271
-0.09442
0.999998
-0.20791
0
0
0.978147
-0.02271
-0.09442
0.999998
2
0.139173
0
0
0.990268
-0.02271
-0.44873
0.999998
0.139173
0
0
0.990268
-0.02271
-0.44873
0.999998
2
0.544639
0
0
0.83867
-0.02271
0.645319
0.999998
0.544639
0
0
0.83867
-0.02271
0.645319
0.999998
2
-0.45399
0
0
0.891006
-0.02271
0.645319
0.999998
0.224951
0
0
0.97437
-0.02271
-0.34505
0.999998
head
False
False
False
False
False
0.101
0.121
0.091
0
0
0
1
4
3
4
12
14
0
0
0
0
None
7
2
0.034899
0
0
0.99939
0
0.047567
1.000008
-0.05233
0
0
0.998629
0
0.163796
1.000007
3
0.034899
0
0
0.99939
0
0.047567
1.000008
0.034899
0
0
0.99939
0
0.047567
1.000008
0.034899
0
0
0.99939
0
0.047567
1.000008
3
0.034899
0
0
0.99939
0
0.047567
1.000008
0.034899
0
0
0.99939
0
0.047567
1.000008
0.034899
0
0
0.99939
0
0.047567
1.000008
3
0.700909
0
0
0.71325
0
-0.06307
1.000002
0.492423
0
0
0.870355
0
-0.66197
1.000009
0.492423
0
0
0.870355
0
0.087767
1.000003
2
0.121869
0
0
0.992546
0
0.047567
1.000008
0.121869
0
0
0.992546
0
0.047567
1.000008
2
-0.99939
0
0
0.034899
0
0.047567
1.000008
-0.99939
0
0
0.034899
0
0.047567
1.000008
2
0.034899
0
0
0.99939
0
0.047567
1.000008
0.034899
0
0
0.99939
0
0.047567
1.000008
snout
False
False
False
True
False
0.051
0.051
0.061
0
0
0.02
2
2
15
16
0
0
0
0
None
7
2
0
-0.00232
0
0.999997
0.026194
-0.46366
1.000011
0
-0.00232
0
0.999997
0.026194
-0.46366
1.000011
3
0
-0.00232
0
0.999997
0.026194
-0.46366
1.000011
0
-0.00232
0
0.999997
0.026194
-0.46366
1.000011
0
-0.00232
0
0.999997
0.026194
-0.46366
1.000011
3
0
-0.00232
0
0.999997
0.026194
-0.46366
1.000011
0
-0.00232
0
0.999997
0.026194
-0.46366
1.000011
0
-0.00232
0
0.999997
0.026194
-0.46366
1.000011
3
0
-0.00232
0
0.999997
0.026194
-0.46366
1.000011
0
-0.00232
0
0.999997
0.026194
-0.46366
1.000011
0
-0.00232
0
0.999997
0.026194
-0.46366
1.000011
2
0
-0.00232
0
0.999997
0.026194
-0.46366
1.000011
0
-0.00232
0
0.999997
0.026194
-0.46366
1.000011
2
0
-0.00232
0
0.999997
0.026194
-0.46366
1.000011
0
-0.00232
0
0.999997
0.026194
-0.46366
1.000011
2
0
-0.00232
0
0.999997
0.026194
-0.46366
1.000011
0
-0.00232
0
0.999997
0.026194
-0.46366
1.000011
eyes
True
True
False
True
False
0.06
0.06
0.05
0
0
0.01
2
0
0
0
0
0
DerpyEye
7
2
0
-0.12186
0
0.992546
-0.75788
0.129183
1.000006
0
-0.12186
0
0.992546
-0.75788
0.129183
1.000006
3
0
-0.12186
0
0.992546
-0.75788
0.129183
1.000006
0
-0.12186
0
0.992546
-0.75788
0.129183
1.000006
0
-0.12186
0
0.992546
-0.75788
0.129183
1.000006
3
0
-0.12186
0
0.992546
-0.75788
0.129183
1.000006
0
-0.12186
0
0.992546
-0.75788
0.129183
1.000006
0
-0.12186
0
0.992546
-0.75788
0.129183
1.000006
3
0
-0.12186
0
0.992546
-0.75788
0.129183
1.000006
0
-0.12186
0
0.992546
-0.75788
0.129183
1.000006
0
-0.12186
0
0.992546
-0.75788
0.129183
1.000006
2
0
-0.12186
0
0.992546
-0.75788
0.129183
1.000006
0
-0.12186
0
0.992546
-0.75788
0.129183
1.000006
2
0
-0.12186
0
0.992546
-0.75788
0.129183
1.000006
0
-0.12186
0
0.992546
-0.75788
0.129183
1.000006
2
0
-0.12186
0
0.992546
-0.75788
0.129183
1.000006
0
-0.12186
0
0.992546
-0.75788
0.129183
1.000006
shoulder
False
True
True
False
False
0.121
0.141
0.141
0
0
0
0
1
8
0
-7
9
0
None
7
2
-0.65605
0
0
0.754709
-1
-0.10655
0.599945
-0.60181
0
0
0.798635
-1
-0.82537
0.532033
3
-0.57357
0
0
0.819152
-1
-0.4397
0.373152
-0.65605
0
0
0.754709
-1
0.035542
0.501874
-0.76604
0
0
0.642787
-1
-0.72316
0.648741
3
-0.64967
0.105035
-0.0913
0.747364
-1
-0.10655
0.599945
-0.65605
0
0
0.754709
-1
-0.10655
0.599945
-0.65605
0
0
0.754709
-1
-0.10655
0.599945
3
-0.47715
0
0
0.878817
-1
0.341996
0.435252
-0.71933
0
0
0.694658
-1
-0.10655
0.599945
-0.82903
0
0
0.559193
-1
-0.10655
0.599945
2
-0.61718
-0.09468
0.089848
0.775912
-1
-0.10655
0.599945
-0.61718
-0.09468
0.089848
0.775912
-1
-0.10655
0.599945
2
-0.7547
0
0
-0.65605
-1
-0.10655
0.599945
-0.7547
0
0
-0.65605
-1
-0.10655
0.599945
2
-0.89879
0
0
-0.43837
-1
-0.10655
0.599945
-0.7547
0
0
-0.65605
-1
0.350331
0.454085
hip
False
True
True
False
False
0.051
0.101
0.151
0
0
0
0
1
10
0
-7
9
0
None
7
2
-0.4076
0.00403
-0.06272
0.910994
-1
-0.68574
-0.71863
-0.51558
0.011644
-0.06176
0.85453
-1
-0.92589
-0.71863
3
-0.65613
0.022192
-0.0588
0.752017
-1
-0.54833
-0.52628
-0.84733
0.038415
-0.04974
0.527321
-1
-0.43283
-0.34194
-0.4076
0.00403
-0.06272
0.910994
-1
-0.68574
-0.71863
3
-0.39277
0.146491
-0.12571
0.899148
-1
-0.93867
-0.71861
-0.4076
0.00403
-0.06272
0.910994
-1
-0.15003
-0.71865
-0.41173
-0.18546
0.023393
0.891925
-0.9931
-1
-0.82085
3
-0.4076
0.00403
-0.06272
0.910994
-0.85296
-1
-0.66807
-0.36747
0.00129
-0.06283
0.927907
-1
-0.99079
-0.76964
-0.36747
0.00129
-0.06283
0.927907
-1
-0.99079
-0.76964
2
-0.98638
0.060083
-0.15291
0.007815
-1
-0.36706
-0.58424
-0.98638
0.060083
-0.15291
0.007815
-1
-0.36706
-0.58424
2
-0.91099
-0.06272
-0.00403
-0.4076
-1
-0.68574
-0.71863
-0.91099
-0.06272
-0.00403
-0.4076
-1
-0.68574
-0.71863
2
-0.4076
0.00403
-0.06272
0.910994
-1
-0.68574
-0.71863
-0.4076
0.00403
-0.06272
0.910994
-1
-0.68574
-0.71863
tail
False
False
False
False
False
0.031
0.031
0.091
0
0
0.06
0
1
13
0
0
0
0
None
7
2
-0.92541
-0.05939
0.163175
0.336824
0.035806
0.858975
-0.99999
-0.91177
0.082742
-0.22733
0.33186
0.035806
0.858975
-0.99999
3
-0.92541
-0.05939
0.163175
0.336824
0.035806
0.858975
-0.99999
-0.91658
0.073558
-0.23063
0.318214
0.035806
0.858975
-0.99999
-0.92541
-0.05939
0.163175
0.336824
0.035806
0.858975
-0.99999
3
-0.92541
-0.05939
0.163175
0.336824
0.035806
0.858975
-0.99999
-0.92812
0.053503
-0.147
0.337809
0.035806
0.858975
-0.99999
-0.89341
-0.06022
-0.36201
0.25907
0.035806
0.858975
-0.99999
3
-0.92541
-0.05939
0.163175
0.336824
0.035806
0.858975
-0.99999
-0.92541
-0.05939
0.163175
0.336824
0.035806
0.858975
-0.99999
-0.92541
-0.05939
0.163175
0.336824
0.035806
0.858975
-0.99999
2
-0.92541
-0.05939
0.163175
0.336824
0.035806
0.858975
-0.99999
-0.92541
-0.05939
0.163175
0.336824
0.035806
0.858975
-0.99999
2
0.171009
0.111618
0.133022
-0.96984
0.035806
0.858975
-0.99999
0.171009
0.111618
0.133022
-0.96984
0.035806
0.858975
-0.99999
2
-0.92541
-0.05939
0.163175
0.336824
0.035806
0.858975
-0.99999
-0.92541
-0.05939
0.163175
0.336824
0.035806
0.858975
-0.99999
arm
False
False
True
False
False
0.041
0.051
0.121
0
0
-0.1
5
1
9
0
0
0
0
None
7
2
-0.69465
0
0
0.719339
-0.13372
-0.09521
-0.99999
-0.69465
0
0
0.719339
-0.13781
0
-1
3
-0.55919
0
0
0.829037
-0.13373
0.05622
-0.99999
-0.52991
0
0
0.848048
-0.13372
-0.09521
-0.99999
-0.79863
0
0
0.601814
-0.13375
-0.34675
-1
3
-0.68189
0.137256
-0.13254
0.706123
-0.13372
-0.09521
-0.99999
-0.54463
0
0
0.83867
-0.13372
-0.09521
-0.99999
-0.6841
-0.12491
0.120626
0.708411
-0.13372
-0.09521
-0.99999
3
-0.89879
0
0
0.43837
-0.13372
-0.09521
-0.99999
-0.69465
0
0
0.719339
-0.13372
-0.09521
-0.99999
-0.98162
0
0
0.190808
-0.13372
-0.09521
-0.99999
2
-0.69465
0
0
0.719339
-0.13372
-0.09521
-0.99999
-0.69465
0
0
0.719339
-0.13372
-0.09521
-0.99999
2
-0.71933
0
0
-0.69465
-0.13372
-0.09521
-0.99999
-0.71933
0
0
-0.69465
-0.13372
-0.09521
-0.99999
2
-0.51503
0
0
-0.85716
-0.13372
-0.09521
-0.99999
-0.27563
0
0
-0.96126
-0.13372
-0.09521
-0.99999
hand
False
False
True
False
False
0.041
0.031
0.041
0
-0.02
0
8
0
0
1
-3
0
None
7
2
0
0
0
1
0.191498
-0.41204
-1
0
0
0
1
0.191498
-0.41204
-1
3
0
0
0
1
0.191498
-0.41204
-1
0.241921
0
0
0.970295
0.191498
-0.41204
-1
0.241921
0
0
0.970295
0.191498
-0.41204
-1
3
0
0
0
1
0.191498
-0.41204
-1
0
0
0
1
0.191498
-0.41204
-1
0
0
0
1
0.191498
-0.41204
-1
3
0
0
0
1
0.191498
-0.41204
-1
0
0
0
1
0.191498
-0.41204
-1
0
0
0
1
0.191498
-0.41204
-1
2
0
0
0
1
0.191498
-0.41204
-1
0
0
0
1
0.191498
-0.41204
-1
2
-1
0
0
0
0.191498
-0.41204
-1
-1
0
0
0
0.191498
-0.41204
-1
2
-0.93969
0
0
-0.34202
0.191498
-0.41204
-1
-0.93969
0
0
-0.34202
0.191498
-0.41204
-1
leg
False
False
True
False
False
0.041
0.051
0.141
0
0
-0.12
6
1
11
0
0
0
0
None
7
2
-0.69465
0
0
0.719339
-0.04329
0
-0.99999
-0.69465
0
0
0.719339
-0.04329
0
-0.99999
3
-0.39067
-0.00792
0.01555
0.920364
-0.04329
0
-0.99999
-0.74314
0
0
0.66913
-0.04329
0
-0.99999
-0.39073
0
0
0.920504
-0.04329
0
-0.99999
3
-0.67947
0.149559
-0.14442
0.70362
-0.04329
0
-0.99999
-0.4848
0
0
0.874619
-0.04329
0
-0.99999
-0.67947
-0.14955
0.144427
0.70362
-0.04329
0
-0.99999
3
-0.69465
0
0
0.719339
-0.04329
0
-0.99999
-0.44619
0
0
0.894934
-0.04329
0
-0.99999
-0.44619
0
0
0.894934
-0.04329
0
-0.99999
2
-0.99604
0.001521
-0.08714
0.017385
-0.04323
0.356113
-0.99999
-0.99604
0.001521
-0.08714
0.017385
-0.04323
0.356113
-0.99999
2
-0.71933
0
0
-0.69465
-0.04329
0
-0.99999
-0.71933
0
0
-0.69465
-0.04329
0
-0.99999
2
-0.69465
0
0
0.719339
-0.04329
0
-0.99999
-0.69465
0
0
0.719339
-0.04329
0
-0.99999
foot
False
False
True
False
False
0.041
0.031
0.040999
0
0
0
10
0
0
1
-3
0
None
7
2
0
0
0
1
0.016868
-0.47627
-1.00001
0
0
0
1
0.016868
-0.47627
-1.00001
3
0
0
0
1
0.016868
-0.47627
-1.00001
0
0
0
1
0.016868
-0.47627
-1.00001
0
0
0
1
0.016868
-0.47627
-1.00001
3
0
0
0
1
0.016868
-0.47627
-1.00001
0
0
0
1
0.016868
-0.47627
-1.00001
0
0
0
1
0.016868
-0.47627
-1.00001
3
0
0
0
1
0.016868
-0.47627
-1.00001
0
0
0
1
0.016868
-0.47627
-1.00001
0
0
0
1
0.016868
-0.47627
-1.00001
2
-0.64217
-0.02803
0.033414
0.765315
0.016868
-0.47627
-1.00001
-0.64217
-0.02803
0.033414
0.765315
0.016868
-0.47627
-1.00001
2
-1
0
0
0
0.016868
-0.47627
-1.00001
-1
0
0
0
0.016868
-0.47627
-1.00001
2
0
0
0
1
0.016868
-0.47627
-1.00001
0
0
0
1
0.016868
-0.47627
-1.00001
ear
False
True
False
True
False
0.070999
0.141
0.091
-0.02
0
0
2
0
0
-7
9
0
None
7
2
-0.01745
0
0.034894
0.999238
-0.99997
-0.60801
-0.22382
-0.01745
0
0.034894
0.999238
-0.99997
-0.60801
-0.22382
3
-0.01745
0
0.034894
0.999238
-0.99997
-0.60801
-0.22382
-0.01745
0
0.034894
0.999238
-0.99997
-0.60801
-0.22382
-0.01745
0
0.034894
0.999238
-0.99997
-0.60801
-0.22382
3
-0.01745
0
0.034894
0.999238
-0.99997
-0.60801
-0.22382
-0.01745
0
0.034894
0.999238
-0.99997
-0.60801
-0.22382
-0.01745
0
0.034894
0.999238
-0.99997
-0.60801
-0.22382
3
-0.01745
0
0.034894
0.999238
-0.99997
-0.60801
-0.22382
-0.01745
0
0.034894
0.999238
-0.99997
-0.60801
-0.22382
-0.01745
0
0.034894
0.999238
-0.99997
-0.60801
-0.22382
2
-0.01745
0
0.034894
0.999238
-0.99997
-0.60801
-0.22382
-0.01745
0
0.034894
0.999238
-0.99997
-0.60801
-0.22382
2
-0.01745
0
0.034894
0.999238
-0.99997
-0.60801
-0.22382
-0.01745
0
0.034894
0.999238
-0.99997
-0.60801
-0.22382
2
-0.01745
0
0.034894
0.999238
-0.99997
-0.60801
-0.22382
-0.01745
0
0.034894
0.999238
-0.99997
-0.60801
-0.22382
tailext
False
False
False
True
False
0.061
0.051000
0.091000
0
0
0.02
7
0
0
-7
9
0
None
7
2
0.224951
0
0
0.97437
0.179562
-0.51907
0.999997
0.224951
0
0
0.97437
0.179562
-0.51907
0.999997
3
0.224951
0
0
0.97437
0.179562
-0.51907
0.999997
0.224951
0
0
0.97437
0.179562
-0.51907
0.999997
0.224951
0
0
0.97437
0.179562
-0.51907
0.999997
3
0.224951
0
0
0.97437
0.179562
-0.51907
0.999997
0.224951
0
0
0.97437
0.179562
-0.51907
0.999997
0.224951
0
0
0.97437
0.179562
-0.51907
0.999997
3
0.224951
0
0
0.97437
0.179562
-0.51907
0.999997
0.224951
0
0
0.97437
0.179562
-0.51907
0.999997
0.224951
0
0
0.97437
0.179562
-0.51907
0.999997
2
0.224951
0
0
0.97437
0.179562
-0.51907
0.999997
0.224951
0
0
0.97437
0.179562
-0.51907
0.999997
2
0.224951
0
0
0.97437
0.179562
-0.51907
0.999997
0.224951
0
0
0.97437
0.179562
-0.51907
0.999997
2
0.224951
0
0
0.97437
0.179562
-0.51907
0.999997
0.224951
0
0
0.97437
0.179562
-0.51907
0.999997
mane
False
False
False
True
True
0.161
0.151
0.171
0
0
0
2
0
0
-7
9
0
None
7
2
0.087155
0
0
0.996194
0.150844
0.211494
-0.99999
0.069756
0
0
0.997564
0.150844
0.211494
-0.99999
3
0.087155
0
0
0.996194
0.150844
0.211494
-0.99999
0.087155
0
0
0.996194
0.150844
0.211494
-0.99999
0.087155
0
0
0.996194
0.150844
0.211494
-0.99999
3
0.087155
0
0
0.996194
0.150844
0.211494
-0.99999
0.087155
0
0
0.996194
0.150844
0.211494
-0.99999
0.087155
0
0
0.996194
0.150844
0.211494
-0.99999
3
0.087155
0
0
0.996194
0.150844
0.211494
-0.99999
0.087155
0
0
0.996194
0.150844
0.211494
-0.99999
0.087155
0
0
0.996194
0.150844
0.211494
-0.99999
2
0.087155
0
0
0.996194
0.150844
0.211494
-0.99999
0.087155
0
0
0.996194
0.150844
0.211494
-0.99999
2
0.087155
0
0
0.996194
0.150844
0.211494
-0.99999
0.087155
0
0
0.996194
0.150844
0.211494
-0.99999
2
0.087155
0
0
0.996194
0.150844
0.211494
-0.99999
0.087155
0
0
0.996194
0.150844
0.211494
-0.99999
mouth
True
False
False
True
False
0.07
0.06
0.05
0
0
0.01
3
0
0
0
0
0
BulldogMouth
7
2
0
0
0
1
-0.20039
-0.02125
0.999984
0
0
0
1
-0.20039
-0.02125
0.999984
3
0
0
0
1
-0.20039
-0.02125
0.999984
0
0
0
1
-0.20039
-0.02125
0.999984
0
0
0
1
-0.20039
-0.02125
0.999984
3
0
0
0
1
-0.20039
-0.02125
0.999984
0
0
0
1
-0.20039
-0.02125
0.999984
0
0
0
1
-0.20039
-0.02125
0.999984
3
0
0
0
1
-0.20039
-0.02125
0.999984
0
0
0
1
-0.20039
-0.02125
0.999984
0
0
0
1
-0.20039
-0.02125
0.999984
2
0
0
0
1
-0.20039
-0.02125
0.999984
0
0
0
1
-0.20039
-0.02125
0.999984
2
0
0
0
1
-0.20039
-0.02125
0.999984
0
0
0
1
-0.20039
-0.02125
0.999984
2
0
0
0
1
-0.20039
-0.02125
0.999984
0
0
0
1
-0.20039
-0.02125
0.999984
snouttip
False
False
False
False
False
0.031
0.021
0.021
0
0
-0.02
3
0
0
5
-11
0
None
7
2
0
0
0
1
-0.08363
0.870982
0.999987
0
0
0
1
-0.08363
0.870982
0.999987
3
0
0
0
1
-0.08363
0.870982
0.999987
0
0
0
1
-0.08363
0.870982
0.999987
0
0
0
1
-0.08363
0.870982
0.999987
3
0
0
0
1
-0.08363
0.870982
0.999987
0
0
0
1
-0.08363
0.870982
0.999987
0
0
0
1
-0.08363
0.870982
0.999987
3
0
0
0
1
-0.08363
0.870982
0.999987
0
0
0
1
-0.08363
0.870982
0.999987
0
0
0
1
-0.08363
0.870982
0.999987
2
0
0
0
1
-0.08363
0.870982
0.999987
0
0
0
1
-0.08363
0.870982
0.999987
2
-1
0
0
0
-0.08363
0.870982
0.999987
-1
0
0
0
-0.08363
0.870982
0.999987
2
0
0
0
1
-0.08363
0.870982
0.999987
0
0
0
1
-0.08363
0.870982
0.999987
