30
0.387462
0.831372
0.811764
0.8
perk_summon_big_momma
false
0.893228
northern
swooper
papagaio
do norte
mergulhadora
тупик
северный
водолаз
puffin
utara
penyelam
frailecillo
Norteño
buceador
พัฟฟิน
ภาคเหนือ
นักดำน้ำ
do norte
северная
Norteña
F
M
M
севернoe
false
Feathers
Uncooked Meat
Bones
?
?
13
torso
False
False
False
False
False
0.161
0.101
0.171
0
0
0
-1
4
1
5
6
7
0
0
0
0
None
7
2
-0.47715
0
0
0.878817
0
0
0
-0.51503
0
0
0.857167
0
0
0
3
-0.58778
0
0
0.809016
0
0
0
-0.47715
0
0
0.878817
0
0
0
-0.47715
0
0
0.878817
0
0
0
3
-0.10374
0.121201
-0.01273
0.987108
0
0
0
-0.10452
0
0
0.994522
0
0
0
-0.10324
-0.15557
0.016351
0.982277
0
0
0
3
0.026177
0
0
0.999657
0
0
-0.16
-0.27563
0
0
0.961261
0
0
0.26
0.069756
0
0
0.997564
0
-0.16
0
2
-0.65605
0
0
0.754709
0
-0.16
0.18
-0.68835
0
0
0.725374
0
-0.14
0.18
2
-0.99965
0
0
0.026176
0
-0.24
-0.4
-0.99965
0
0
0.026176
0
-0.26
-0.4
2
-0.1908
0
0
0.981627
0
0
0
-0.3173
0
0
0.948323
0
0
0
neck
False
False
False
True
False
0.080999
0.080999
0.141
0
0
0.04
0
1
2
0
0
-19
0
None
7
2
-0.18223
0
0
0.983255
0
0.246767
1.000001
-0.22495
0
0
0.97437
0
0.246767
1.000001
3
0.165047
0
0
0.986285
0
0.246767
1.000001
-0.18223
0
0
0.983255
0
0.246767
1.000001
0.121869
0
0
0.992546
0
0.246767
1.000001
3
-0.61566
0
0
0.78801
0
0.999999
0.757601
-0.3746
0
0
0.927183
0
0.999999
0.757601
-0.61566
0
0
0.78801
0
0.999999
0.757601
3
-0.18223
0
0
0.983255
0
0.246767
1.000001
-0.18223
0
0
0.983255
0
0.246767
1.000001
-0.18223
0
0
0.983255
0
0.246767
1.000001
2
-0.18223
0
0
0.983255
0
0.246767
1.000001
-0.18223
0
0
0.983255
0
0.246767
1.000001
2
-0.18223
0
0
0.983255
0
0.246767
1.000001
-0.18223
0
0
0.983255
0
0.246767
1.000001
2
-0.05233
0
0
0.998629
0
0.484484
1.000003
0.078459
0
0
0.996917
0
0.213475
1.000004
head
False
False
False
False
False
0.101
0.101
0.091000
0
-0.02
0.06
1
4
3
4
10
12
0
0
0
0
None
7
2
0.043619
0
0
0.999048
0
-0.07828
1.000005
0.043619
0
0
0.999048
0
-0.07828
1.000005
3
-0.13052
0
0
0.991444
0
-0.07828
1.000005
0.043619
0
0
0.999048
0
-0.07828
1.000005
0.043619
0
0
0.999048
0
-0.07828
1.000005
3
-0.08418
0.022557
0.257834
0.96225
0
-0.35308
1
-0.05502
-0.0204
0.019902
0.998078
0
-0.35308
1
-0.08456
-0.02108
-0.241
0.966603
0
-0.35308
1
3
0.642787
0
0
0.766044
0
-0.07828
1.000005
0.043619
0
0
0.999048
0
-0.07828
1.000005
0.216439
0
0
0.976295
0
-0.07828
1.000005
2
0.087155
0
0
0.996194
0
-0.07828
1.000005
0.087155
0
0
0.996194
0
-0.07828
1.000005
2
-0.84339
0
0
0.537299
0
-0.07828
1.000005
-0.84339
0
0
0.537299
0
-0.07828
1.000005
2
-0.08418
0.022557
0.257834
0.96225
0
-0.35308
1
-0.08418
0.022557
0.257834
0.96225
0
-0.35308
1
snout
False
False
False
True
False
0.051
0.091000
0.061
0
0
0.04
2
0
0
32
3
0
puffinNose
7
2
0
-0.00232
0
0.999997
0.026202
-0.18091
1.000002
0
-0.00232
0
0.999997
0.026202
-0.18091
1.000002
3
0
-0.00232
0
0.999997
0.026202
-0.18091
1.000002
0
-0.00232
0
0.999997
0.026202
-0.18091
1.000002
0
-0.00232
0
0.999997
0.026202
-0.18091
1.000002
3
0.173585
-0.00241
0
0.984815
0.026198
-0.64649
0.999998
0.173585
-0.00241
0
0.984815
0.026198
-0.64649
0.999998
0.173585
-0.00241
0
0.984815
0.026198
-0.64649
0.999998
3
0
-0.00232
0
0.999997
0.026202
-0.18091
1.000002
0
-0.00232
0
0.999997
0.026202
-0.18091
1.000002
0
-0.00232
0
0.999997
0.026202
-0.18091
1.000002
2
0
-0.00232
0
0.999997
0.026202
-0.18091
1.000002
0
-0.00232
0
0.999997
0.026202
-0.18091
1.000002
2
0
-0.00232
0
0.999997
0.026202
-0.18091
1.000002
0
-0.00232
0
0.999997
0.026202
-0.18091
1.000002
2
0.173585
-0.00241
0
0.984815
0.026198
-0.64649
0.999998
0.173585
-0.00241
0
0.984815
0.026198
-0.64649
0.999998
eyes
True
True
False
True
False
0.05
0.059999
0.05
0
0
0.03
2
0
0
0
0
0
BlackEye
7
2
0.019941
-0.14804
-0.02021
0.988573
-0.94308
0.194155
0.999994
0.019041
-0.19102
-0.02106
0.981174
-0.92034
0.191724
1.00001
3
0.016129
-0.31745
-0.02336
0.947846
-0.99999
0.19842
0.978213
0.016129
-0.31745
-0.02336
0.947846
-0.99999
0.19842
0.978213
0.016129
-0.31745
-0.02336
0.947846
-0.99999
0.19842
0.978213
3
-0.01713
-0.19077
0.00333
0.981477
-0.99999
0.065221
0.97827
-0.01713
-0.19077
0.00333
0.981477
-0.99999
0.065221
0.97827
-0.01713
-0.19077
0.00333
0.981477
-0.99999
0.065221
0.97827
3
0.016129
-0.31745
-0.02336
0.947846
-0.99999
0.19842
0.978213
0.016129
-0.31745
-0.02336
0.947846
-0.99999
0.19842
0.978213
0.016129
-0.31745
-0.02336
0.947846
-0.99999
0.19842
0.978213
2
0.019941
-0.14804
-0.02021
0.988573
-0.94638
0.194509
0.999997
0.019941
-0.14804
-0.02021
0.988573
-0.93324
0.193101
1.000007
2
0.016129
-0.31745
-0.02336
0.947846
-0.99999
0.19842
0.978213
0.016129
-0.31745
-0.02336
0.947846
-0.99999
0.19842
0.978213
2
-0.01713
-0.19077
0.00333
0.981477
-0.99999
0.065221
0.97827
-0.01713
-0.19077
0.00333
0.981477
-0.99999
0.065221
0.97827
shoulder
False
True
False
False
False
0.051
0.031000
0.091000
0
0
-0.06
0
1
11
0
0
-19
0
None
7
2
-0.90104
0.043618
0
0.431525
-1
0.8043
0.689819
-0.89655
0.203147
-0.02325
0.392916
-1
0.8043
0.689819
3
-0.80914
0.550091
0.028928
0.204574
-1
0.8043
0.689819
-0.99429
0.040787
0.015469
0.097325
-1
0.8043
0.689819
-0.99839
0.003538
0.046812
-0.03155
-1
0.729598
0.193768
3
-0.73554
0.275868
0.175393
0.593387
-1
0.339387
0.492666
-0.73622
0.354532
-0.19725
0.541637
-1
0.339387
0.492666
-0.77353
0.150359
0.117473
0.60435
-1
0.339387
0.492666
3
-0.90104
0.043618
0
0.431525
-1
0.521868
0.139563
-0.45956
0.820819
0.019459
0.338641
-1
0.8043
0.689819
-0.90104
0.043618
0
0.431525
-1
0.8043
0.689819
2
-0.90104
0.043618
0
0.431525
-1
0.8043
0.689819
-0.90104
0.043618
0
0.431525
-1
0.8043
0.689819
2
-0.82423
0.022317
-0.03748
-0.56456
-1
0.8043
0.689819
-0.82423
0.022317
-0.03748
-0.56456
-1
0.8043
0.689819
2
-0.655
0.27658
0.191692
-0.67655
-0.99999
0.858454
0.492665
-0.34623
0.182169
0.282943
-0.87571
-0.7607
0.999996
0.260067
hip
False
True
True
False
False
0.051
0.071000
0.051000
0
0
0
0
1
8
0
0
0
0
None
7
2
-0.68871
-0.09067
-0.09389
0.713185
-0.54341
-0.53738
-0.99999
-0.68871
-0.09067
-0.09389
0.713185
-0.54341
-0.53738
-0.99999
3
-0.58973
-0.10215
-0.08125
0.796979
-0.5434
-0.15229
-1
-0.82675
-0.06819
-0.11129
0.547214
-0.54341
-0.53738
-0.99999
-0.58973
-0.10215
-0.08125
0.796979
-0.54341
-0.53738
-0.99999
3
-0.5523
0.12969
-0.08747
0.81883
-0.79088
-0.99999
-0.5072
-0.55919
0
0
0.829037
-1
-0.65165
-0.64129
-0.5523
-0.12969
0.087477
0.81883
-0.79088
-0.99999
-0.5072
3
-0.68871
-0.09067
-0.09389
0.713185
-0.40675
-0.99999
-0.80286
-0.5544
-0.10559
-0.07672
0.821945
-0.54341
-0.53738
-0.99999
-0.68871
-0.09067
-0.09389
0.713185
-0.54341
-0.53738
-0.99999
2
-0.98601
-0.0091
-0.1302
0.103633
-0.54358
-0.90245
-1
-0.98601
-0.0091
-0.1302
0.103633
-0.54358
-0.90245
-1
2
-0.96199
-0.12664
0.031577
-0.23985
-0.54341
-0.53738
-0.99999
-0.96199
-0.12664
0.031577
-0.23985
-0.54341
-0.53738
-0.99999
2
-0.55919
0
0
0.829037
-0.79088
-0.99999
-0.5072
-0.55919
0
0
0.829037
-0.79088
-0.99999
-0.5072
tail
False
False
False
False
False
0.161
0.071001
0.111003
0
0
0.06
0
0
0
0
0
0
None
7
2
-0.99691
0
0
-0.07845
0.034545
0.999991
-0.96478
-0.99691
0
0
-0.07845
0.034545
0.999991
-0.96478
3
-0.99691
0
0
-0.07845
0.034545
0.999991
-0.96478
-0.98325
0
0
0.182235
0.034545
0.999991
-0.96478
-0.99691
0
0
-0.07845
0.034545
0.999991
-0.96478
3
-0.83867
0
0
0.544639
0.031321
1.000004
-0.87474
-0.83867
0
0
0.544639
0.031321
1.000004
-0.87474
-0.83867
0
0
0.544639
0.031321
1.000004
-0.87474
3
-0.99691
0
0
-0.07845
0.03581
0.355815
-1
-0.92718
0
0
-0.3746
0.035805
0.468557
-1
-0.99691
0
0
-0.07845
0.035816
0.300622
-1.00001
2
-0.99691
0
0
-0.07845
0.034545
0.999991
-0.96478
-0.99691
0
0
-0.07845
0.034545
0.999991
-0.96478
2
-0.09584
0
0
-0.99539
0.034545
0.999991
-0.96478
-0.09584
0
0
-0.99539
0.034545
0.999991
-0.96478
2
-0.83867
0
0
0.544639
0.031321
1.000004
-0.87474
-0.83867
0
0
0.544639
0.031321
1.000004
-0.87474
leg
False
False
True
False
False
0.021
0.021
0.071
0
0
-0.08
6
1
9
0
32
3
0
None
7
2
-0.70441
-0.06162
-0.06162
0.704416
-0.33145
0.240073
-1
-0.70441
-0.06162
-0.06162
0.704416
-0.33145
0.240073
-1
3
-0.88363
-0.04024
-0.0773
0.459991
-0.33145
0.240073
-1
-0.95008
-0.0262
-0.08312
0.299561
-0.33145
0.240073
-1
-0.38122
-0.08052
-0.03335
0.920364
-0.33145
0.240073
-1
3
-0.55887
0.184269
-0.12902
0.798157
-0.33145
0.240073
-1
-0.43837
0
0
0.898794
-0.33145
0.240073
-1
-0.55887
-0.18426
0.129026
0.798157
-0.33145
0.240073
-1
3
-0.70441
-0.06162
-0.06162
0.704416
-0.33145
0.240073
-1
-0.45999
-0.0773
-0.04024
0.883635
-0.33145
0.240073
-1
-0.70441
-0.06162
-0.06162
0.704416
-0.33145
0.240073
-1
2
-0.88363
-0.04024
-0.0773
0.459991
-0.33144
0.269444
-0.99998
-0.88363
-0.04024
-0.0773
0.459991
-0.33144
0.269444
-0.99998
2
-0.96225
-0.08418
0.022557
-0.25783
-0.33145
0.240073
-1
-0.96225
-0.08418
0.022557
-0.25783
-0.33145
0.240073
-1
2
-0.57357
0
0
0.819152
-0.33145
0.240073
-1
-0.57357
0
0
0.819152
-0.33145
0.240073
-1
foot
False
False
True
False
False
0.061
0.021
0.070999
0
0
0.04
8
0
0
32
3
0
None
7
2
0
-0.13052
0
0.991444
-0.06786
-0.99998
-0.9257
0
-0.13052
0
0.991444
-0.06786
-0.99998
-0.9257
3
0
-0.13052
0
0.991444
-0.06786
-0.99998
-0.9257
0
-0.13052
0
0.991444
-0.06786
-0.99998
-0.9257
0
-0.13052
0
0.991444
-0.06786
-0.99998
-0.9257
3
0
-0.13052
0
0.991444
-0.06786
-0.99998
-0.9257
0
-0.13052
0
0.991444
-0.06786
-0.99998
-0.9257
0
-0.13052
0
0.991444
-0.06786
-0.99998
-0.9257
3
0
-0.13052
0
0.991444
-0.06786
-0.99998
-0.9257
0.339094
-0.12265
0.044642
0.931653
-0.06786
-0.99998
-0.9257
0
-0.13052
0
0.991444
-0.06786
-0.99998
-0.9257
2
-0.33909
-0.12265
-0.04464
0.931653
-0.06786
-0.99998
-0.9257
-0.33909
-0.12265
-0.04464
0.931653
-0.06786
-0.99998
-0.9257
2
-0.85861
-0.06526
0.113039
0.495722
-0.06786
-0.99998
-0.9257
-0.85861
-0.06526
0.113039
0.495722
-0.06786
-0.99998
-0.9257
2
0
-0.13052
0
0.991444
-0.06786
-0.99998
-0.9257
0
-0.13052
0
0.991444
-0.06786
-0.99998
-0.9257
headcrest
False
False
False
True
True
0.091
0.031
0.081
0
0
0
2
0
0
0
-19
0
None
7
2
0.043619
0
0
0.999048
0
0.999989
0
0.043619
0
0
0.999048
0
0.999989
0
3
0.043619
0
0
0.999048
0
0.999989
0
0.043619
0
0
0.999048
0
0.999989
0
0.043619
0
0
0.999048
0
0.999989
0
3
0.043619
0
0
0.999048
-0.10268
1.000008
-0.46975
0.043619
0
0
0.999048
-0.10268
1.000008
-0.46975
0.043619
0
0
0.999048
-0.10268
1.000008
-0.46975
3
0.043619
0
0
0.999048
0
0.999989
0
0.043619
0
0
0.999048
0
0.999989
0
0.043619
0
0
0.999048
0
0.999989
0
2
0.043619
0
0
0.999048
0
0.999989
0
0.043619
0
0
0.999048
0
0.999989
0
2
0.043619
0
0
0.999048
0
0.999989
0
0.043619
0
0
0.999048
0
0.999989
0
2
0.043619
0
0
0.999048
-0.10268
1.000008
-0.46975
0.043619
0
0
0.999048
-0.10268
1.000008
-0.46975
wing
False
False
False
True
False
0.051
0.121
0.081000
0.02
0.12
0
5
0
0
0
-19
0
None
7
2
0
0
0
1
-0.99994
0.501469
-0.18194
0
0
0
1
-0.99994
0.501469
-0.18194
3
0
0
0
1
-0.99994
0.501469
-0.18194
0
0
0
1
-0.99994
0.501469
-0.18194
0
0
0
1
-0.99994
0.501469
-0.18194
3
0
0
0
1
-1.00003
0.106261
0.038239
0
0
0
1
-1.00003
0.106261
0.038239
0
0
0
1
-1.00003
0.106261
0.038239
3
0
0
0
1
-0.99994
0.501469
-0.18194
0
0
0
1
-0.99994
0.501469
-0.18194
0
0
0
1
-0.99994
0.501469
-0.18194
2
0
0
0
1
-0.99994
0.501469
-0.18194
0
0
0
1
-0.99994
0.501469
-0.18194
2
0
0
0
1
-0.99994
0.501469
-0.18194
0
0
0
1
-0.99994
0.501469
-0.18194
2
0
0
0
1
-1.00003
0.106261
0.038239
0
0
0
1
-1.00003
0.106261
0.038239
mask
False
True
False
True
False
0.011
0.011
0.041
0
0
0
2
0
0
0
-19
0
None
7
2
0.043619
0
0
0.999048
-0.99999
0
0.646012
0.043619
0
0
0.999048
-0.99999
0
0.646012
3
0.043619
0
0
0.999048
-0.99999
0
0.646012
0.043619
0
0
0.999048
-0.99999
0
0.646012
0.043619
0
0
0.999048
-0.99999
0
0.646012
3
0.043619
0
0
0.999048
-0.99999
0
0.646012
0.043619
0
0
0.999048
-0.99999
0
0.646012
0.043619
0
0
0.999048
-0.99999
0
0.646012
3
0.043619
0
0
0.999048
-0.99999
0
0.646012
0.043619
0
0
0.999048
-0.99999
0
0.646012
0.043619
0
0
0.999048
-0.99999
0
0.646012
2
0.043619
0
0
0.999048
-0.99999
0
0.646012
0.043619
0
0
0.999048
-0.99999
0
0.646012
2
0.043619
0
0
0.999048
-0.99999
0
0.646012
0.043619
0
0
0.999048
-0.99999
0
0.646012
2
0.043619
0
0
0.999048
-0.99999
0
0.646012
0.043619
0
0
0.999048
-0.99999
0
0.646012
