30
0.365687
0.8
0.854902
0.607843
perk_defensive_shell
false
0.703729
puffing
fish
baiacu
inchado
peixe
рыба фугу
пухлый
рыба
ikan buntal
buntal
ikan
pez globo
resoplando
pez
ปลาปักเป้า
พอง
ปลา
inchada
пухлая
resoplanda
M
F
M
пухлое
false
Venom
Uncooked Meat
Bones
?
?
16
torso
False
False
False
False
False
0.301
0.291
0.321
0
0
0
-1
8
1
4
5
6
10
12
13
14
0
0
0
0
pufferSpikes
7
2
0.017452
0
0
0.999847
0
0
0
0.017452
0
0
0.999847
0
0.02
0
3
0.017452
0
0
0.999847
0
0
0
0.017452
0
0
0.999847
0
0
0
0.017452
0
0
0.999847
0
0
0
3
0.017356
0.104512
0.001824
0.99437
0
0
0
0.017356
0.104512
0.001824
0.99437
0
0
0
0.017356
-0.10451
-0.00182
0.99437
0
0
0
3
0.190809
0
0
0.981627
0
-0.16
-0.22
-0.1132
0
0
0.993571
0
0
0.18
-0.24192
0
0
0.970295
0
0.02
0.18
2
-0.06975
0
0
0.997564
0
0.3
0.18
-0.1132
0
0
0.993571
0
0.3
0.22
2
-0.99984
0
0
0.017452
0
-0.4
-0.52
-0.99984
0
0
0.017452
0
-0.42
-0.52
2
-0.15643
0
0
0.987688
0
0
0
-0.24192
0
0
0.970295
0
0
0
neck
False
False
False
True
False
0.070999
0.061
0.041
0
0
0
0
1
2
0
0
0
0
None
7
2
0.017452
0
0
0.999847
-0.05528
0.292822
0.999996
0.017452
0
0
0.999847
-0.05528
0.292822
0.999996
3
0.017452
0
0
0.999847
-0.05528
0.292822
0.999996
0.017452
0
0
0.999847
-0.05528
0.292822
0.999996
0.017452
0
0
0.999847
-0.05528
0.292822
0.999996
3
0.017452
0
0
0.999847
-0.05528
0.292822
0.999996
0.017452
0
0
0.999847
-0.05528
0.292822
0.999996
0.017452
0
0
0.999847
-0.05528
0.292822
0.999996
3
0.017452
0
0
0.999847
-0.05528
0.292822
0.999996
0.017452
0
0
0.999847
-0.05528
0.292822
0.999996
0.017452
0
0
0.999847
-0.05528
0.292822
0.999996
2
0.017452
0
0
0.999847
-0.05528
0.292822
0.999996
0.017452
0
0
0.999847
-0.05528
0.292822
0.999996
2
0.017452
0
0
0.999847
-0.05528
0.292822
0.999996
0.017452
0
0
0.999847
-0.05528
0.292822
0.999996
2
0.017452
0
0
0.999847
-0.05528
0.292822
0.999996
0.017452
0
0
0.999847
-0.05528
0.292822
0.999996
head
False
False
False
False
False
0.111
0.081
0.040999
0
0
0
1
2
3
11
0
0
-12
0
None
7
2
0
0
0
1
0.059174
0.045023
0.999995
0
0
0
1
0.059149
-0.1608
0.99999
3
0
0
0
1
0.059174
0.045023
0.999995
0
0
0
1
0.059174
0.045023
0.999995
0
0
0
1
0.059174
0.045023
0.999995
3
0
0
0
1
0.059174
0.045023
0.999995
0
0
0
1
0.059174
0.045023
0.999995
0
0
0
1
0.059174
0.045023
0.999995
3
0.461748
0
0
0.88701
0.059174
0.045023
0.999995
-0.34202
0
0
0.939692
0.059174
0.045023
0.999995
-0.5
0
0
0.866025
0.059174
0.045023
0.999995
2
0.043619
0
0
0.999048
0.059174
0.045023
0.999995
0.043619
0
0
0.999048
0.059174
0.045023
0.999995
2
-1
0
0
0
0.059174
0.045023
0.999995
-1
0
0
0
0.059174
0.045023
0.999995
2
0
0
0
1
0.059174
0.045023
0.999995
0
0
0
1
0.059174
0.045023
0.999995
eyes
True
True
False
True
False
0.06
0.06
0.05
0
0
0.01
2
0
0
0
0
0
DerpyEye
7
2
0
0
0
1
-0.80004
0.26325
0.999997
0
0
0
1
-0.80004
0.26325
0.999997
3
0
0
0
1
-0.80004
0.26325
0.999997
0
0
0
1
-0.80004
0.26325
0.999997
0
0
0
1
-0.80004
0.26325
0.999997
3
0
0
0
1
-0.80004
0.26325
0.999997
0
0
0
1
-0.80004
0.26325
0.999997
0
0
0
1
-0.80004
0.26325
0.999997
3
0
0
0
1
-0.80004
0.26325
0.999997
0
0
0
1
-0.80004
0.26325
0.999997
0
0
0
1
-0.80004
0.26325
0.999997
2
0
0
0
1
-0.80004
0.26325
0.999997
0
0
0
1
-0.80004
0.26325
0.999997
2
0
0
0
1
-0.80004
0.26325
0.999997
0
0
0
1
-0.80004
0.26325
0.999997
2
0
0
0
1
-0.80004
0.26325
0.999997
0
0
0
1
-0.80004
0.26325
0.999997
shoulder
False
True
False
False
False
0.031000
0.041
0.131
0
0
-0.08
0
1
9
0
0
-12
0
None
7
2
-0.48195
0.870417
0.053832
0.084834
-0.99999
0.727922
-0.29849
-0.82458
0.556745
0.009451
0.100027
-0.99999
0.46175
-0.29849
3
-0.48195
0.870417
0.053832
0.084834
-0.99999
0.727922
-0.29849
-0.77292
0.626494
0.018133
0.098823
-0.99999
0.235922
-0.30212
-0.82458
0.556745
0.009451
0.100027
-0.99999
0.213618
-0.26283
3
-0.48195
0.870417
0.053832
0.084834
-0.99999
0.727922
-0.29849
-0.48195
0.870417
0.053832
0.084834
-0.99999
0.727922
-0.29849
-0.48195
0.870417
0.053832
0.084834
-0.99999
0.727922
-0.29849
3
-0.48195
0.870417
0.053832
0.084834
-0.99999
0.727922
-0.29849
-0.48195
0.870417
0.053832
0.084834
-0.99999
0.727922
-0.29849
-0.48195
0.870417
0.053832
0.084834
-0.99999
0.727922
-0.29849
2
-0.48195
0.870417
0.053832
0.084834
-0.99999
0.727922
-0.29849
-0.48195
0.870417
0.053832
0.084834
-0.99999
0.727922
-0.29849
2
-0.08483
0.053832
-0.87041
-0.48195
-0.99999
0.727922
-0.29849
-0.08483
0.053832
-0.87041
-0.48195
-0.99999
0.727922
-0.29849
2
0.334322
0.931446
-0.14105
-0.02719
-0.61562
1.000002
-0.18375
0.31067
0.845921
-0.41461
-0.12647
-0.45453
0.999999
-0.19564
tail
False
False
False
False
False
0.111
0.070999
0.080999
0
0.02
0.04
0
2
7
8
0
0
0
0
None
7
2
-1
0
0
0
-0.05379
-0.08205
-0.99999
-1
0
0
0
-0.05379
-0.08205
-0.99999
3
-1
0
0
0
-0.05379
-0.08205
-0.99999
-0.99239
-0.00212
-0.12185
-0.01732
-0.05379
-0.08205
-0.99999
-0.98162
0
0.190809
0
-0.05379
-0.08205
-0.99999
3
-0.93969
0
0.34202
0
-0.05379
-0.08205
-0.99999
-1
0
0
0
-0.05379
-0.08205
-0.99999
-0.91354
0
-0.40673
0
0.091649
-0.06284
-1
3
-1
0
0
0
-0.05379
-0.08205
-0.99999
-1
0
0
0
-0.05379
-0.08205
-0.99999
-1
0
0
0
-0.05379
-0.08205
-0.99999
2
-1
0
0
0
-0.05379
-0.08205
-0.99999
-1
0
0
0
-0.05379
-0.08205
-0.99999
2
-1
0
0
0
-0.05379
-0.08205
-0.99999
-1
0
0
0
-0.05379
-0.08205
-0.99999
2
-1
0
0
0
-0.05379
-0.08205
-0.99999
-1
0
0
0
-0.05379
-0.08205
-0.99999
backfin
False
False
False
False
False
0.031
0.061
0.061
0
0
0
0
0
0
0
-12
0
None
7
2
-0.1908
0
0
0.981627
0.028587
1.000003
-0.38359
-0.1908
0
0
0.981627
0.028587
1.000003
-0.38359
3
-0.1908
0
0
0.981627
0.028587
1.000003
-0.38359
-0.1908
0
0
0.981627
0.028587
1.000003
-0.38359
-0.1908
0
0
0.981627
0.028587
1.000003
-0.38359
3
-0.18895
0.136616
-0.02655
0.972074
0.028587
1.000003
-0.38359
-0.1908
0
0
0.981627
0.028587
1.000003
-0.38359
-0.18663
-0.20409
0.039671
0.960176
0.028587
1.000003
-0.38359
3
-0.1908
0
0
0.981627
0.028587
1.000003
-0.38359
-0.1908
0
0
0.981627
0.028587
1.000003
-0.38359
-0.1908
0
0
0.981627
0.028587
1.000003
-0.38359
2
-0.1908
0
0
0.981627
0.028587
1.000003
-0.38359
-0.1908
0
0
0.981627
0.028587
1.000003
-0.38359
2
-0.98162
0
0
-0.1908
0.028587
1.000003
-0.38359
-0.98162
0
0
-0.1908
0.028587
1.000003
-0.38359
2
-0.1908
0
0
0.981627
0.028587
1.000003
-0.38359
-0.1908
0
0
0.981627
0.028587
1.000003
-0.38359
tailext
False
False
False
True
False
0.021
0.081000
0.081000
0
0
0.02
5
0
0
0
0
0
None
7
2
0.275637
0
0
0.961261
0
-0.83187
0.999995
0.275637
0
0
0.961261
0
-0.83187
0.999995
3
0.275637
0
0
0.961261
0
-0.83187
0.999995
0.275637
0
0
0.961261
0
-0.83187
0.999995
0.275637
0
0
0.961261
0
-0.83187
0.999995
3
0.275637
0
0
0.961261
0
-0.83187
0.999995
0.275637
0
0
0.961261
0
-0.83187
0.999995
0.275637
0
0
0.961261
0
-0.83187
0.999995
3
0.275637
0
0
0.961261
0
-0.83187
0.999995
0.275637
0
0
0.961261
0
-0.83187
0.999995
0.275637
0
0
0.961261
0
-0.83187
0.999995
2
0.275637
0
0
0.961261
0
-0.83187
0.999995
0.275637
0
0
0.961261
0
-0.83187
0.999995
2
0.275637
0
0
0.961261
0
-0.83187
0.999995
0.275637
0
0
0.961261
0
-0.83187
0.999995
2
0.275637
0
0
0.961261
0
-0.83187
0.999995
0.275637
0
0
0.961261
0
-0.83187
0.999995
tailfin2
False
False
False
False
False
0.021
0.080999
0.070999
0
0
0.02
5
0
0
0
0
0
None
7
2
-0.27563
0
0
0.961261
0
0.985613
0.999997
-0.27563
0
0
0.961261
0
0.985613
0.999997
3
-0.27563
0
0
0.961261
0
0.985613
0.999997
-0.27563
0
0
0.961261
0
0.985613
0.999997
-0.27563
0
0
0.961261
0
0.985613
0.999997
3
-0.27563
0
0
0.961261
0
0.985613
0.999997
-0.27563
0
0
0.961261
0
0.985613
0.999997
-0.27563
0
0
0.961261
0
0.985613
0.999997
3
-0.27563
0
0
0.961261
0
0.985613
0.999997
-0.27563
0
0
0.961261
0
0.985613
0.999997
-0.27563
0
0
0.961261
0
0.985613
0.999997
2
-0.27563
0
0
0.961261
0
0.985613
0.999997
-0.27563
0
0
0.961261
0
0.985613
0.999997
2
-0.96126
0
0
-0.27563
0
0.985613
0.999997
-0.96126
0
0
-0.27563
0
0.985613
0.999997
2
-0.27563
0
0
0.961261
0
0.985613
0.999997
-0.27563
0
0
0.961261
0
0.985613
0.999997
wing
False
False
False
True
False
0.021000
0.051
0.111
0
0.04
0
4
0
0
0
-8
0
None
7
2
0
0
0
1
0
0.999999
0
0
0
0
1
0
0.999999
0
3
0
0
0
1
0
0.999999
0
0
0
0
1
0
0.999999
0
0
0
0
1
0
0.999999
0
3
0
0
0
1
0
0.999999
0
0
0
0
1
0
0.999999
0
0
0
0
1
0
0.999999
0
3
0
0
0
1
0
0.999999
0
0
0
0
1
0
0.999999
0
0
0
0
1
0
0.999999
0
2
0
0
0
1
0
0.999999
0
0
0
0
1
0
0.999999
0
2
0
0
0
1
0
0.999999
0
0
0
0
1
0
0.999999
0
2
0
0
0
1
0
0.999999
0
0
0
0
1
0
0.999999
0
bottomfin
False
True
False
True
False
0.011
0.071000
0.051
0
0
0
0
0
0
0
0
0
None
7
2
0.469471
0
0
0.882947
-0.19853
-1
-0.31107
0.469471
0
0
0.882947
-0.19853
-1
-0.31107
3
0.469471
0
0
0.882947
-0.19853
-1
-0.31107
0.469471
0
0
0.882947
-0.19853
-1
-0.31107
0.469471
0
0
0.882947
-0.19853
-1
-0.31107
3
0.469471
0
0
0.882947
-0.19853
-1
-0.31107
0.469471
0
0
0.882947
-0.19853
-1
-0.31107
0.469471
0
0
0.882947
-0.19853
-1
-0.31107
3
0.469471
0
0
0.882947
-0.19853
-1
-0.31107
0.469471
0
0
0.882947
-0.19853
-1
-0.31107
0.469471
0
0
0.882947
-0.19853
-1
-0.31107
2
0.469471
0
0
0.882947
-0.19853
-1
-0.31107
0.469471
0
0
0.882947
-0.19853
-1
-0.31107
2
0.469471
0
0
0.882947
-0.19853
-1
-0.31107
0.469471
0
0
0.882947
-0.19853
-1
-0.31107
2
0.469471
0
0
0.882947
-0.19853
-1
-0.31107
0.469471
0
0
0.882947
-0.19853
-1
-0.31107
snout
False
False
False
True
False
0.031
0.061
0.051
0
0
0
2
1
15
0
0
-16
0
None
7
2
0
0
0
1
0
-0.14515
1.000021
0
0
0
1
0
-0.14515
1.000021
3
0
0
0
1
0
-0.14515
1.000021
0
0
0
1
0
-0.14515
1.000021
0
0
0
1
0
-0.14515
1.000021
3
0
0
0
1
0
-0.14515
1.000021
0
0
0
1
0
-0.14515
1.000021
0
0
0
1
0
-0.14515
1.000021
3
0
0
0
1
0
-0.14515
1.000021
0
0
0
1
0
-0.14515
1.000021
0
0
0
1
0
-0.14515
1.000021
2
0
0
0
1
0
-0.14515
1.000021
0
0
0
1
0
-0.14515
1.000021
2
0
0
0
1
0
-0.14515
1.000021
0
0
0
1
0
-0.14515
1.000021
2
0
0
0
1
0
-0.14515
1.000021
0
0
0
1
0
-0.14515
1.000021
spinec
False
True
False
True
False
0.011
0.011
0.111
0
0
0
0
0
0
0
-7
0
None
7
2
-0.81109
-0.35913
0.038709
0.46005
-0.81852
1
0.452139
-0.81109
-0.35913
0.038709
0.46005
-0.81852
1
0.452139
3
-0.81109
-0.35913
0.038709
0.46005
-0.81852
1
0.452139
-0.81109
-0.35913
0.038709
0.46005
-0.81852
1
0.452139
-0.81109
-0.35913
0.038709
0.46005
-0.81852
1
0.452139
3
-0.81109
-0.35913
0.038709
0.46005
-0.81852
1
0.452139
-0.81109
-0.35913
0.038709
0.46005
-0.81852
1
0.452139
-0.81109
-0.35913
0.038709
0.46005
-0.81852
1
0.452139
3
-0.81109
-0.35913
0.038709
0.46005
-0.81852
1
0.452139
-0.81109
-0.35913
0.038709
0.46005
-0.81852
1
0.452139
-0.81109
-0.35913
0.038709
0.46005
-0.81852
1
0.452139
2
-0.81109
-0.35913
0.038709
0.46005
-0.81852
1
0.452139
-0.81109
-0.35913
0.038709
0.46005
-0.81852
1
0.452139
2
-0.81109
-0.35913
0.038709
0.46005
-0.81852
1
0.452139
-0.81109
-0.35913
0.038709
0.46005
-0.81852
1
0.452139
2
-0.81109
-0.35913
0.038709
0.46005
-0.81852
1
0.452139
-0.81109
-0.35913
0.038709
0.46005
-0.81852
1
0.452139
spineb
False
True
False
True
False
0.011
0.091
0.011
0
0
0
0
0
0
0
-7
0
None
7
2
-0.02219
0.058803
0.222726
0.972852
-0.67105
1
0.763365
-0.02219
0.058803
0.222726
0.972852
-0.67105
1
0.763365
3
-0.02219
0.058803
0.222726
0.972852
-0.67105
1
0.763365
-0.02219
0.058803
0.222726
0.972852
-0.67105
1
0.763365
-0.02219
0.058803
0.222726
0.972852
-0.67105
1
0.763365
3
-0.02219
0.058803
0.222726
0.972852
-0.67105
1
0.763365
-0.02219
0.058803
0.222726
0.972852
-0.67105
1
0.763365
-0.02219
0.058803
0.222726
0.972852
-0.67105
1
0.763365
3
-0.02219
0.058803
0.222726
0.972852
-0.67105
1
0.763365
-0.02219
0.058803
0.222726
0.972852
-0.67105
1
0.763365
-0.02219
0.058803
0.222726
0.972852
-0.67105
1
0.763365
2
-0.02219
0.058803
0.222726
0.972852
-0.67105
1
0.763365
-0.02219
0.058803
0.222726
0.972852
-0.67105
1
0.763365
2
-0.02219
0.058803
0.222726
0.972852
-0.67105
1
0.763365
-0.02219
0.058803
0.222726
0.972852
-0.67105
1
0.763365
2
-0.02219
0.058803
0.222726
0.972852
-0.67105
1
0.763365
-0.02219
0.058803
0.222726
0.972852
-0.67105
1
0.763365
spinea
False
True
False
True
False
0.061
0.011
0.011
-0.04
0
0
0
0
0
0
-7
0
None
7
2
-0.12307
0
-0.14022
0.982441
-1
0.917889
0.693844
-0.12307
0
-0.14022
0.982441
-1
0.917889
0.693844
3
-0.12307
0
-0.14022
0.982441
-1
0.917889
0.693844
-0.12307
0
-0.14022
0.982441
-1
0.917889
0.693844
-0.12307
0
-0.14022
0.982441
-1
0.917889
0.693844
3
-0.12307
0
-0.14022
0.982441
-1
0.917889
0.693844
-0.12307
0
-0.14022
0.982441
-1
0.917889
0.693844
-0.12307
0
-0.14022
0.982441
-1
0.917889
0.693844
3
-0.12307
0
-0.14022
0.982441
-1
0.917889
0.693844
-0.12307
0
-0.14022
0.982441
-1
0.917889
0.693844
-0.12307
0
-0.14022
0.982441
-1
0.917889
0.693844
2
-0.12307
0
-0.14022
0.982441
-1
0.917889
0.693844
-0.12307
0
-0.14022
0.982441
-1
0.917889
0.693844
2
-0.12307
0
-0.14022
0.982441
-1
0.917889
0.693844
-0.12307
0
-0.14022
0.982441
-1
0.917889
0.693844
2
-0.12307
0
-0.14022
0.982441
-1
0.917889
0.693844
-0.12307
0
-0.14022
0.982441
-1
0.917889
0.693844
mouth
True
False
False
False
False
0.06
0.04
0.05
0
0
0.01
11
0
0
0
0
0
FishMouth
7
2
0
0
0
1
-0.41017
-0.22286
0.99999
0
0
0
1
-0.41017
-0.22286
0.99999
3
0
0
0
1
-0.41017
-0.22286
0.99999
0
0
0
1
-0.41017
-0.22286
0.99999
0
0
0
1
-0.41017
-0.22286
0.99999
3
0
0
0
1
-0.41017
-0.22286
0.99999
0
0
0
1
-0.41017
-0.22286
0.99999
0
0
0
1
-0.41017
-0.22286
0.99999
3
0
0
0
1
-0.41017
-0.22286
0.99999
0
0
0
1
-0.41017
-0.22286
0.99999
0
0
0
1
-0.41017
-0.22286
0.99999
2
0
0
0
1
-0.41017
-0.22286
0.99999
0
0
0
1
-0.41017
-0.22286
0.99999
2
-1
0
0
0
-0.41017
-0.22286
0.99999
-1
0
0
0
-0.41017
-0.22286
0.99999
2
0
0
0
1
-0.41017
-0.22286
0.99999
0
0
0
1
-0.41017
-0.22286
0.99999
