30
0.337826
0.929411
0.835294
0.545098
perk_summon_big_momma
true
0.765784
poo
blob
pug
fedorento
glóbulo
мопс
пухлый
глобула
pug
kotoran
percikan
pug
caca
glóbulo
ปั๊ก
เซ่อ
ลูกโลก
fedorenta
пухлая
caca
M
F
M
пухлoe
false
Sharp Tooth
Fur
Uncooked Meat
Bones
?
16
torso
False
False
False
False
False
0.181
0.151
0.261
0
0
0
-1
4
1
5
6
7
0
0
0
0
None
7
2
0.017452
0
0
0.999847
0
0
0
0.061048
0
0
0.998134
0
0
0
3
0.104528
0
0
0.994521
0
0
0
-0.1132
0
0
0.993571
0
0
0
-0.1132
0
0
0.993571
0
0
0
3
0.017386
0.087142
0.001521
0.996043
0
0
0
-0.12186
0
0
0.992546
0
0
0
0.017322
-0.12185
-0.00212
0.992395
0
0
0
3
0.104528
0
0
0.994521
0
0
-0.14
0.104528
0
0
0.994521
0
0
0.2
-0.24192
0
0
0.970295
0
0
0.3
2
-0.44619
0
0
0.894934
0
0.099999
0.26
-0.4848
0
0
0.874619
0
0.099999
0.26
2
-0.99984
0
0
0.017452
0
-0.32
-0.55999
-0.99984
0
0
0.017452
0
-0.34
-0.55999
2
-0.24192
0
0
0.970295
0
0
0
-0.40673
0
0
0.913545
0
0
0
neck
False
False
False
True
False
0.181
0.151
0.070999
0
0
-0.04
0
1
2
0
0
0
0
None
7
2
-0.3338
0
0
0.942641
0.081805
0.892239
0.999996
-0.3746
0
0
0.927183
0.081805
0.892239
0.999996
3
-0.3338
0
0
0.942641
0.081805
0.892239
0.999996
-0.3338
0
0
0.942641
0.081805
0.892239
0.999996
-0.3338
0
0
0.942641
0.081805
0.892239
0.999996
3
-0.52991
0
0
0.848048
-0.02029
0.999999
0.893208
-0.52991
0
0
0.848048
-0.02029
0.999999
0.893208
-0.52991
0
0
0.848048
-0.02029
0.999999
0.893208
3
-0.03489
0
0
0.99939
0.081813
0.31979
1.000005
-0.07845
0
0
0.996917
0.081808
0.659925
0.999996
-0.3338
0
0
0.942641
0.081805
0.892239
0.999996
2
0.224951
0
0
0.97437
0.081784
-0.06433
0.999997
0.224951
0
0
0.97437
0.081784
-0.06433
0.999997
2
-0.3338
0
0
0.942641
0.08184
0.159503
0.999999
-0.3338
0
0
0.942641
0.08184
0.159503
0.999999
2
-0.03489
0
0
0.99939
-0.02271
0.230347
0.999997
-0.03489
0
0
0.99939
-0.02271
0.230347
0.999997
head
False
False
False
False
False
0.161
0.121
0.111
0
0
0.02
1
4
3
4
12
15
0
0
0
0
None
7
2
0.008726
0
0
0.999961
0
0.116749
1.000008
0.008726
0
0
0.999961
0
0.116749
1.000008
3
0.008726
0
0
0.999961
0
0.116749
1.000008
0.095845
0
0
0.995396
0
0.116749
1.000008
0.095845
0
0
0.995396
0
0.116749
1.000008
3
-0.12186
0
0
0.992546
0
-0.05643
0.999997
-0.12186
0
0
0.992546
0
-0.05643
0.999997
-0.12186
0
0
0.992546
0
-0.05643
0.999997
3
0.507538
0
0
0.861629
0
0.116749
1.000008
0.095845
0
0
0.995396
0
0.116749
1.000008
-0.29237
0
0
0.956304
0
0.116749
1.000008
2
0.008726
0
0
0.999961
0
0.116749
1.000008
0.008726
0
0
0.999961
0
0.116749
1.000008
2
-0.98325
0
0
0.182235
0
0.116749
1.000008
-0.98325
0
0
0.182235
0
0.116749
1.000008
2
-0.12186
0
0
0.992546
0
-0.05643
0.999997
-0.12186
0
0
0.992546
0
-0.05643
0.999997
snout
False
False
False
True
False
0.101
0.061
0.021
0
0
0
2
2
13
14
0
4
-15
0
None
7
2
0.034835
-0.00234
0
0.99939
0.026194
-0.65193
0.99999
0.034835
-0.00234
0
0.99939
0.026194
-0.65193
0.99999
3
0.034835
-0.00234
0
0.99939
0.026194
-0.65193
0.99999
0.034835
-0.00234
0
0.99939
0.026194
-0.65193
0.99999
0.034835
-0.00234
0
0.99939
0.026194
-0.65193
0.99999
3
0.034835
-0.00234
0
0.99939
0.026194
-0.59795
1.000007
0.034835
-0.00234
0
0.99939
0.026194
-0.59795
1.000007
0.034835
-0.00234
0
0.99939
0.026194
-0.59795
1.000007
3
0.034835
-0.00234
0
0.99939
0.026194
-0.65193
0.99999
0.034835
-0.00234
0
0.99939
0.026194
-0.65193
0.99999
0.034835
-0.00234
0
0.99939
0.026194
-0.65193
0.99999
2
0.034835
-0.00234
0
0.99939
0.026194
-0.65193
0.99999
0.034835
-0.00234
0
0.99939
0.026194
-0.65193
0.99999
2
0.034835
-0.00234
0
0.99939
0.026194
-0.65193
0.99999
0.034835
-0.00234
0
0.99939
0.026194
-0.65193
0.99999
2
0.034835
-0.00234
0
0.99939
0.026194
-0.59795
1.000007
0.034835
-0.00234
0
0.99939
0.026194
-0.59795
1.000007
eyes
True
True
False
True
False
0.06
0.05
0.05
0
0
0.03
2
0
0
0
0
0
DerpyEye
7
2
0
-0.04361
0
0.999048
-0.69591
-0.02189
0.999999
0
-0.04361
0
0.999048
-0.69591
-0.02189
0.999999
3
0
-0.04361
0
0.999048
-0.69591
-0.02189
0.999999
0
-0.04361
0
0.999048
-0.69591
-0.02189
0.999999
0
-0.04361
0
0.999048
-0.69591
-0.02189
0.999999
3
0
-0.04361
0
0.999048
-0.52637
0.117918
1.000007
0
-0.04361
0
0.999048
-0.52637
0.117918
1.000007
0
-0.04361
0
0.999048
-0.52637
0.117918
1.000007
3
0
-0.04361
0
0.999048
-0.69591
-0.02189
0.999999
0
-0.04361
0
0.999048
-0.69591
-0.02189
0.999999
0
-0.04361
0
0.999048
-0.69591
-0.02189
0.999999
2
0
-0.04361
0
0.999048
-0.69591
-0.02189
0.999999
0
-0.04361
0
0.999048
-0.69591
-0.02189
0.999999
2
0
-0.04361
0
0.999048
-0.69591
-0.02189
0.999999
0
-0.04361
0
0.999048
-0.69591
-0.02189
0.999999
2
0
-0.04361
0
0.999048
-0.52637
0.117918
1.000007
0
-0.04361
0
0.999048
-0.52637
0.117918
1.000007
shoulder
False
True
True
False
False
0.051
0.051
0.091000
0.02
0
0
0
1
8
0
1
-4
0
None
7
2
-0.69824
0.062163
-0.06108
0.710536
-1
-0.65599
0.753905
-0.69824
0.062163
-0.06108
0.710536
-1
-0.65599
0.753905
3
-0.49054
0.044234
-0.07509
0.867043
-1
-0.65599
0.753905
-0.69824
0.062163
-0.06108
0.710536
-1
-0.65599
0.753905
-0.83547
0.073912
-0.04618
0.542566
-1
-0.65599
0.753905
3
-0.73821
0.136402
-0.15691
0.641722
-1
-0.8175
0.683639
-0.66913
0
0
0.743144
-1
-0.43013
0.545969
-0.5944
-0.12493
0.094144
0.788803
-0.99273
-0.99999
0.325328
3
-0.49054
0.044234
-0.07509
0.867043
-1
-0.65599
0.753905
-0.49054
0.044234
-0.07509
0.867043
-1
-0.3355
0.75391
-0.69824
0.062163
-0.06108
0.710536
-1
-0.65599
0.753905
2
-0.69824
0.062163
-0.06108
0.710536
-0.68831
-1
0.307662
-0.72857
0.064769
-0.05831
0.679403
-0.68831
-1
0.307662
2
-0.71053
-0.06108
-0.06216
-0.69824
-1
-0.65599
0.753905
-0.71053
-0.06108
-0.06216
-0.69824
-1
-0.65599
0.753905
2
-0.54256
0.073094
0.047468
-0.83547
-1
0.381152
0.545962
-0.26622
0.055437
0.067251
-0.95996
-1
0.947803
0.427673
hip
False
True
True
False
False
0.041
0.071000
0.091
0
0
0
0
1
10
0
1
-4
0
None
7
2
-0.61951
0.053607
-0.08682
0.778325
-0.99999
-0.57701
-0.71863
-0.61951
0.053607
-0.08682
0.778325
-0.99999
-0.57701
-0.71863
3
-0.82488
0.077234
-0.06668
0.556009
-1
-0.58539
-0.62927
-0.61951
0.053607
-0.08682
0.778325
-0.99999
-0.57701
-0.71863
-0.39695
0.02931
-0.09773
0.912146
-0.99999
-0.57701
-0.71863
3
-0.49957
0.145179
-0.14165
0.842188
-1
-0.73568
-0.71863
-0.51558
0.011644
-0.06176
0.85453
-1
-0.32168
-0.71861
-0.5521
-0.19237
0.100913
0.804979
-1
-0.73568
-0.71863
3
-0.54932
0.045836
-0.09116
0.829357
-0.99999
-0.9288
-0.71859
-0.47494
0.037716
-0.09481
0.874078
-0.99999
-0.57701
-0.71863
-0.61951
0.053607
-0.08682
0.778325
-0.99999
-0.57701
-0.71863
2
-0.98139
0.108386
-0.14849
0.0554
-0.99999
-0.57701
-0.71863
-0.98139
0.108386
-0.14849
0.0554
-0.99999
-0.57701
-0.71863
2
-0.77832
-0.08682
-0.0536
-0.61951
-0.99999
-0.57701
-0.71863
-0.77832
-0.08682
-0.0536
-0.61951
-0.99999
-0.57701
-0.71863
2
-0.51558
0.011644
-0.06176
0.85453
-1
-0.73568
-0.71863
-0.51558
0.011644
-0.06176
0.85453
-1
-0.73568
-0.71863
tail
False
False
False
False
False
0.071000
0.081001
0.071001
0
0
0.06
0
0
0
1
-4
0
None
7
2
-0.93203
-0.02694
0.295687
0.20773
0.035806
0.755986
-0.99999
-0.94494
0.088884
-0.2514
0.189677
0.035806
0.755986
-0.99999
3
-0.95426
-0.00874
0.21333
0.209288
0.035806
0.755986
-0.99999
-0.95501
0.080526
-0.20994
0.193374
0.035806
0.755986
-0.99999
-0.9768
0.027733
0.044383
0.207626
0.035806
0.755986
-0.99999
3
-0.90913
-0.04137
0.359982
0.205344
0.035806
0.519276
-0.99999
-0.97609
0.049284
-0.05796
0.20359
0.035806
0.519276
-0.99999
-0.87585
0.124916
-0.43474
0.168148
0.035804
0.726443
-1
3
-0.9768
0.027733
0.044383
0.207626
0.035806
0.755986
-0.99999
-0.9768
0.027733
0.044383
0.207626
0.035806
0.755986
-0.99999
-0.9768
0.027733
0.044383
0.207626
0.035806
0.755986
-0.99999
2
-0.93203
-0.02694
0.295687
0.20773
0.035806
0.755986
-0.99999
-0.93203
-0.02694
0.295687
0.20773
0.035806
0.755986
-0.99999
2
-0.20773
0.295687
0.026949
-0.93203
0.035806
0.755986
-0.99999
-0.20773
0.295687
0.026949
-0.93203
0.035806
0.755986
-0.99999
2
-0.9768
0.027733
0.044383
0.207626
0.035806
0.519276
-0.99999
-0.9768
0.027733
0.044383
0.207626
0.035806
0.519276
-0.99999
arm
False
False
True
False
False
0.041
0.031000
0.051
0
0
-0.04
5
1
9
0
0
4
0
None
7
2
-0.69201
0.062694
-0.06054
0.716602
-0.1093
0
-0.99999
-0.69201
0.062694
-0.06054
0.716602
-0.1093
0
-0.99999
3
-0.52051
0.048104
-0.07267
0.849395
-0.1093
0
-0.99999
-0.69201
0.062694
-0.06054
0.716602
-0.1093
0
-0.99999
-0.91357
0.081091
-0.03194
0.397231
-0.1093
0
-0.99999
3
-0.78828
0.132222
-0.18198
0.57272
-0.1378
-0.25164
-0.99999
-0.52991
0
0
0.848048
-0.13782
0.136962
-0.99999
-0.6861
-0.11252
0.108668
0.710483
-0.13781
0
-1
3
-0.83071
0.074312
-0.04553
0.549836
-0.1093
0
-0.99999
-0.52051
0.048104
-0.07267
0.849395
-0.1093
0
-0.99999
-0.69201
0.062694
-0.06054
0.716602
-0.1093
0
-0.99999
2
-0.69201
0.062694
-0.06054
0.716602
-0.1093
0
-0.99999
-0.69201
0.062694
-0.06054
0.716602
-0.1093
0
-0.99999
2
-0.7166
-0.06054
-0.06269
-0.69201
-0.1093
0
-0.99999
-0.7166
-0.06054
-0.06269
-0.69201
-0.1093
0
-0.99999
2
-0.57885
0.140484
0.102067
-0.79672
-0.13781
0
-1
-0.22989
0.09073
0.148059
-0.95759
-0.13781
0
-1
hand
False
False
True
False
False
0.051
0.031
0.051
0
-0.02
0
8
0
0
2
-8
0
None
7
2
0
-0.08715
0
0.996194
0.191502
-0.32959
-1.00001
0
-0.08715
0
0.996194
0.191502
-0.32959
-1.00001
3
0.086824
-0.08682
0.007596
0.992403
0.191502
-0.32959
-1.00001
0
-0.08715
0
0.996194
0.191502
-0.32959
-1.00001
0
-0.08715
0
0.996194
0.191502
-0.32959
-1.00001
3
0
-0.08715
0
0.996194
0.191498
-0.41204
-1
0.207911
0
0
0.978147
0.191498
-0.41204
-1
0.207911
0
0
0.978147
0.191498
-0.41204
-1
3
0
-0.08715
0
0.996194
0.191502
-0.32959
-1.00001
0
-0.08715
0
0.996194
0.191502
-0.32959
-1.00001
0
-0.08715
0
0.996194
0.191502
-0.32959
-1.00001
2
0
-0.08715
0
0.996194
0.191502
-0.32959
-1.00001
0
-0.08715
0
0.996194
0.191502
-0.32959
-1.00001
2
-0.99619
0
0.087155
0
0.191502
-0.32959
-1.00001
-0.99619
0
0.087155
0
0.191502
-0.32959
-1.00001
2
-0.96592
0
0
-0.25881
0.191498
-0.41204
-1
-0.96592
0
0
-0.25881
0.191498
-0.41204
-1
leg
False
False
True
False
False
0.041
0.041000
0.051
0
0
-0.06
6
1
11
0
0
4
0
None
7
2
-0.69201
0.062694
-0.06054
0.716602
0.320444
0.190439
-1
-0.69201
0.062694
-0.06054
0.716602
0.320444
0.190439
-1
3
-0.8539
0.076228
-0.04225
0.513078
0.320444
0.190439
-1
-0.69201
0.062694
-0.06054
0.716602
0.320444
0.190439
-1
-0.40518
0.038206
-0.07833
0.910069
0.320444
0.190439
-1
3
-0.68189
0.137256
-0.13254
0.706123
-0.04329
0
-0.99999
-0.51503
0
0
0.857167
-0.04329
0
-0.99999
-0.70841
-0.12062
0.124912
0.684104
-0.04329
0
-0.99999
3
-0.69201
0.062694
-0.06054
0.716602
0.320444
0.190439
-1
-0.52051
0.048104
-0.07267
0.849395
0.320444
0.190439
-1
-0.69201
0.062694
-0.06054
0.716602
0.320444
0.190439
-1
2
-0.98553
0.094318
-0.13204
0.048923
0.320444
0.190439
-1
-0.98553
0.094318
-0.13204
0.048923
0.320444
0.190439
-1
2
-0.7166
-0.06054
-0.06269
-0.69201
0.320444
0.190439
-1
-0.7166
-0.06054
-0.06269
-0.69201
0.320444
0.190439
-1
2
-0.69465
0
0
0.719339
-0.04329
0
-0.99999
-0.69465
0
0
0.719339
-0.04329
0
-0.99999
foot
False
False
True
False
False
0.041
0.021
0.051
0
-0.02
0
10
0
0
2
-8
0
None
7
2
0
-0.08715
0
0.996194
0.016868
-0.14325
-0.99998
0
-0.08715
0
0.996194
0.016868
-0.14325
-0.99998
3
0
-0.08715
0
0.996194
0.016868
-0.14325
-0.99998
0
-0.08715
0
0.996194
0.016868
-0.14325
-0.99998
0.340718
-0.08189
0.029809
0.936116
0.016868
-0.14325
-0.99998
3
0
-0.08715
0
0.996194
0.016867
-0.30397
-0.99999
0.241921
0
0
0.970295
0.016867
-0.30397
-0.99999
0.241921
0
0
0.970295
0.016867
-0.30397
-0.99999
3
0
-0.08715
0
0.996194
0.016868
-0.14325
-0.99998
0
-0.08715
0
0.996194
0.016868
-0.14325
-0.99998
0
-0.08715
0
0.996194
0.016868
-0.14325
-0.99998
2
-0.64034
-0.06676
-0.05602
0.763129
0.016868
-0.14325
-0.99998
-0.64034
-0.06676
-0.05602
0.763129
0.016868
-0.14325
-0.99998
2
-0.99619
0
0.087155
0
0.016868
-0.14325
-0.99998
-0.99619
0
0.087155
0
0.016868
-0.14325
-0.99998
2
0
-0.08715
0
0.996194
0.016867
-0.30397
-0.99999
0
-0.08715
0
0.996194
0.016867
-0.30397
-0.99999
ear
False
True
False
True
False
0.090999
0.051
0.041
-0.02
0
-0.06
2
0
0
4
-16
0
None
7
2
0.694182
0.552176
0.287445
0.361367
-1
0.211324
-0.37103
0.694182
0.552176
0.287445
0.361367
-1
0.211324
-0.37103
3
0.694182
0.552176
0.287445
0.361367
-1
0.211324
-0.37103
0.694182
0.552176
0.287445
0.361367
-1
0.211324
-0.37103
0.694182
0.552176
0.287445
0.361367
-1
0.211324
-0.37103
3
0
0
-0.69465
0.719339
-0.85414
0.999997
-0.3401
0
0
-0.69465
0.719339
-0.85414
0.999997
-0.3401
0
0
-0.69465
0.719339
-0.85414
0.999997
-0.3401
3
0.694182
0.552176
0.287445
0.361367
-1
0.211324
-0.37103
0.694182
0.552176
0.287445
0.361367
-1
0.211324
-0.37103
0.694182
0.552176
0.287445
0.361367
-1
0.211324
-0.37103
2
0.694182
0.552176
0.287445
0.361367
-1
0.211324
-0.37103
0.694182
0.552176
0.287445
0.361367
-1
0.211324
-0.37103
2
0.694182
0.552176
0.287445
0.361367
-1
0.211324
-0.37103
0.694182
0.552176
0.287445
0.361367
-1
0.211324
-0.37103
2
0
0
-0.69465
0.719339
-0.85414
0.999997
-0.3401
0
0
-0.69465
0.719339
-0.85414
0.999997
-0.3401
mouth
True
False
False
True
False
0.090000
0.05
0.05
0
0
0.01
3
0
0
0
0
0
SharkMouoth
7
2
0
0
0
1
0.02804
-0.16281
0.999984
0
0
0
1
0.02804
-0.16281
0.999984
3
0
0
0
1
0.02804
-0.16281
0.999984
0
0
0
1
0.02804
-0.16281
0.999984
0
0
0
1
0.02804
-0.16281
0.999984
3
0
0
0
1
0.028037
-0.25077
0.999987
0
0
0
1
0.028037
-0.25077
0.999987
0
0
0
1
0.028037
-0.25077
0.999987
3
0
0
0
1
0.02804
-0.16281
0.999984
0
0
0
1
0.02804
-0.16281
0.999984
0
0
0
1
0.02804
-0.16281
0.999984
2
0
0
0
1
0.02804
-0.16281
0.999984
0
0
0
1
0.02804
-0.16281
0.999984
2
0
0
0
1
0.02804
-0.16281
0.999984
0
0
0
1
0.02804
-0.16281
0.999984
2
0
0
0
1
0.028037
-0.25077
0.999987
0
0
0
1
0.028037
-0.25077
0.999987
snouttip
False
False
False
True
False
0.031
0.021
0.021
0
0
0
3
0
0
4
-23
0
None
7
2
0
0
0
1
0
0.670782
1.000007
0
0
0
1
0
0.670782
1.000007
3
0
0
0
1
0
0.670782
1.000007
0
0
0
1
0
0.670782
1.000007
0
0
0
1
0
0.670782
1.000007
3
0
0
0
1
0
0.794088
0.999999
0
0
0
1
0
0.794088
0.999999
0
0
0
1
0
0.794088
0.999999
3
0
0
0
1
0
0.670782
1.000007
0
0
0
1
0
0.670782
1.000007
0
0
0
1
0
0.670782
1.000007
2
0
0
0
1
0
0.670782
1.000007
0
0
0
1
0
0.670782
1.000007
2
0
0
0
1
0
0.670782
1.000007
0
0
0
1
0
0.670782
1.000007
2
0
0
0
1
0
0.794088
0.999999
0
0
0
1
0
0.794088
0.999999
mask
False
True
False
True
False
0.051
0.031
0.011
0
0
0
2
0
0
4
-20
0
None
7
2
0
0
0.130526
0.991444
-0.65887
0.05097
1.000001
0
0
0.130526
0.991444
-0.65887
0.05097
1.000001
3
0
0
0.130526
0.991444
-0.65887
0.05097
1.000001
0
0
0.130526
0.991444
-0.65887
0.05097
1.000001
0
0
0.130526
0.991444
-0.65887
0.05097
1.000001
3
0
0
0.130526
0.991444
-0.65887
0.05097
1.000001
0
0
0.130526
0.991444
-0.65887
0.05097
1.000001
0
0
0.130526
0.991444
-0.65887
0.05097
1.000001
3
0
0
0.130526
0.991444
-0.65887
0.05097
1.000001
0
0
0.130526
0.991444
-0.65887
0.05097
1.000001
0
0
0.130526
0.991444
-0.65887
0.05097
1.000001
2
0
0
0.130526
0.991444
-0.65887
0.05097
1.000001
0
0
0.130526
0.991444
-0.65887
0.05097
1.000001
2
0
0
0.130526
0.991444
-0.65887
0.05097
1.000001
0
0
0.130526
0.991444
-0.65887
0.05097
1.000001
2
0
0
0.130526
0.991444
-0.65887
0.05097
1.000001
0
0
0.130526
0.991444
-0.65887
0.05097
1.000001
