30
0.270748
0.894117
0.411764
0.050980
perk_pollinator
false
0.978026
Jack o'
Lantern
abóbora
laranja
meloa
тыква
оранжевый
дыня
labu
jeruk
semangka
calabaza
naranja
melón
ฟักทอง
ส้ม
แตงโม
laranja
оранжевая
naranja
F
F
M
оранжевoe
false
Pumpkin
?
?
?
?
9
torso
False
False
False
False
False
0.341
0.261
0.341
0
0
0
-1
5
1
5
6
7
8
0
0
0
0
None
7
2
0.017452
0
0
0.999847
0
0
0
0.017452
0
0
0.999847
0
0
0
3
0.017452
0
0
0.999847
0
0
0
0.017452
0
0
0.999847
0
0
0
0.017452
0
0
0.999847
0
0
0
3
0.017452
0
0
0.999847
0
0
0
0.017452
0
0
0.999847
0
0
0
0.017452
0
0
0.999847
0
0
0
3
0.017452
0
0
0.999847
0
0
0
0.017452
0
0
0.999847
0
0
0
0.017452
0
0
0.999847
0
0
0
2
-0.02617
0
0
0.999657
0
0.36
0.16
-0.02617
0
0
0.999657
0
0.36
0.16
2
-0.66262
0
0
0.748955
0
-0.48
0.639999
-0.66262
0
0
0.748955
0
-0.48
0.659999
2
0.017452
0
0
0.999847
0
0
0
0.017452
0
0
0.999847
0
0
0
neck
False
False
False
True
False
0.050999
0.061
0.101
0
0
0.08
0
1
2
0
-2
-11
0
None
7
2
-0.78801
0
0
0.615661
0
0.999998
-0.01584
-0.78801
0
0
0.615661
0
0.999998
-0.01584
3
-0.78801
0
0
0.615661
0
0.999998
-0.01584
-0.78801
0
0
0.615661
0
0.999998
-0.01584
-0.78801
0
0
0.615661
0
0.999998
-0.01584
3
-0.78801
0
0
0.615661
0
0.999998
-0.01584
-0.78801
0
0
0.615661
0
0.999998
-0.01584
-0.78801
0
0
0.615661
0
0.999998
-0.01584
3
-0.78801
0
0
0.615661
0
0.999998
-0.01584
-0.78801
0
0
0.615661
0
0.999998
-0.01584
-0.78801
0
0
0.615661
0
0.999998
-0.01584
2
-0.78801
0
0
0.615661
0
0.999998
-0.01584
-0.78801
0
0
0.615661
0
0.999998
-0.01584
2
-0.78801
0
0
0.615661
0
0.999998
-0.01584
-0.78801
0
0
0.615661
0
0.999998
-0.01584
2
-0.78801
0
0
0.615661
0
0.999998
-0.01584
-0.78801
0
0
0.615661
0
0.999998
-0.01584
head
False
False
False
False
False
0.061
0.051
0.080999
0
0
0
1
1
3
0
-2
-11
0
None
7
2
-0.1214
0.086506
-0.01062
0.988769
0
-0.85282
0.999997
-0.1214
0.086506
-0.01062
0.988769
0
-0.85282
0.999997
3
-0.1214
0.086506
-0.01062
0.988769
0
-0.85282
0.999997
-0.1214
0.086506
-0.01062
0.988769
0
-0.85282
0.999997
-0.1214
0.086506
-0.01062
0.988769
0
-0.85282
0.999997
3
-0.1214
0.086506
-0.01062
0.988769
0
-0.85282
0.999997
-0.1214
0.086506
-0.01062
0.988769
0
-0.85282
0.999997
-0.1214
0.086506
-0.01062
0.988769
0
-0.85282
0.999997
3
-0.1214
0.086506
-0.01062
0.988769
0
-0.85282
0.999997
-0.1214
0.086506
-0.01062
0.988769
0
-0.85282
0.999997
-0.1214
0.086506
-0.01062
0.988769
0
-0.85282
0.999997
2
-0.1214
0.086506
-0.01062
0.988769
0
-0.85282
0.999997
-0.1214
0.086506
-0.01062
0.988769
0
-0.85282
0.999997
2
-0.75751
0.056603
-0.06627
0.646976
0
-0.85282
0.999997
-0.75751
0.056603
-0.06627
0.646976
0
-0.85282
0.999997
2
-0.1214
0.086506
-0.01062
0.988769
0
-0.85282
0.999997
-0.1214
0.086506
-0.01062
0.988769
0
-0.85282
0.999997
pumpkoswirl
False
False
False
True
True
0.041
0.101
0.041
0
0.06
0
2
1
4
0
-2
-11
0
None
7
2
-0.18004
0.145988
0.274469
0.933239
0
0.999973
0.437592
-0.18004
0.145988
0.274469
0.933239
0
0.999973
0.437592
3
-0.18004
0.145988
0.274469
0.933239
0
0.999973
0.437592
-0.18004
0.145988
0.274469
0.933239
0
0.999973
0.437592
-0.18004
0.145988
0.274469
0.933239
0
0.999973
0.437592
3
-0.18004
0.145988
0.274469
0.933239
0
0.999973
0.437592
-0.18004
0.145988
0.274469
0.933239
0
0.999973
0.437592
-0.18004
0.145988
0.274469
0.933239
0
0.999973
0.437592
3
-0.18004
0.145988
0.274469
0.933239
0
0.999973
0.437592
-0.18004
0.145988
0.274469
0.933239
0
0.999973
0.437592
-0.18004
0.145988
0.274469
0.933239
0
0.999973
0.437592
2
-0.18004
0.145988
0.274469
0.933239
0
0.999973
0.437592
-0.18004
0.145988
0.274469
0.933239
0
0.999973
0.437592
2
-0.18004
0.145988
0.274469
0.933239
0
0.999973
0.437592
-0.18004
0.145988
0.274469
0.933239
0
0.999973
0.437592
2
-0.18004
0.145988
0.274469
0.933239
0
0.999973
0.437592
-0.18004
0.145988
0.274469
0.933239
0
0.999973
0.437592
pumkoswallo
False
False
False
True
True
0.081
0.031
0.021
0
0
0
3
0
0
-2
-11
0
None
7
2
0
0
0
1
1.000013
0.721137
0.529507
0
0
0
1
1.000013
0.721137
0.529507
3
0
0
0
1
1.000013
0.721137
0.529507
0
0
0
1
1.000013
0.721137
0.529507
0
0
0
1
1.000013
0.721137
0.529507
3
0
0
0
1
1.000013
0.721137
0.529507
0
0
0
1
1.000013
0.721137
0.529507
0
0
0
1
1.000013
0.721137
0.529507
3
0
0
0
1
1.000013
0.721137
0.529507
0
0
0
1
1.000013
0.721137
0.529507
0
0
0
1
1.000013
0.721137
0.529507
2
0
0
0
1
1.000013
0.721137
0.529507
0
0
0
1
1.000013
0.721137
0.529507
2
0
0
0
1
1.000013
0.721137
0.529507
0
0
0
1
1.000013
0.721137
0.529507
2
0
0
0
1
1.000013
0.721137
0.529507
0
0
0
1
1.000013
0.721137
0.529507
pumpko line
False
True
False
True
False
0.080999
0.191
0.031
0
0
0
0
0
0
0
0
0
None
7
2
0
0
0
1
-0.4727
0
1.000001
0
0
0
1
-0.4727
0
1.000001
3
0
0
0
1
-0.4727
0
1.000001
0
0
0
1
-0.4727
0
1.000001
0
0
0
1
-0.4727
0
1.000001
3
0
0
0
1
-0.4727
0
1.000001
0
0
0
1
-0.4727
0
1.000001
0
0
0
1
-0.4727
0
1.000001
3
0
0
0
1
-0.4727
0
1.000001
0
0
0
1
-0.4727
0
1.000001
0
0
0
1
-0.4727
0
1.000001
2
0
0
0
1
-0.4727
0
1.000001
0
0
0
1
-0.4727
0
1.000001
2
0
0
0
1
-0.4727
0
1.000001
0
0
0
1
-0.4727
0
1.000001
2
0
0
0
1
-0.4727
0
1.000001
0
0
0
1
-0.4727
0
1.000001
pumpko line 2
False
True
False
True
False
0.041
0.191
0.080999
0
0
0
0
0
0
0
0
0
None
7
2
0
0
0
1
-0.99999
0
0.529477
0
0
0
1
-0.99999
0
0.529477
3
0
0
0
1
-0.99999
0
0.529477
0
0
0
1
-0.99999
0
0.529477
0
0
0
1
-0.99999
0
0.529477
3
0
0
0
1
-0.99999
0
0.529477
0
0
0
1
-0.99999
0
0.529477
0
0
0
1
-0.99999
0
0.529477
3
0
0
0
1
-0.99999
0
0.529477
0
0
0
1
-0.99999
0
0.529477
0
0
0
1
-0.99999
0
0.529477
2
0
0
0
1
-0.99999
0
0.529477
0
0
0
1
-0.99999
0
0.529477
2
0
0
0
1
-0.99999
0
0.529477
0
0
0
1
-0.99999
0
0.529477
2
0
0
0
1
-0.99999
0
0.529477
0
0
0
1
-0.99999
0
0.529477
pumpko line 23
False
True
False
True
False
0.041
0.191
0.080999
0
0
0
0
0
0
0
0
0
None
7
2
0
0
0
1
-0.99999
0
-0.37189
0
0
0
1
-0.99999
0
-0.37189
3
0
0
0
1
-0.99999
0
-0.37189
0
0
0
1
-0.99999
0
-0.37189
0
0
0
1
-0.99999
0
-0.37189
3
0
0
0
1
-0.99999
0
-0.37189
0
0
0
1
-0.99999
0
-0.37189
0
0
0
1
-0.99999
0
-0.37189
3
0
0
0
1
-0.99999
0
-0.37189
0
0
0
1
-0.99999
0
-0.37189
0
0
0
1
-0.99999
0
-0.37189
2
0
0
0
1
-0.99999
0
-0.37189
0
0
0
1
-0.99999
0
-0.37189
2
0
0
0
1
-0.99999
0
-0.37189
0
0
0
1
-0.99999
0
-0.37189
2
0
0
0
1
-0.99999
0
-0.37189
0
0
0
1
-0.99999
0
-0.37189
pumpkofin
False
True
False
True
False
0.070999
0.191
0.041
0
0
0
0
0
0
0
0
0
None
7
2
0
0
0
1
-0.48557
0
-0.99999
0
0
0
1
-0.48557
0
-0.99999
3
0
0
0
1
-0.48557
0
-0.99999
0
0
0
1
-0.48557
0
-0.99999
0
0
0
1
-0.48557
0
-0.99999
3
0
0
0
1
-0.48557
0
-0.99999
0
0
0
1
-0.48557
0
-0.99999
0
0
0
1
-0.48557
0
-0.99999
3
0
0
0
1
-0.48557
0
-0.99999
0
0
0
1
-0.48557
0
-0.99999
0
0
0
1
-0.48557
0
-0.99999
2
0
0
0
1
-0.48557
0
-0.99999
0
0
0
1
-0.48557
0
-0.99999
2
0
0
0
1
-0.48557
0
-0.99999
0
0
0
1
-0.48557
0
-0.99999
2
0
0
0
1
-0.48557
0
-0.99999
0
0
0
1
-0.48557
0
-0.99999
