30
0.484346
0.513725
0.509804
0.470588
perk_disguise
false
0.735649
night
panda
guaxinim
da noite
panda
енот
ночи
панда
rakun
malam
panda
mapache
de la noche
panda
ราคูน
กลางคืน
แพนด้า
da noite
ночи
de la noche
M
F
F
ночи
false
Sharp Tooth
Fur
Uncooked Meat
Bones
?
17
torso
False
False
False
False
False
0.241
0.251
0.281
0
0
0
-1
4
1
5
6
7
0
0
0
0
None
7
2
0.139173
0
0
0.990268
0
0
0
0.087155
0
0
0.996194
0
0
0
3
0.139173
0
0
0.990268
0
0
0
0.139173
0
0
0.990268
0
0
0
0.069756
0
0
0.997564
0
0
0
3
0.138135
0.120683
0.01696
0.982886
0
0
0
0.138135
0.120683
0.01696
0.982886
0
0
0
0.137818
-0.13781
-0.01936
0.98063
0
0
0
3
0.267238
0
0
0.96363
0
-0.2
-0.16
0.139173
0
0
0.990268
0
0.06
0.28
-0.03489
0
0
0.99939
0
0.06
0.28
2
-0.5664
0
0
0.824126
0
-0.08
0.2
-0.60181
0
0
0.798635
0
-0.08
0.2
2
-0.99862
0
0
0.052336
0
-0.32
-0.55999
-0.99862
0
0
0.052336
0
-0.34
-0.55999
2
-0.20791
0
0
0.978147
0
0
0
-0.41469
0
0
0.909961
0
0
0
neck
False
False
False
True
False
0.111
0.101
0.151
0
0
0
0
1
2
0
0
-4
0
None
7
2
-0.12186
0
0
0.992546
0
0.280229
1.000004
-0.12186
0
0
0.992546
0
0.280229
1.000004
3
-0.12186
0
0
0.992546
0
0.280229
1.000004
-0.12186
0
0
0.992546
0
0.280229
1.000004
-0.12186
0
0
0.992546
0
0.280229
1.000004
3
-0.12186
0
0
0.992546
0
0.280229
1.000004
-0.12186
0
0
0.992546
0
0.280229
1.000004
-0.11771
-0.25688
0.031542
0.958726
0
0.280229
1.000004
3
-0.12186
0
0
0.992546
0
0.280229
1.000004
-0.12186
0
0
0.992546
0
0.280229
1.000004
-0.12186
0
0
0.992546
0
0.280229
1.000004
2
0.182235
0
0
0.983255
0
-0.55445
0.999997
0.182235
0
0
0.983255
0
-0.55445
0.999997
2
-0.12186
0
0
0.992546
0
0.280229
1.000004
-0.12186
0
0
0.992546
0
0.280229
1.000004
2
0.139173
0
0
0.990268
0
-0.14034
1.000005
0.139173
0
0
0.990268
0
-0.14034
1.000005
head
False
False
False
False
False
0.151
0.111
0.091
0
0
0
1
5
3
4
12
13
16
0
0
-3
0
None
7
2
0.104528
0
0
0.994521
0
-0.04274
0.999998
0.104528
0
0
0.994521
0
-0.04274
0.999998
3
-0.06975
0
0
0.997564
0
-0.04274
0.999998
0.104528
0
0
0.994521
0
-0.04274
0.999998
0.104528
0
0
0.994521
0
-0.04274
0.999998
3
0.10294
0.172696
0.018151
0.979412
0
-0.04274
0.999998
0.104528
0
0
0.994521
0
-0.04274
0.999998
0.10413
-0.08667
-0.00911
0.990737
0
-0.04274
0.999998
3
0.587785
0
0
0.809016
0
-0.04274
0.999998
0.551937
0
0
0.833885
0
-0.04274
0.999998
-0.19936
0
0
0.979924
0
-0.04274
0.999998
2
0.104528
0
0
0.994521
0
-0.04274
0.999998
0.104528
0
0
0.994521
0
-0.04274
0.999998
2
-0.99984
0
0
0.017452
0
-0.04274
0.999998
-0.99984
0
0
0.017452
0
-0.04274
0.999998
2
0.104528
0
0
0.994521
0
-0.04274
0.999998
0.104528
0
0
0.994521
0
-0.04274
0.999998
snout
False
False
False
True
False
0.060999
0.061
0.081
0
0
0.02
2
2
14
15
0
0
-2
0
None
7
2
0.087092
-0.00237
0
0.996197
0.026193
-0.55827
1.000007
0.087092
-0.00237
0
0.996197
0.026193
-0.55827
1.000007
3
0.087092
-0.00237
0
0.996197
0.026193
-0.55827
1.000007
0.087092
-0.00237
0
0.996197
0.026193
-0.55827
1.000007
0.087092
-0.00237
0
0.996197
0.026193
-0.55827
1.000007
3
0.087092
-0.00237
0
0.996197
0.026193
-0.55827
1.000007
0.087092
-0.00237
0
0.996197
0.026193
-0.55827
1.000007
0.087092
-0.00237
0
0.996197
0.026193
-0.55827
1.000007
3
0.087092
-0.00237
0
0.996197
0.026193
-0.55827
1.000007
0.087092
-0.00237
0
0.996197
0.026193
-0.55827
1.000007
0.087092
-0.00237
0
0.996197
0.026193
-0.55827
1.000007
2
0.087092
-0.00237
0
0.996197
0.026193
-0.55827
1.000007
0.087092
-0.00237
0
0.996197
0.026193
-0.55827
1.000007
2
0.087092
-0.00237
0
0.996197
0.026193
-0.55827
1.000007
0.087092
-0.00237
0
0.996197
0.026193
-0.55827
1.000007
2
0.087092
-0.00237
0
0.996197
0.026193
-0.55827
1.000007
0.087092
-0.00237
0
0.996197
0.026193
-0.55827
1.000007
eyes
True
True
False
True
False
0.06
0.06
0.05
0
0
0.03
2
0
0
0
0
0
RegularEye
7
2
0
0
0
1
-0.51932
-0.16087
1.000003
0
0
0
1
-0.51932
-0.16087
1.000003
3
0
0
0
1
-0.51932
-0.16087
1.000003
0
0
0
1
-0.51932
-0.16087
1.000003
0
0
0
1
-0.51932
-0.16087
1.000003
3
0
0
0
1
-0.51932
-0.16087
1.000003
0
0
0
1
-0.51932
-0.16087
1.000003
0
0
0
1
-0.51932
-0.16087
1.000003
3
0
0
0
1
-0.51932
-0.16087
1.000003
0
0
0
1
-0.51932
-0.16087
1.000003
0
0
0
1
-0.51932
-0.16087
1.000003
2
0
0
0
1
-0.51932
-0.16087
1.000003
0
0
0
1
-0.51932
-0.16087
1.000003
2
0
0
0
1
-0.51932
-0.16087
1.000003
0
0
0
1
-0.51932
-0.16087
1.000003
2
0
0
0
1
-0.51932
-0.16087
1.000003
0
0
0
1
-0.51932
-0.16087
1.000003
shoulder
False
True
True
False
False
0.051
0.111
0.161
0
0
0
0
1
8
0
0
-5
0
None
7
2
-0.7547
0
0
0.656059
-1
-0.33649
0.908834
-0.7547
0
0
0.656059
-1
-0.52875
0.853444
3
-0.49999
0
0
0.866025
-1
-0.47907
0.537152
-0.68199
0
0
0.731353
-1
-0.21771
0.671499
-0.7547
0
0
0.656059
-1
-0.62062
0.908827
3
-0.73229
0.158715
-0.18258
0.636571
-1
-0.51431
0.841624
-0.7547
0
0
0.656059
-1
-0.18402
0.768428
-0.74908
-0.07995
0.091975
0.651169
-1
-0.62268
0.681205
3
-0.3665
0
0
0.930417
-1
-0.18927
0.528913
-0.99604
0.028375
0.082407
0.017386
-0.99999
0.440702
0.768415
-0.94471
0.051842
0.07006
0.316097
-1
-0.79873
0.908866
2
-0.66261
0
0
0.748956
-0.37802
-1
0.343649
-0.66261
0
0
0.748956
-0.37802
-1
0.343649
2
-0.58778
0
0
-0.80901
-1
-0.33649
0.908834
-0.58778
0
0
-0.80901
-1
-0.33649
0.908834
2
-0.76533
0.10928
0.13495
-0.61975
-0.99999
0.198517
0.908807
-0.50721
0.056534
0.164187
-0.84414
-1
0.724403
0.716084
hip
False
True
False
False
False
0.051
0.121
0.191
0
0
0
0
1
10
0
0
-5
0
None
7
2
-0.68199
0
0
0.731353
-1
-0.6122
-0.60234
-0.68199
0
0
0.731353
-1
-0.6122
-0.60234
3
-0.68199
0
0
0.731353
-1
-0.47993
-0.44231
-0.79863
0
0
0.601815
-0.99999
-0.63446
-0.30003
-0.51503
0
0
0.857167
-1
-0.74918
-0.76902
3
-0.66709
0.152057
-0.14179
0.715372
-0.99999
-0.82625
-0.60235
-0.68199
0
0
0.731353
-1
-0.30025
-0.60234
-0.6736
-0.1144
0.106688
0.722349
-1
-0.91706
-0.69652
3
-0.68199
0
0
0.731353
-1
-0.6122
-0.60234
-0.68199
0
0
0.731353
-1
-0.6122
-0.60234
-0.43051
0
0
0.902585
-1
-0.87913
-0.94847
2
-0.98628
0
0
0.165047
-1
-0.6122
-0.60234
-0.98628
0
0
0.165047
-1
-0.6122
-0.60234
2
-0.66913
0
0
-0.74314
-1
-0.6122
-0.60234
-0.66913
0
0
-0.74314
-1
-0.6122
-0.60234
2
-0.68199
0
0
0.731353
-1
-0.6122
-0.60234
-0.68199
0
0
0.731353
-1
-0.6122
-0.60234
tail
False
False
False
False
False
0.090999
0.121
0.311000
0
0
0.28
0
0
0
-4
-9
0
waspStripes
7
2
-0.97278
-0.02173
0.102244
0.206772
0.035804
0.420794
-1
-0.96862
0.028935
-0.13613
0.205888
0.035804
0.420794
-1
3
-0.91546
-0.00182
0.104512
0.38859
0.035804
0.420794
-1
-0.99391
-0.04582
0.093949
-0.0347
0.035804
0.420794
-1
-0.97278
-0.02173
0.102244
0.206772
0.035804
0.420794
-1
3
-0.97278
-0.02173
0.102244
0.206772
0.035804
0.420794
-1
-0.97278
-0.02173
0.102244
0.206772
0.035804
0.420794
-1
-0.97278
-0.02173
0.102244
0.206772
0.035804
0.420794
-1
3
-0.97278
-0.02173
0.102244
0.206772
0.035804
0.420794
-1
-0.70934
0.036606
0.097908
0.69707
0.035804
0.420794
-1
-0.93747
-0.0082
0.104206
0.331978
0.035804
0.420794
-1
2
-0.97278
-0.02173
0.102244
0.206772
0.035804
0.420794
-1
-0.97278
-0.02173
0.102244
0.206772
0.035804
0.420794
-1
2
0.052049
0.099961
0.030561
-0.99315
0.035804
0.420794
-1
0.052049
0.099961
0.030561
-0.99315
0.035804
0.420794
-1
2
-0.97278
-0.02173
0.102244
0.206772
0.035804
0.420794
-1
-0.97278
-0.02173
0.102244
0.206772
0.035804
0.420794
-1
arm
False
False
True
False
False
0.031
0.041
0.081000
0
0
-0.06
5
1
9
0
0
-10
0
None
7
2
-0.74314
0
0
0.66913
-0.10216
0
-0.99999
-0.74314
0
0
0.66913
-0.10216
0
-0.99999
3
-0.74314
0
0
0.66913
-0.10213
-0.60442
-1
-0.55919
0
0
0.829037
-0.10216
0
-0.99999
-0.89879
0
0
0.438371
-0.10217
-0.30333
-1
3
-0.72949
0.127676
-0.14179
0.656836
-0.10216
0
-0.99999
-0.61566
0
0
0.78801
-0.10216
0
-0.99999
-0.73185
-0.11619
0.129045
0.658965
-0.10217
-0.03053
-1.00001
3
-0.79863
0
0
0.601815
-0.10216
-0.04572
-1
-0.95105
0
0
-0.30901
-0.10217
-0.78484
-0.99999
-0.79863
0
0
0.601815
-0.10216
0
-0.99999
2
-0.74314
0
0
0.66913
-0.10216
0
-0.99999
-0.74314
0
0
0.66913
-0.10216
0
-0.99999
2
-0.60181
0
0
-0.79863
-0.10216
0
-0.99999
-0.60181
0
0
-0.79863
-0.10216
0
-0.99999
2
-0.64633
0.19234
0.173183
-0.71782
-0.10216
0
-0.99999
-0.2824
0.101128
0.238244
-0.92371
-0.10216
0
-0.99999
hand
False
False
True
False
False
0.041
0.021
0.051
0
0
0
8
0
0
0
-11
0
None
7
2
0.155577
-0.10324
-0.01635
0.982277
0.054133
-0.56968
-1.00001
0.155577
-0.10324
-0.01635
0.982277
0.054133
-0.56968
-1.00001
3
0.155577
-0.10324
-0.01635
0.982277
0.054133
-0.56968
-1.00001
0.155577
-0.10324
-0.01635
0.982277
0.054133
-0.56968
-1.00001
0.155577
-0.10324
-0.01635
0.982277
0.054133
-0.56968
-1.00001
3
0.155577
-0.10324
-0.01635
0.982277
0.054133
-0.56968
-1.00001
0.155577
-0.10324
-0.01635
0.982277
0.054133
-0.56968
-1.00001
0.155577
-0.10324
-0.01635
0.982277
0.054133
-0.56968
-1.00001
3
0.155577
-0.10324
-0.01635
0.982277
0.054133
-0.56968
-1.00001
0.155577
-0.10324
-0.01635
0.982277
0.054133
-0.56968
-1.00001
0.155577
-0.10324
-0.01635
0.982277
0.054133
-0.56968
-1.00001
2
0.155577
-0.10324
-0.01635
0.982277
0.054133
-0.56968
-1.00001
0.155577
-0.10324
-0.01635
0.982277
0.054133
-0.56968
-1.00001
2
-0.99209
-0.00729
0.104273
0.069374
0.054133
-0.56968
-1.00001
-0.99209
-0.00729
0.104273
0.069374
0.054133
-0.56968
-1.00001
2
-0.92986
0.301621
-0.13742
-0.15963
0.054133
-0.56968
-1.00001
-0.92986
0.301621
-0.13742
-0.15963
0.054133
-0.56968
-1.00001
leg
False
False
False
False
False
0.031
0.041
0.121
0
0
-0.02
6
1
11
0
0
-9
0
None
7
2
-0.7071
0
0
0.707106
-0.33145
0
-1
-0.7071
0
0
0.707106
-0.33145
0
-1
3
-0.52991
0
0
0.848048
-0.33145
0
-1
-0.77714
0
0
0.62932
-0.3314
-0.31949
-1
-0.5
0
0
0.866025
-0.33149
0.296557
-0.99999
3
-0.6861
0.171064
-0.17106
0.686102
-0.33145
0
-1
-0.52991
0
0
0.848048
-0.33145
0
-1
-0.68898
-0.15906
0.159064
0.688983
-0.33145
0
-1
3
-0.7071
0
0
0.707106
-0.33145
0
-1
-0.7071
0
0
0.707106
-0.33145
0
-1
-0.7071
0
0
0.707106
-0.33145
0
-1
2
-0.99619
0
0
0.087155
-0.33145
0
-1
-0.99619
0
0
0.087155
-0.33145
0
-1
2
-0.64278
0
0
-0.76604
-0.33145
0
-1
-0.64278
0
0
-0.76604
-0.33145
0
-1
2
-0.7071
0
0
0.707106
-0.33145
0
-1
-0.7071
0
0
0.707106
-0.33145
0
-1
foot
False
False
False
False
False
0.041
0.031
0.081
0
0
0.02
10
0
0
0
-9
0
None
7
2
0
-0.06975
0
0.997564
-0.07325
-0.19712
-1.00001
0
-0.06975
0
0.997564
-0.07325
-0.19712
-1.00001
3
0.241332
-0.06768
0.016875
0.967932
-0.07325
-0.19712
-1.00001
0
-0.06975
0
0.997564
-0.07325
-0.19712
-1.00001
0
-0.06975
0
0.997564
-0.07325
-0.19712
-1.00001
3
0
-0.06975
0
0.997564
-0.07325
-0.19712
-1.00001
0.308264
-0.06634
0.021555
0.948739
-0.07325
-0.19712
-1.00001
0
-0.06975
0
0.997564
-0.07325
-0.19712
-1.00001
3
0
-0.06975
0
0.997564
-0.07325
-0.19712
-1.00001
0
-0.06975
0
0.997564
-0.07325
-0.19712
-1.00001
0
-0.06975
0
0.997564
-0.07325
-0.19712
-1.00001
2
-0.60727
-0.05534
-0.04246
0.79142
-0.07325
-0.19712
-1.00001
-0.60727
-0.05534
-0.04246
0.79142
-0.07325
-0.19712
-1.00001
2
-0.99376
0.006079
0.069491
-0.08694
-0.07325
-0.19712
-1.00001
-0.99376
0.006079
0.069491
-0.08694
-0.07325
-0.19712
-1.00001
2
0
-0.06975
0
0.997564
-0.07325
-0.19712
-1.00001
0
-0.06975
0
0.997564
-0.07325
-0.19712
-1.00001
ear
False
True
False
True
True
0.091
0.061
0.011
0
0
0
2
0
0
0
-8
0
None
7
2
-0.08696
-0.40894
-0.43887
0.795354
-0.94804
0.999996
-0.3425
-0.08696
-0.40894
-0.43887
0.795354
-0.94804
0.999996
-0.3425
3
-0.08696
-0.40894
-0.43887
0.795354
-0.94804
0.999996
-0.3425
-0.08696
-0.40894
-0.43887
0.795354
-0.94804
0.999996
-0.3425
-0.08696
-0.40894
-0.43887
0.795354
-0.94804
0.999996
-0.3425
3
-0.08696
-0.40894
-0.43887
0.795354
-0.94804
0.999996
-0.3425
-0.08696
-0.40894
-0.43887
0.795354
-0.94804
0.999996
-0.3425
-0.08696
-0.40894
-0.43887
0.795354
-0.94804
0.999996
-0.3425
3
-0.08696
-0.40894
-0.43887
0.795354
-0.94804
0.999996
-0.3425
-0.08696
-0.40894
-0.43887
0.795354
-0.94804
0.999996
-0.3425
-0.08696
-0.40894
-0.43887
0.795354
-0.94804
0.999996
-0.3425
2
-0.08696
-0.40894
-0.43887
0.795354
-0.94804
0.999996
-0.3425
-0.08696
-0.40894
-0.43887
0.795354
-0.94804
0.999996
-0.3425
2
-0.08696
-0.40894
-0.43887
0.795354
-0.94804
0.999996
-0.3425
-0.08696
-0.40894
-0.43887
0.795354
-0.94804
0.999996
-0.3425
2
-0.08696
-0.40894
-0.43887
0.795354
-0.94804
0.999996
-0.3425
-0.08696
-0.40894
-0.43887
0.795354
-0.94804
0.999996
-0.3425
sideburns
False
True
False
True
False
0.051
0.061
0.081
0
0.02
0
2
0
0
0
-13
0
None
7
2
0.016776
0.275595
-0.00481
0.961115
-1
-0.5002
-0.38306
0.016776
0.275595
-0.00481
0.961115
-1
-0.5002
-0.38306
3
0.016776
0.275595
-0.00481
0.961115
-1
-0.5002
-0.38306
0.016776
0.275595
-0.00481
0.961115
-1
-0.5002
-0.38306
0.016776
0.275595
-0.00481
0.961115
-1
-0.5002
-0.38306
3
0.016776
0.275595
-0.00481
0.961115
-1
-0.5002
-0.38306
0.016776
0.275595
-0.00481
0.961115
-1
-0.5002
-0.38306
0.016776
0.275595
-0.00481
0.961115
-1
-0.5002
-0.38306
3
0.016776
0.275595
-0.00481
0.961115
-1
-0.5002
-0.38306
0.016776
0.275595
-0.00481
0.961115
-1
-0.5002
-0.38306
0.016776
0.275595
-0.00481
0.961115
-1
-0.5002
-0.38306
2
0.016776
0.275595
-0.00481
0.961115
-1
-0.5002
-0.38306
0.016776
0.275595
-0.00481
0.961115
-1
-0.5002
-0.38306
2
0.016776
0.275595
-0.00481
0.961115
-1
-0.5002
-0.38306
0.016776
0.275595
-0.00481
0.961115
-1
-0.5002
-0.38306
2
0.016776
0.275595
-0.00481
0.961115
-1
-0.5002
-0.38306
0.016776
0.275595
-0.00481
0.961115
-1
-0.5002
-0.38306
mouth
True
False
False
True
False
0.060000
0.08
0.05
0
0
0.01
3
0
0
0
0
0
CuteMouth
7
2
0
0
0
1
-0.22216
-0.10586
1.000014
0
0
0
1
-0.22219
0.117838
1.000032
3
0
0
0
1
-0.22219
0.117838
1.000032
0
0
0
1
-0.22219
0.117838
1.000032
0
0
0
1
-0.22219
0.117838
1.000032
3
0
0
0
1
-0.22219
0.117838
1.000032
0
0
0
1
-0.22219
0.117838
1.000032
0
0
0
1
-0.22219
0.117838
1.000032
3
0
0
0
1
-0.22216
-0.10586
1.000014
0
0
0
1
-0.22216
-0.10586
1.000014
0
0
0
1
-0.22216
-0.10586
1.000014
2
0
0
0
1
-0.22216
-0.10586
1.000014
0
0
0
1
-0.22216
-0.10586
1.000014
2
0
0
0
1
-0.22216
-0.10586
1.000014
0
0
0
1
-0.22216
-0.10586
1.000014
2
0
0
0
1
-0.22219
0.117838
1.000032
0
0
0
1
-0.22219
0.117838
1.000032
snouttip
False
False
False
True
False
0.031
0.031
0.021
0
0
0
3
0
0
0
-10
0
None
7
2
0
0
0
1
0
0.751314
1.000016
0
0
0
1
0
0.751314
1.000016
3
0
0
0
1
0
0.751314
1.000016
0
0
0
1
0
0.751314
1.000016
0
0
0
1
0
0.751314
1.000016
3
0
0
0
1
0
0.751314
1.000016
0
0
0
1
0
0.751314
1.000016
0
0
0
1
0
0.751314
1.000016
3
0
0
0
1
0
0.751314
1.000016
0
0
0
1
0
0.751314
1.000016
0
0
0
1
0
0.751314
1.000016
2
0
0
0
1
0
0.751314
1.000016
0
0
0
1
0
0.751314
1.000016
2
0
0
0
1
0
0.751314
1.000016
0
0
0
1
0
0.751314
1.000016
2
0
0
0
1
0
0.751314
1.000016
0
0
0
1
0
0.751314
1.000016
mask
False
True
False
True
False
0.081000
0.070999
0.011
0
0
0
2
0
0
0
-20
0
None
7
2
0
0
0.300705
0.953717
-0.73369
-0.26288
1.000011
0
0
0.300705
0.953717
-0.73369
-0.26288
1.000011
3
0
0
0.300705
0.953717
-0.73369
-0.26288
1.000011
0
0
0.300705
0.953717
-0.73369
-0.26288
1.000011
0
0
0.300705
0.953717
-0.73369
-0.26288
1.000011
3
0
0
0.300705
0.953717
-0.73369
-0.26288
1.000011
0
0
0.300705
0.953717
-0.73369
-0.26288
1.000011
0
0
0.300705
0.953717
-0.73369
-0.26288
1.000011
3
0
0
0.300705
0.953717
-0.73369
-0.26288
1.000011
0
0
0.300705
0.953717
-0.73369
-0.26288
1.000011
0
0
0.300705
0.953717
-0.73369
-0.26288
1.000011
2
0
0
0.300705
0.953717
-0.73369
-0.26288
1.000011
0
0
0.300705
0.953717
-0.73369
-0.26288
1.000011
2
0
0
0.300705
0.953717
-0.73369
-0.26288
1.000011
0
0
0.300705
0.953717
-0.73369
-0.26288
1.000011
2
0
0
0.300705
0.953717
-0.73369
-0.26288
1.000011
0
0
0.300705
0.953717
-0.73369
-0.26288
1.000011
