30
0.633400
0.427451
0.337254
0.588235
perk_vampire
false
0.112783
Jurrasic
Snapper
raptor
jurássico
destruidor
хищник
юрский
измельчитель
raptor
jurassic
gigitan
raptor
jurásico
mordisco
แร็พเตอร์
จูราสสิก
กัด
jurássicas
юрская
jurásica
M
M
M
Юрское
false
Scales
Sharp Tooth
Uncooked Meat
Bones
?
21
torso
False
False
False
False
False
0.12739
0.151958
0.317633
0
0
0
-1
4
1
5
6
7
0
0
0
0
None
7
2
0.026177
0
0
0.999657
0
0
0
0.026177
0
0
0.999657
0
0
0
3
0.069756
0
0
0.997564
0
0
0
0.113203
0
0
0.993571
0
0
0
0.113203
0
0
0.993571
0
0
0
3
-0.27358
0.117148
-0.03359
0.954096
0
0
0
-0.27563
0
0
0.961261
0
0
0
-0.27057
-0.18341
0.052594
0.9436
0
0
0
3
0.156434
0
0
0.987688
0
0
0
-0.10452
0
0
0.994521
0
0
0.3
-0.06104
0
0
0.998134
0
0
0.2
2
-0.3173
0
0
0.948323
0
0
0
-0.35836
0
0
0.93358
0
0
0
2
-0.99965
0
0
0.026177
0
-0.08
-0.55999
-0.99965
0
0
0.026177
0
-0.09999
-0.55999
2
-0.43837
0
0
0.898794
0
0
0
-0.55193
0
0
0.833885
0
0
0
neck
False
False
False
True
False
0.059985
0.086403
0.220106
0
0
0.12
0
1
2
0
0
-6
0
None
7
2
-0.40673
0
0
0.913545
0
0.458642
1.000001
-0.40673
0
0
0.913545
0
0.458642
1.000001
3
-0.24192
0
0
0.970295
0
0.458642
1.000001
-0.1132
0
0
0.993571
0
0.458642
1.000001
-0.19936
0
0
0.979924
0
0.458642
1.000001
3
-0.15643
0
0
0.987688
0
0.20037
1.000002
-0.15643
0
0
0.987688
0
0.20037
1.000002
-0.15643
0
0
0.987688
0
0.20037
1.000002
3
-0.40673
0
0
0.913545
0
0.458642
1.000001
-0.06975
0
0
0.997564
0
0.458642
1.000001
0.104528
0
0
0.994521
0
0.458642
1.000001
2
-0.62932
0
0
0.777146
0
-0.22796
1.000001
-0.62932
0
0
0.777146
0
-0.22796
1.000001
2
-0.06975
0
0
0.997564
0
-0.1251
0.999997
-0.06975
0
0
0.997564
0
-0.1251
0.999997
2
0.275637
0
0
0.961261
0
-0.97523
0.999999
0.398749
0
0
0.91706
0
-1
0.791448
head
False
False
False
False
False
0.065538
0.094552
0.10912
0
0
0
1
2
3
4
0
0
-4
0
None
7
2
-0.02617
0
0
0.999657
0
-0.21789
1.000002
-0.02617
0
0
0.999657
0
-0.21789
1.000002
3
0.061048
0
0
0.998134
0
-0.21789
1.000002
0.061048
0
0
0.998134
0
-0.21789
1.000002
0.061048
0
0
0.998134
0
-0.21789
1.000002
3
-0.06975
0
0
0.997564
0
0.11408
1.000002
-0.06975
0
0
0.997564
0
0.11408
1.000002
-0.06975
0
0
0.997564
0
0.11408
1.000002
3
0.622514
0
0
0.782608
0
-0.21789
1.000002
0.061048
0
0
0.998134
0
-0.21789
1.000002
0.233445
0
0
0.972369
0
-0.21789
1.000002
2
-0.02617
0
0
0.999657
0
-0.21789
1.000002
-0.02617
0
0
0.999657
0
-0.21789
1.000002
2
-0.87881
0
0
0.477159
0
-0.21789
1.000002
-0.87881
0
0
0.477159
0
-0.21789
1.000002
2
-0.06975
0
0
0.997564
0
0.11408
1.000002
-0.06975
0
0
0.997564
0
0.11408
1.000002
snout
False
False
False
True
False
0.064552
0.068998
0.118255
0
0
0.099999
2
2
16
17
0
0
-4
0
None
7
2
0.087092
-0.00237
0
0.996197
0.026194
0.285841
1.000011
0.087092
-0.00237
0
0.996197
0.026194
0.285841
1.000011
3
0.087092
-0.00237
0
0.996197
0.026194
0.285841
1.000011
0.087092
-0.00237
0
0.996197
0.026194
0.285841
1.000011
0.087092
-0.00237
0
0.996197
0.026194
0.285841
1.000011
3
0.087092
-0.00237
0
0.996197
0.026194
0.285848
0.999994
0.087092
-0.00237
0
0.996197
0.026194
0.285848
0.999994
0.087092
-0.00237
0
0.996197
0.026194
0.285848
0.999994
3
0.087092
-0.00237
0
0.996197
0.026194
0.285841
1.000011
0.087092
-0.00237
0
0.996197
0.026194
0.285841
1.000011
0.087092
-0.00237
0
0.996197
0.026194
0.285841
1.000011
2
0.087092
-0.00237
0
0.996197
0.026194
0.285841
1.000011
0.087092
-0.00237
0
0.996197
0.026194
0.285841
1.000011
2
0.087092
-0.00237
0
0.996197
0.026194
0.285841
1.000011
0.087092
-0.00237
0
0.996197
0.026194
0.285841
1.000011
2
0.087092
-0.00237
0
0.996197
0.026194
0.285848
0.999994
0.087092
-0.00237
0
0.996197
0.026194
0.285848
0.999994
eyes
True
True
False
True
False
0.043702
0.043702
0.036417
0
0
0.01
2
0
0
0
0
0
SeriousEye
7
2
0.132584
-0.60609
-0.1638
0.766967
-0.99999
0.559063
0.30907
0.079255
-0.61534
-0.09633
0.778326
-0.99999
0.559063
0.30907
3
0.083382
-0.5808
-0.09279
0.804426
-0.99999
0.559063
0.30907
0.083382
-0.5808
-0.09279
0.804426
-0.99999
0.559063
0.30907
0.083382
-0.5808
-0.09279
0.804426
-0.99999
0.559063
0.30907
3
0.04563
-0.25682
-0.28166
0.923374
-0.97622
0.157399
1.000001
0.04563
-0.25682
-0.28166
0.923374
-0.97622
0.157399
1.000001
0.04563
-0.25682
-0.28166
0.923374
-0.97622
0.157399
1.000001
3
0.083382
-0.5808
-0.09279
0.804426
-0.99999
0.559063
0.30907
0.083382
-0.5808
-0.09279
0.804426
-0.99999
0.559063
0.30907
0.083382
-0.5808
-0.09279
0.804426
-0.99999
0.559063
0.30907
2
0.132584
-0.60609
-0.1638
0.766967
-0.99999
0.559063
0.30907
0.132584
-0.60609
-0.1638
0.766967
-0.99999
0.559063
0.30907
2
0.132584
-0.60609
-0.1638
0.766967
-0.99999
0.559063
0.30907
0.132584
-0.60609
-0.1638
0.766967
-0.99999
0.559063
0.30907
2
0.04563
-0.25682
-0.28166
0.923374
-0.97622
0.157399
1.000001
0.04563
-0.25682
-0.28166
0.923374
-0.97622
0.157399
1.000001
shoulder
False
True
False
False
False
0.042579
0.06258
0.108133
0
0
-0.06
0
1
8
0
0
0
0
None
7
2
-0.87129
0.054848
-0.06773
0.482965
-0.99999
-0.3606
0.711506
-0.84939
0.051842
-0.07006
0.52051
-0.99999
-0.3606
0.711506
3
-0.87129
0.054848
-0.06773
0.482965
-0.99999
-0.3606
0.711506
-0.87129
0.054848
-0.06773
0.482965
-0.99999
-0.3606
0.711506
-0.87129
0.054848
-0.06773
0.482965
-0.99999
-0.3606
0.711506
3
-0.82903
0
0
0.559193
-0.46941
-1
0.795849
-0.82903
0
0
0.559193
-0.46941
-1
0.795849
-0.82903
0
0
0.559193
-0.46941
-1
0.795849
3
-0.87129
0.054848
-0.06773
0.482965
-0.99999
-0.3606
0.711506
-0.87129
0.054848
-0.06773
0.482965
-0.99999
-0.3606
0.711506
-0.87129
0.054848
-0.06773
0.482965
-0.99999
-0.3606
0.711506
2
-0.80153
-0.05805
0.065873
0.591465
-0.99999
-0.3606
0.711506
-0.80153
-0.05805
0.065873
0.591465
-0.99999
-0.3606
0.711506
2
-0.48296
-0.06773
-0.05484
-0.87129
-0.99999
-0.3606
0.711506
-0.48296
-0.06773
-0.05484
-0.87129
-0.99999
-0.3606
0.711506
2
0
0.484809
-0.87461
0
-0.66021
1
0.848342
0
0.325568
-0.94551
0
-0.37948
0.999998
0.850023
hip
False
True
True
False
False
0.043566
0.128255
0.178378
0
0
-0.06
0
1
9
0
0
0
0
None
7
2
-0.85662
0.067319
-0.20052
0.470581
-0.99999
-0.49861
-0.47174
-0.87633
0.076002
-0.19739
0.432768
-0.99999
-0.49861
-0.47174
3
-0.85662
0.067319
-0.20052
0.470581
-0.99999
-0.49861
-0.47174
-0.89438
0.08454
-0.19389
0.39413
-0.99999
-0.49861
-0.47174
-0.35002
-0.09267
-0.23643
0.901661
-1
-0.85299
-0.77473
3
-0.67098
0.186178
-0.17979
0.694829
-1
-0.61023
-0.71834
-0.55919
0
0
0.829037
-1
-0.06092
-0.67828
-0.5523
-0.12969
0.087477
0.81883
-0.96888
-0.44753
-1
3
-0.85662
0.067319
-0.20052
0.470581
-0.99999
-0.49861
-0.47174
-0.57749
-0.02373
-0.21018
0.788518
-0.99999
-0.49861
-0.47174
-0.92533
0.101117
-0.18578
0.31468
-0.99999
-0.49861
-0.47174
2
-0.97712
0.152303
-0.14677
0.021864
-0.99999
-0.49861
-0.47174
-0.97712
0.152303
-0.14677
0.021864
-0.99999
-0.49861
-0.47174
2
-0.47058
-0.20052
-0.06731
-0.85662
-0.99999
-0.49861
-0.47174
-0.47058
-0.20052
-0.06731
-0.85662
-0.99999
-0.49861
-0.47174
2
-0.55919
0
0
0.829037
-1
-0.17017
-0.83273
-0.55919
0
0
0.829037
-1
-0.17017
-0.83273
tail
False
False
False
False
False
0.089984
0.109985
0.235663
0
0
0.14
0
1
14
0
0
0
0
None
7
2
-0.97668
-0.03719
-0.13411
0.163441
0.035806
0.519456
-0.99999
-0.98513
-0.065
0.037525
0.1545
0.035806
0.519456
-0.99999
3
-0.97668
-0.03719
-0.13411
0.163441
0.035806
0.519456
-0.99999
-0.96128
-0.0228
-0.21872
0.166061
0.035806
0.519456
-0.99999
-0.98583
-0.0582
-0.00548
0.157188
0.035806
0.519456
-0.99999
3
-0.99802
0.001826
0.034851
-0.0523
0.035806
0.519456
-0.99999
-0.98891
-0.00728
-0.13898
-0.05182
0.035806
0.519456
-0.99999
-0.98561
-0.12836
-0.09926
-0.04715
0.035806
0.519456
-0.99999
3
-0.93346
-0.05991
-0.12561
0.330558
0.035806
0.519456
-0.99999
-0.95425
0.02297
-0.13726
-0.26463
0.035808
0.137182
-0.99999
-0.99023
-0.01333
-0.13853
-0.00864
0.035806
0.519456
-0.99999
2
-0.86188
-0.08081
-0.1133
0.487631
0.035806
0.519456
-0.99999
-0.86188
-0.08081
-0.1133
0.487631
0.035806
0.519456
-0.99999
2
0.180461
-0.13874
-0.01091
-0.97368
0.035806
0.519456
-0.99999
0.180461
-0.13874
-0.01091
-0.97368
0.035806
0.519456
-0.99999
2
-0.98891
-0.00728
-0.13898
-0.05182
0.035806
0.519456
-0.99999
-0.98891
-0.00728
-0.13898
-0.05182
0.035806
0.519456
-0.99999
arm
False
False
False
False
False
0.025295
0.032579
0.098998
0
0
-0.06
5
1
18
0
0
0
0
None
7
2
-0.63607
0
0
0.771624
-0.07674
-0.31299
-0.99999
-0.5664
0
0
0.824125
-0.07674
-0.31299
-0.99999
3
-0.63607
0
0
0.771624
-0.07674
-0.31299
-0.99999
-0.63607
0
0
0.771624
-0.07674
-0.31299
-0.99999
-0.63607
0
0
0.771624
-0.07674
-0.31299
-0.99999
3
-0.73135
0
0
0.681998
-0.19783
-0.10884
-0.99999
-0.73135
0
0
0.681998
-0.19783
-0.10884
-0.99999
-0.73135
0
0
0.681998
-0.19783
-0.10884
-0.99999
3
-0.63607
0
0
0.771624
-0.07674
-0.31299
-0.99999
-0.63607
0
0
0.771624
-0.07674
-0.31299
-0.99999
-0.63607
0
0
0.771624
-0.07674
-0.31299
-0.99999
2
-0.63607
0
0
0.771624
-0.07674
-0.31299
-0.99999
-0.63607
0
0
0.771624
-0.07674
-0.31299
-0.99999
2
-0.77162
0
0
-0.63607
-0.07674
-0.31299
-0.99999
-0.77162
0
0
-0.63607
-0.07674
-0.31299
-0.99999
2
0.309083
0.6181
-0.66283
-0.28822
-0.19783
-0.10884
-0.99999
0.141072
0.2422
-0.87334
-0.39837
-0.19783
-0.10884
-0.99999
leg
False
False
True
False
False
0.040849
0.073566
0.165539
0
0
-0.12
6
1
10
0
0
0
0
None
7
2
-0.38182
-0.11612
-0.24121
0.884613
-0.3055
-0.6001
-1
-0.38182
-0.11612
-0.24121
0.884613
-0.3055
-0.6001
-1
3
-0.38182
-0.11612
-0.24121
0.884613
-0.3055
-0.6001
-1
-0.8955
0.08845
-0.25267
0.355523
-0.30554
-0.13879
-0.99999
-0.42004
-0.10549
-0.24604
0.867116
-0.30554
-0.13879
-0.99999
3
-0.72899
0.1698
-0.19533
0.633704
-0.08563
0.318864
-0.99999
-0.7547
0
0
0.656059
-0.08563
0.318864
-0.99999
-0.74541
-0.10263
0.118062
0.647982
-0.08563
0.318864
-0.99999
3
-0.38182
-0.11612
-0.24121
0.884613
-0.3055
-0.6001
-1
-0.52963
-0.07247
-0.25771
0.80487
0.09547
-0.13348
-1.00001
-0.38182
-0.11612
-0.24121
0.884613
-0.3055
-0.6001
-1
2
-0.86111
0.066092
-0.25942
0.432219
-0.3055
-0.6001
-1
-0.86111
0.066092
-0.25942
0.432219
-0.3055
-0.6001
-1
2
-0.88461
-0.24121
0.116123
-0.38182
-0.3055
-0.6001
-1
-0.88461
-0.24121
0.116123
-0.38182
-0.3055
-0.6001
-1
2
-0.7547
0
0
0.656059
-0.08563
0.318864
-0.99999
-0.7547
0
0
0.656059
-0.08563
0.318864
-0.99999
foot
False
False
True
False
False
0.060849
0.044431
0.146403
0
0
0
9
3
11
12
13
0
0
0
0
None
7
2
0.492423
0
0
0.870355
0.570822
-0.99999
-0.98201
0.492423
0
0
0.870355
0.570822
-0.99999
-0.98201
3
0.492423
0
0
0.870355
0.570822
-0.99999
-0.98201
0.374606
0
0
0.927183
0.946588
-0.06163
-0.99999
0.601815
0
0
0.798635
0.991592
-0.27407
-1
3
0.120683
-0.13813
-0.01696
0.982886
-0.0733
-0.79829
-0.99999
0.121869
0
0
0.992546
-0.0733
-0.79829
-0.99999
0.11963
0.189386
0.023253
0.97431
-0.0733
-0.79829
-0.99999
3
0.492423
0
0
0.870355
0.570822
-0.99999
-0.98201
0.83867
0
0
0.544638
0.844053
0.260617
-1
0.492423
0
0
0.870355
0.570822
-0.99999
-0.98201
2
-0.18223
0
0
0.983255
0.570822
-0.99999
-0.98201
-0.18223
0
0
0.983255
0.570822
-0.99999
-0.98201
2
-0.87035
0
0
0.492423
0.570822
-0.99999
-0.98201
-0.87035
0
0
0.492423
0.570822
-0.99999
-0.98201
2
0.121869
0
0
0.992546
-0.0733
-0.79829
-0.99999
0.121869
0
0
0.992546
-0.0733
-0.79829
-0.99999
toe
False
False
True
True
False
0.029863
0.037147
0.08085
0
0
0.06
10
0
0
0
-9
0
None
7
2
-0.46947
0
0
0.882947
0
0
0.999996
-0.46947
0
0
0.882947
0
0
0.999996
3
-0.46947
0
0
0.882947
0
0
0.999996
-0.46947
0
0
0.882947
0
0
0.999996
-0.46947
0
0
0.882947
0
0
0.999996
3
-0.13917
0
0
0.990268
0
0
0.999996
-0.13917
0
0
0.990268
0
0
0.999996
-0.13917
0
0
0.990268
0
0
0.999996
3
-0.46947
0
0
0.882947
0
0
0.999996
-0.46947
0
0
0.882947
0
0
0.999996
-0.46947
0
0
0.882947
0
0
0.999996
2
-0.46947
0
0
0.882947
0
0
0.999996
-0.46947
0
0
0.882947
0
0
0.999996
2
-0.46947
0
0
0.882947
0
0
0.999996
-0.46947
0
0
0.882947
0
0
0.999996
2
-0.13917
0
0
0.990268
0
0
0.999996
-0.13917
0
0
0.990268
0
0
0.999996
toe3
False
False
True
True
False
0.029863
0.037147
0.069985
0
0
0
10
0
0
0
-9
0
None
7
2
-0.47999
-0.15567
0.047337
0.86205
-0.76875
0.031211
1.000002
-0.47999
-0.15567
0.047337
0.86205
-0.76875
0.031211
1.000002
3
-0.47999
-0.15567
0.047337
0.86205
-0.76875
0.031211
1.000002
-0.47999
-0.15567
0.047337
0.86205
-0.76875
0.031211
1.000002
-0.47999
-0.15567
0.047337
0.86205
-0.76875
0.031211
1.000002
3
-0.13366
-0.22634
0.012584
0.964751
-0.76875
0.031211
1.000002
-0.13366
-0.22634
0.012584
0.964751
-0.76875
0.031211
1.000002
-0.13366
-0.22634
0.012584
0.964751
-0.76875
0.031211
1.000002
3
-0.47999
-0.15567
0.047337
0.86205
-0.76875
0.031211
1.000002
-0.47999
-0.15567
0.047337
0.86205
-0.76875
0.031211
1.000002
-0.47999
-0.15567
0.047337
0.86205
-0.76875
0.031211
1.000002
2
-0.47999
-0.15567
0.047337
0.86205
-0.76875
0.031211
1.000002
-0.47999
-0.15567
0.047337
0.86205
-0.76875
0.031211
1.000002
2
-0.47999
-0.15567
0.047337
0.86205
-0.76875
0.031211
1.000002
-0.47999
-0.15567
0.047337
0.86205
-0.76875
0.031211
1.000002
2
-0.13366
-0.22634
0.012584
0.964751
-0.76875
0.031211
1.000002
-0.13366
-0.22634
0.012584
0.964751
-0.76875
0.031211
1.000002
toe2
False
False
True
True
False
0.029863
0.037147
0.117268
0
0
0.099999
10
0
0
0
-9
0
None
7
2
-0.83078
0.117536
0.191802
0.509106
1.000009
-0.54083
0.924072
-0.83078
0.117536
0.191802
0.509106
1.000009
-0.54083
0.924072
3
-0.83078
0.117536
0.191802
0.509106
1.000009
-0.54083
0.924072
-0.83078
0.117536
0.191802
0.509106
1.000009
-0.54083
0.924072
-0.83078
0.117536
0.191802
0.509106
1.000009
-0.54083
0.924072
3
-0.10184
0.223718
0.023513
0.969032
0.750086
0
1.000002
-0.10184
0.223718
0.023513
0.969032
0.750086
0
1.000002
-0.10184
0.223718
0.023513
0.969032
0.750086
0
1.000002
3
-0.83078
0.117536
0.191802
0.509106
1.000009
-0.54083
0.924072
-0.83078
0.117536
0.191802
0.509106
1.000009
-0.54083
0.924072
-0.83078
0.117536
0.191802
0.509106
1.000009
-0.54083
0.924072
2
-0.83078
0.117536
0.191802
0.509106
1.000009
-0.54083
0.924072
-0.83078
0.117536
0.191802
0.509106
1.000009
-0.54083
0.924072
2
-0.83078
0.117536
0.191802
0.509106
1.000009
-0.54083
0.924072
-0.83078
0.117536
0.191802
0.509106
1.000009
-0.54083
0.924072
2
-0.10184
0.223718
0.023513
0.969032
0.750086
0
1.000002
-0.10184
0.223718
0.023513
0.969032
0.750086
0
1.000002
tailext
False
False
False
False
False
0.060849
0.088133
0.219241
0
0
-0.12
7
1
15
0
0
0
0
None
7
2
0.463691
-0.13812
-0.07344
0.872077
-0.02028
-0.53667
0.999999
0.4565
0.20612
0.109596
0.858551
-0.02028
-0.53667
0.999999
3
0.463691
-0.13812
-0.07344
0.872077
-0.02028
-0.53667
0.999999
0.450138
-0.25077
-0.13333
0.846587
-0.02028
-0.53667
0.999999
0.451285
0.243373
0.129404
0.848743
-0.02028
-0.53667
0.999999
3
0.43215
-0.34499
-0.18343
0.812757
-0.02028
-0.53667
0.999999
0.465972
0.107604
0.057214
0.876366
-0.02028
-0.53667
0.999999
0.438441
0.247917
0.120767
0.855407
-0.02028
-0.53667
0.999999
3
0.463691
-0.13812
-0.07344
0.872077
-0.02028
-0.53667
0.999999
-0.24729
-0.05221
-0.14746
0.956228
-0.02028
-0.53667
0.999999
0.463691
-0.13812
-0.07344
0.872077
-0.02028
-0.53667
0.999999
2
0.762124
-0.15571
-0.01499
0.628247
-0.02028
-0.53667
0.999999
0.762124
-0.15571
-0.01499
0.628247
-0.02028
-0.53667
0.999999
2
-0.87207
-0.07344
0.138123
0.463691
-0.02028
-0.53667
0.999999
-0.87207
-0.07344
0.138123
0.463691
-0.02028
-0.53667
0.999999
2
0.463691
-0.13812
-0.07344
0.872077
-0.02028
-0.53667
0.999999
0.463691
-0.13812
-0.07344
0.872077
-0.02028
-0.53667
0.999999
tailtip
False
False
False
False
False
0.036282
0.051714
0.182822
0
0
-0.14
14
0
0
0
0
0
None
7
2
0.068474
-0.19034
-0.01331
0.979236
0.331839
-0.02207
-1
0.069732
0.026113
0.001826
0.997222
0.331839
-0.02207
-1
3
0.068474
-0.19034
-0.01331
0.979236
0.331839
-0.02207
-1
0.062696
-0.4373
-0.03057
0.896604
0.331839
-0.02207
-1
0.068897
0.156053
0.010912
0.985282
0.331839
-0.02207
-1
3
0.068474
-0.19034
-0.01331
0.979236
0.331839
-0.02207
-1
0.065123
0.357495
0.024998
0.931306
0.331839
-0.02207
-1
0.058502
0.543312
0.037992
0.836627
0.04621
0.004115
-0.99999
3
0.068474
-0.19034
-0.01331
0.979236
0.331839
-0.02207
-1
0.068474
-0.19034
-0.01331
0.979236
0.331839
-0.02207
-1
0.068474
-0.19034
-0.01331
0.979236
0.331839
-0.02207
-1
2
0.068474
-0.19034
-0.01331
0.979236
0.331839
-0.02207
-1
0.068474
-0.19034
-0.01331
0.979236
0.331839
-0.02207
-1
2
-0.97923
-0.01331
0.190344
0.068475
0.331839
-0.02207
-1
-0.97923
-0.01331
0.190344
0.068475
0.331839
-0.02207
-1
2
0.068474
-0.19034
-0.01331
0.979236
0.331839
-0.02207
-1
0.068474
-0.19034
-0.01331
0.979236
0.331839
-0.02207
-1
jaw
False
False
False
True
False
0.052701
0.036282
0.108133
0
0
0
3
0
0
0
0
0
None
7
2
-0.04361
0
0
0.999048
0
-1.00001
-0.0033
-0.04361
0
0
0.999048
0
-1.00001
-0.0033
3
-0.04361
0
0
0.999048
0
-1.00001
-0.0033
-0.04361
0
0
0.999048
0
-1.00001
-0.0033
-0.04361
0
0
0.999048
0
-1.00001
-0.0033
3
-0.04361
0
0
0.999048
0
-1
0.338603
-0.04361
0
0
0.999048
0
-1
0.338603
-0.04361
0
0
0.999048
0
-1
0.338603
3
-0.04361
0
0
0.999048
0
-1.00001
-0.0033
-0.04361
0
0
0.999048
0
-1.00001
-0.0033
-0.04361
0
0
0.999048
0
-1.00001
-0.0033
2
-0.04361
0
0
0.999048
0
-1.00001
-0.0033
-0.04361
0
0
0.999048
0
-1.00001
-0.0033
2
-0.04361
0
0
0.999048
0
-1.00001
-0.0033
-0.04361
0
0
0.999048
0
-1.00001
-0.0033
2
-0.04361
0
0
0.999048
0
-1
0.338603
-0.04361
0
0
0.999048
0
-1
0.338603
fang
False
True
False
True
False
0.001
0.021
0.011
0
-0.02
0
3
0
0
-11
14
0
None
7
2
0
0
0
1
-0.81199
-0.99999
-0.45443
0
0
0
1
-0.81199
-0.99999
-0.45443
3
0
0
0
1
-0.81199
-0.99999
-0.45443
0
0
0
1
-0.81199
-0.99999
-0.45443
0
0
0
1
-0.81199
-0.99999
-0.45443
3
0
0
0
1
-0.81199
-0.99999
-0.45443
0
0
0
1
-0.81199
-0.99999
-0.45443
0
0
0
1
-0.81199
-0.99999
-0.45443
3
0
0
0
1
-0.81199
-0.99999
-0.45443
0
0
0
1
-0.81199
-0.99999
-0.45443
0
0
0
1
-0.81199
-0.99999
-0.45443
2
0
0
0
1
-0.81199
-0.99999
-0.45443
0
0
0
1
-0.81199
-0.99999
-0.45443
2
0
0
0
1
-0.81199
-0.99999
-0.45443
0
0
0
1
-0.81199
-0.99999
-0.45443
2
0
0
0
1
-0.81199
-0.99999
-0.45443
0
0
0
1
-0.81199
-0.99999
-0.45443
hand
False
False
False
True
False
0.041
0.031
0.061
0
-0.02
-0.02
8
2
19
20
0
0
0
0
None
7
2
0.313252
-0.04831
-0.21796
0.923054
0.715866
0.68465
-1
0.313252
-0.04831
-0.21796
0.923054
0.715866
0.68465
-1
3
0.313252
-0.04831
-0.21796
0.923054
0.715866
0.68465
-1
0.313252
-0.04831
-0.21796
0.923054
0.715866
0.68465
-1
0.313252
-0.04831
-0.21796
0.923054
0.715866
0.68465
-1
3
0.313252
-0.04831
-0.21796
0.923054
0.715866
0.68465
-1
0.313252
-0.04831
-0.21796
0.923054
0.715866
0.68465
-1
0.313252
-0.04831
-0.21796
0.923054
0.715866
0.68465
-1
3
0.313252
-0.04831
-0.21796
0.923054
0.715866
0.68465
-1
0.313252
-0.04831
-0.21796
0.923054
0.715866
0.68465
-1
0.313252
-0.04831
-0.21796
0.923054
0.715866
0.68465
-1
2
0.313252
-0.04831
-0.21796
0.923054
0.715866
0.68465
-1
0.313252
-0.04831
-0.21796
0.923054
0.715866
0.68465
-1
2
0.313252
-0.04831
-0.21796
0.923054
0.715866
0.68465
-1
0.313252
-0.04831
-0.21796
0.923054
0.715866
0.68465
-1
2
0.313252
-0.04831
-0.21796
0.923054
0.715866
0.68465
-1
0.313252
-0.04831
-0.21796
0.923054
0.715866
0.68465
-1
finger
False
False
False
True
False
0.021
0.021
0.041
0
0
-0.02
18
0
0
0
0
0
None
7
2
0.866025
0
0
0.499999
-0.46961
0.999998
-0.55521
0.866025
0
0
0.499999
-0.46961
0.999998
-0.55521
3
0.866025
0
0
0.499999
-0.46961
0.999998
-0.55521
0.866025
0
0
0.499999
-0.46961
0.999998
-0.55521
0.866025
0
0
0.499999
-0.46961
0.999998
-0.55521
3
0.866025
0
0
0.499999
-0.46961
0.999998
-0.55521
0.866025
0
0
0.499999
-0.46961
0.999998
-0.55521
0.866025
0
0
0.499999
-0.46961
0.999998
-0.55521
3
0.866025
0
0
0.499999
-0.46961
0.999998
-0.55521
0.866025
0
0
0.499999
-0.46961
0.999998
-0.55521
0.866025
0
0
0.499999
-0.46961
0.999998
-0.55521
2
0.866025
0
0
0.499999
-0.46961
0.999998
-0.55521
0.866025
0
0
0.499999
-0.46961
0.999998
-0.55521
2
0.866025
0
0
0.499999
-0.46961
0.999998
-0.55521
0.866025
0
0
0.499999
-0.46961
0.999998
-0.55521
2
0.866025
0
0
0.499999
-0.46961
0.999998
-0.55521
0.866025
0
0
0.499999
-0.46961
0.999998
-0.55521
finger2
False
False
False
True
False
0.021
0.041
0.031
0
0.04
0
18
0
0
0
0
0
None
7
2
0.216439
0
0
0.976296
0.439169
1.000011
-0.50932
0.216439
0
0
0.976296
0.439169
1.000011
-0.50932
3
0.216439
0
0
0.976296
0.439169
1.000011
-0.50932
0.216439
0
0
0.976296
0.439169
1.000011
-0.50932
0.216439
0
0
0.976296
0.439169
1.000011
-0.50932
3
0.216439
0
0
0.976296
0.439169
1.000011
-0.50932
0.216439
0
0
0.976296
0.439169
1.000011
-0.50932
0.216439
0
0
0.976296
0.439169
1.000011
-0.50932
3
0.216439
0
0
0.976296
0.439169
1.000011
-0.50932
0.216439
0
0
0.976296
0.439169
1.000011
-0.50932
0.216439
0
0
0.976296
0.439169
1.000011
-0.50932
2
0.216439
0
0
0.976296
0.439169
1.000011
-0.50932
0.216439
0
0
0.976296
0.439169
1.000011
-0.50932
2
0.216439
0
0
0.976296
0.439169
1.000011
-0.50932
0.216439
0
0
0.976296
0.439169
1.000011
-0.50932
2
0.216439
0
0
0.976296
0.439169
1.000011
-0.50932
0.216439
0
0
0.976296
0.439169
1.000011
-0.50932
