30
0.387824
0.529411
0.164705
0.121568
perk_disguise
false
0.600000
soft
panda
panda vermelho
suave
panda
kрасная панда
мягкий
панда
panda merah
lembut
panda
panda rojo
suave
panda
แพนด้าแดง
อ่อนนุ่ม
แพนด้า
suave
мягкая
suave
M
F
F
мягкoe
false
Sharp Tooth
Fur
Uncooked Meat
Bones
?
17
torso
False
False
False
False
False
0.211
0.151
0.351
0
0
0
-1
5
1
5
6
7
16
0
0
0
0
None
7
2
0.017452
0
0
0.999847
0
0
0
0.061048
0
0
0.998134
0
0
0
3
0.104528
0
0
0.994521
0
0
0
-0.06975
0
0
0.997564
0
0
0
-0.06975
0
0
0.997564
0
0
0
3
0.017386
0.087142
0.001521
0.996043
0
0
0
-0.12186
0
0
0.992546
0
0
0
0.017322
-0.12185
-0.00212
0.992395
0
0
0
3
0.104528
0
0
0.994521
0
-0.06
-0.16
0.104528
0
0
0.994521
0
0
0.26
-0.19936
0
0
0.979924
0
0
0.32
2
-0.3665
0
0
0.930417
0
0.099999
0.28
-0.40673
0
0
0.913545
0
0.099999
0.28
2
-0.99984
0
0
0.017452
0
-0.32
-0.55999
-0.99984
0
0
0.017452
0
-0.34
-0.55999
2
-0.24192
0
0
0.970295
0
0
0
-0.40673
0
0
0.913545
0
0
0
neck
False
False
False
True
False
0.091
0.091
0.131
0
0
0
0
1
2
0
0
0
0
None
7
2
-0.12186
0
0
0.992546
-0.02271
0.153219
1
-0.16504
0
0
0.986285
-0.02271
0.226744
0.999997
3
-0.12186
0
0
0.992546
-0.02271
0.153219
1
-0.12186
0
0
0.992546
-0.02271
0.153219
1
-0.12186
0
0
0.992546
-0.02271
0.153219
1
3
-0.52991
0
0
0.848048
-0.02029
0.999999
0.893208
-0.52991
0
0
0.848048
-0.02029
0.999999
0.893208
-0.52991
0
0
0.848048
-0.02029
0.999999
0.893208
3
0.139173
0
0
0.990268
-0.02271
0.153219
1
0.139173
0
0
0.990268
-0.02271
0.153219
1
0.139173
0
0
0.990268
-0.02271
0.153219
1
2
0.052336
0
0
0.998629
-0.02271
-0.28677
0.999999
0.052336
0
0
0.998629
-0.02271
-0.28677
0.999999
2
-0.12186
0
0
0.992546
-0.02271
0.153219
1
-0.12186
0
0
0.992546
-0.02271
0.153219
1
2
-0.03489
0
0
0.99939
-0.02271
0.230347
0.999997
-0.03489
0
0
0.99939
-0.02271
0.230347
0.999997
head
False
False
False
False
False
0.141
0.111
0.091
0
0
0
1
4
3
4
12
13
0
0
0
0
None
7
2
0.052336
0
0
0.998629
0
-0.24951
1.000003
0.052336
0
0
0.998629
0
-0.24951
1.000003
3
0.052336
0
0
0.998629
0
-0.24951
1.000003
0.095845
0
0
0.995396
0
-0.24951
1.000003
0.052336
0
0
0.998629
0
-0.24951
1.000003
3
-0.12186
0
0
0.992546
0
-0.05643
0.999997
-0.12186
0
0
0.992546
0
-0.05643
0.999997
-0.12186
0
0
0.992546
0
-0.05643
0.999997
3
0.544639
0
0
0.83867
0
-0.24951
1.000003
0.182235
0
0
0.983255
0
-0.24951
1.000003
-0.16504
0
0
0.986285
0
-0.24951
1.000003
2
0.095845
0
0
0.995396
0
-0.24951
1.000003
0.095845
0
0
0.995396
0
-0.24951
1.000003
2
-0.99862
0
0
0.052336
0
-0.24951
1.000003
-0.99862
0
0
0.052336
0
-0.24951
1.000003
2
-0.12186
0
0
0.992546
0
-0.05643
0.999997
-0.12186
0
0
0.992546
0
-0.05643
0.999997
snout
False
False
False
True
False
0.061
0.041
0.061
0
0
0.02
2
2
14
15
0
-20
9
0
None
7
2
0.034835
-0.00234
0
0.99939
0.026195
-0.49039
0.999997
0.034835
-0.00234
0
0.99939
0.026195
-0.49039
0.999997
3
0.034835
-0.00234
0
0.99939
0.026195
-0.49039
0.999997
0.034835
-0.00234
0
0.99939
0.026195
-0.49039
0.999997
0.034835
-0.00234
0
0.99939
0.026195
-0.49039
0.999997
3
0.034835
-0.00234
0
0.99939
0.026194
-0.59795
1.000007
0.034835
-0.00234
0
0.99939
0.026194
-0.59795
1.000007
0.034835
-0.00234
0
0.99939
0.026194
-0.59795
1.000007
3
0.034835
-0.00234
0
0.99939
0.026195
-0.49039
0.999997
0.034835
-0.00234
0
0.99939
0.026195
-0.49039
0.999997
0.034835
-0.00234
0
0.99939
0.026195
-0.49039
0.999997
2
0.034835
-0.00234
0
0.99939
0.026195
-0.49039
0.999997
0.034835
-0.00234
0
0.99939
0.026195
-0.49039
0.999997
2
0.034835
-0.00234
0
0.99939
0.026195
-0.49039
0.999997
0.034835
-0.00234
0
0.99939
0.026195
-0.49039
0.999997
2
0.034835
-0.00234
0
0.99939
0.026194
-0.59795
1.000007
0.034835
-0.00234
0
0.99939
0.026194
-0.59795
1.000007
eyes
True
True
False
True
False
0.05
0.04
0.049999
0
0
0.01
2
0
0
0
0
0
BlackEye
7
2
-0.08707
-0.04345
-0.0038
0.995246
-0.6869
0.122608
1.000012
-0.08707
-0.04345
-0.0038
0.995246
-0.6869
0.122608
1.000012
3
-0.08707
-0.04345
-0.0038
0.995246
-0.6869
0.122608
1.000012
-0.08707
-0.04345
-0.0038
0.995246
-0.6869
0.122608
1.000012
-0.08707
-0.04345
-0.0038
0.995246
-0.6869
0.122608
1.000012
3
-0.08707
-0.04345
-0.0038
0.995246
-0.52637
0.117918
1.000007
-0.08707
-0.04345
-0.0038
0.995246
-0.52637
0.117918
1.000007
-0.08707
-0.04345
-0.0038
0.995246
-0.52637
0.117918
1.000007
3
-0.08707
-0.04345
-0.0038
0.995246
-0.6869
0.122608
1.000012
-0.08707
-0.04345
-0.0038
0.995246
-0.6869
0.122608
1.000012
-0.08707
-0.04345
-0.0038
0.995246
-0.6869
0.122608
1.000012
2
-0.08707
-0.04345
-0.0038
0.995246
-0.6869
0.122608
1.000012
-0.08707
-0.04345
-0.0038
0.995246
-0.6869
0.122608
1.000012
2
-0.08707
-0.04345
-0.0038
0.995246
-0.6869
0.122608
1.000012
-0.08707
-0.04345
-0.0038
0.995246
-0.6869
0.122608
1.000012
2
-0.08707
-0.04345
-0.0038
0.995246
-0.52637
0.117918
1.000007
-0.08707
-0.04345
-0.0038
0.995246
-0.52637
0.117918
1.000007
shoulder
False
True
True
False
False
0.051
0.111
0.101
0.02
0
0
0
1
8
0
5
-9
0
None
7
2
-0.60181
0
0
0.798635
-0.99999
-0.75498
0.5036
-0.60181
0
0
0.798635
-0.99999
-0.75498
0.5036
3
-0.45399
0
0
0.891006
-0.99999
-0.75498
0.5036
-0.52991
0
0
0.848048
-0.99999
-0.75498
0.5036
-0.78801
0
0
0.615661
-0.99999
-0.90907
0.680753
3
-0.73821
0.136402
-0.15691
0.641722
-1
-0.8175
0.683639
-0.66913
0
0
0.743144
-1
-0.43013
0.545969
-0.5944
-0.12493
0.094144
0.788803
-0.99273
-0.99999
0.325328
3
-0.3338
0
0
0.942641
-0.99999
-0.75498
0.5036
-0.49242
0
0
0.870355
-0.99999
-0.75498
0.5036
-0.83867
0
0
0.544639
-0.99999
-0.75498
0.5036
2
-0.5664
0
0
0.824126
-0.56217
-1
0.283132
-0.5664
0
0
0.824126
-0.56217
-1
0.283132
2
-0.79863
0
0
-0.60181
-0.99999
-0.75498
0.5036
-0.79863
0
0
-0.60181
-0.99999
-0.75498
0.5036
2
-0.54256
0.073094
0.047468
-0.83547
-1
0.381152
0.545962
-0.26622
0.055437
0.067251
-0.95996
-1
0.947803
0.427673
hip
False
True
True
False
False
0.051
0.111
0.111
0
0
0
0
1
10
0
5
-9
0
None
7
2
-0.62271
0.019606
-0.05971
0.779922
-1
-0.73568
-0.71863
-0.62271
0.019606
-0.05971
0.779922
-1
-0.73568
-0.71863
3
-0.77675
0.032066
-0.05405
0.626655
-0.99999
-0.80034
-0.6244
-0.71918
0.027233
-0.05664
0.691969
-0.99999
-0.76478
-0.76631
-0.51558
0.011644
-0.06176
0.85453
-1
-0.73568
-0.71863
3
-0.49957
0.145179
-0.14165
0.842188
-1
-0.73568
-0.71863
-0.51558
0.011644
-0.06176
0.85453
-1
-0.32168
-0.71861
-0.5521
-0.19237
0.100913
0.804979
-1
-0.73568
-0.71863
3
-0.62271
0.019606
-0.05971
0.779922
-1
-0.73568
-0.71863
-0.47781
0.008939
-0.06221
0.876206
-1
-0.73568
-0.71863
-0.47781
0.008939
-0.06221
0.876206
-1
-0.73568
-0.71863
2
-0.99772
0.058347
-0.02336
0.024299
-0.99999
-0.16666
-0.69373
-0.99772
0.058347
-0.02336
0.024299
-0.99999
-0.16666
-0.69373
2
-0.77992
-0.05971
-0.0196
-0.62271
-1
-0.73568
-0.71863
-0.77992
-0.05971
-0.0196
-0.62271
-1
-0.73568
-0.71863
2
-0.51558
0.011644
-0.06176
0.85453
-1
-0.73568
-0.71863
-0.51558
0.011644
-0.06176
0.85453
-1
-0.73568
-0.71863
tail
False
False
False
False
False
0.091
0.101
0.301002
0
0
0.26
0
0
0
-6
6
0
waspStripes
7
2
-0.99049
0.018163
0.136179
-0.00715
0.035806
0.220845
-0.99999
-0.99648
0.016183
-0.08143
-0.01092
0.035806
0.220845
-0.99999
3
-0.9836
0.018458
0.179254
-0.00635
0.035806
0.220845
-0.99999
-0.98559
0.015169
-0.16797
-0.01228
0.035806
0.220845
-0.99999
-0.99859
0.01747
0.049334
-0.00871
0.035806
0.220845
-0.99999
3
-0.90913
-0.04137
0.359982
0.205344
0.035806
0.519276
-0.99999
-0.97609
0.049284
-0.05796
0.20359
0.035806
0.519276
-0.99999
-0.87585
0.124916
-0.43474
0.168148
0.035804
0.726443
-1
3
-0.98891
0.010881
0.051192
-0.13898
0.035806
0.220845
-0.99999
-0.99859
0.01747
0.049334
-0.00871
0.035806
0.220845
-0.99999
-0.95499
0.031496
0.041797
0.291971
0.035806
0.220845
-0.99999
2
-0.88188
0.078991
0.112405
0.451008
0.035806
0.220845
-0.99999
-0.88188
0.078991
0.112405
0.451008
0.035806
0.220845
-0.99999
2
0.007158
0.136179
-0.01816
-0.99049
0.035806
0.220845
-0.99999
0.007158
0.136179
-0.01816
-0.99049
0.035806
0.220845
-0.99999
2
-0.9768
0.027733
0.044383
0.207626
0.035806
0.519276
-0.99999
-0.9768
0.027733
0.044383
0.207626
0.035806
0.519276
-0.99999
arm
False
False
True
False
False
0.050999
0.051
0.061
0
0
-0.06
5
1
9
0
5
-12
0
None
7
2
-0.69465
0
0
0.719339
0.021406
0
-0.99999
-0.69465
0
0
0.719339
0.021406
0
-0.99999
3
-0.40673
0
0
0.913545
0.021406
0
-0.99999
-0.55919
0
0
0.829037
0.021406
0
-0.99999
-0.87881
0
0
0.477158
0.021406
0
-0.99999
3
-0.78828
0.132222
-0.18198
0.57272
-0.1378
-0.25164
-0.99999
-0.52991
0
0
0.848048
-0.13782
0.136962
-0.99999
-0.6861
-0.11252
0.108668
0.710483
-0.13781
0
-1
3
-0.69465
0
0
0.719339
0.021406
0
-0.99999
-0.52249
0
0
0.85264
0.021406
0
-0.99999
-0.91706
0
0
0.398748
0.021406
0
-0.99999
2
-0.66262
0
0
0.748955
0.0214
0.134229
-0.99999
-0.66262
0
0
0.748955
0.0214
0.134229
-0.99999
2
-0.71933
0
0
-0.69465
0.021406
0
-0.99999
-0.71933
0
0
-0.69465
0.021406
0
-0.99999
2
-0.57885
0.140484
0.102067
-0.79672
-0.13781
0
-1
-0.22989
0.09073
0.148059
-0.95759
-0.13781
0
-1
hand
False
False
True
False
False
0.061
0.031
0.081
0
-0.02
0
8
0
0
5
-12
0
None
7
2
0
-0.08715
0
0.996194
0.191491
-0.63771
-0.99999
0
-0.08715
0
0.996194
0.191491
-0.63771
-0.99999
3
0
-0.08715
0
0.996194
0.191491
-0.63771
-0.99999
0
-0.08715
0
0.996194
0.191491
-0.63771
-0.99999
0
-0.08715
0
0.996194
0.191491
-0.63771
-0.99999
3
0
-0.08715
0
0.996194
0.191498
-0.41204
-1
0.207911
0
0
0.978147
0.191498
-0.41204
-1
0.207911
0
0
0.978147
0.191498
-0.41204
-1
3
0
-0.08715
0
0.996194
0.191491
-0.63771
-0.99999
0
-0.08715
0
0.996194
0.191491
-0.63771
-0.99999
0
-0.08715
0
0.996194
0.191491
-0.63771
-0.99999
2
0
-0.08715
0
0.996194
0.191491
-0.63771
-0.99999
0
-0.08715
0
0.996194
0.191491
-0.63771
-0.99999
2
-0.99619
0
0.087155
0
0.191491
-0.63771
-0.99999
-0.99619
0
0.087155
0
0.191491
-0.63771
-0.99999
2
-0.96592
0
0
-0.25881
0.191498
-0.41204
-1
-0.96592
0
0
-0.25881
0.191498
-0.41204
-1
leg
False
False
True
False
False
0.051
0.051
0.071
0
0
-0.06
6
1
11
0
5
-12
0
None
7
2
-0.69465
0
0
0.719339
0.044074
0.05503
-0.99999
-0.69465
0
0
0.719339
0.044074
0.05503
-0.99999
3
-0.83388
0
0
0.551937
0.044074
0.05503
-0.99999
-0.72537
0
0
0.688354
0.044074
0.05503
-0.99999
-0.4848
0
0
0.874619
0.044074
0.05503
-0.99999
3
-0.68189
0.137256
-0.13254
0.706123
-0.04329
0
-0.99999
-0.51503
0
0
0.857167
-0.04329
0
-0.99999
-0.70841
-0.12062
0.124912
0.684104
-0.04329
0
-0.99999
3
-0.69465
0
0
0.719339
0.044074
0.05503
-0.99999
-0.55919
0
0
0.829037
0.044074
0.05503
-0.99999
-0.55919
0
0
0.829037
0.044074
0.05503
-0.99999
2
-0.98901
0
0
0.147809
0.04409
0.378904
-0.99999
-0.98901
0
0
0.147809
0.04409
0.378904
-0.99999
2
-0.71933
0
0
-0.69465
0.044074
0.05503
-0.99999
-0.71933
0
0
-0.69465
0.044074
0.05503
-0.99999
2
-0.69465
0
0
0.719339
-0.04329
0
-0.99999
-0.69465
0
0
0.719339
-0.04329
0
-0.99999
foot
False
False
True
False
False
0.061
0.031
0.081
0
0
0
10
0
0
5
-12
0
None
7
2
0
-0.13052
0
0.991444
0.016867
-0.30397
-0.99999
0
-0.13052
0
0.991444
0.016867
-0.30397
-0.99999
3
0
-0.13052
0
0.991444
0.016867
-0.30397
-0.99999
0
-0.13052
0
0.991444
0.016867
-0.30397
-0.99999
0
-0.13052
0
0.991444
0.016867
-0.30397
-0.99999
3
0
-0.13052
0
0.991444
0.016867
-0.30397
-0.99999
0.241921
0
0
0.970295
0.016867
-0.30397
-0.99999
0.241921
0
0
0.970295
0.016867
-0.30397
-0.99999
3
0
-0.13052
0
0.991444
0.016867
-0.30397
-0.99999
0
-0.13052
0
0.991444
0.016867
-0.30397
-0.99999
0
-0.13052
0
0.991444
0.016867
-0.30397
-0.99999
2
-0.66981
-0.09623
-0.08818
0.730969
0.016847
-0.82722
-1.00001
-0.66981
-0.09623
-0.08818
0.730969
0.016847
-0.82722
-1.00001
2
-0.99144
0
0.130526
0
0.016867
-0.30397
-0.99999
-0.99144
0
0.130526
0
0.016867
-0.30397
-0.99999
2
0
-0.13052
0
0.991444
0.016867
-0.30397
-0.99999
0
-0.13052
0
0.991444
0.016867
-0.30397
-0.99999
ear
False
True
False
True
True
0.061
0.051
0.031
-0.02
0
0
2
0
0
-15
6
0
None
7
2
-0.109
-0.08831
-0.34916
0.926498
-0.99999
0.847341
-0.60448
-0.109
-0.08831
-0.34916
0.926498
-0.99999
0.847341
-0.60448
3
-0.109
-0.08831
-0.34916
0.926498
-0.99999
0.847341
-0.60448
-0.109
-0.08831
-0.34916
0.926498
-0.99999
0.847341
-0.60448
-0.109
-0.08831
-0.34916
0.926498
-0.99999
0.847341
-0.60448
3
0
0
-0.69465
0.719339
-0.85414
0.999997
-0.3401
0
0
-0.69465
0.719339
-0.85414
0.999997
-0.3401
0
0
-0.69465
0.719339
-0.85414
0.999997
-0.3401
3
-0.109
-0.08831
-0.34916
0.926498
-0.99999
0.847341
-0.60448
-0.109
-0.08831
-0.34916
0.926498
-0.99999
0.847341
-0.60448
-0.109
-0.08831
-0.34916
0.926498
-0.99999
0.847341
-0.60448
2
-0.109
-0.08831
-0.34916
0.926498
-0.99999
0.847341
-0.60448
-0.109
-0.08831
-0.34916
0.926498
-0.99999
0.847341
-0.60448
2
-0.109
-0.08831
-0.34916
0.926498
-0.99999
0.847341
-0.60448
-0.109
-0.08831
-0.34916
0.926498
-0.99999
0.847341
-0.60448
2
0
0
-0.69465
0.719339
-0.85414
0.999997
-0.3401
0
0
-0.69465
0.719339
-0.85414
0.999997
-0.3401
sideburns
False
True
False
False
False
0.050999
0.041
0.061
0
0
0
2
0
0
-4
6
0
None
7
2
0.126988
0.171368
-0.03714
0.976282
-1
-0.25113
-0.01461
0.126988
0.171368
-0.03714
0.976282
-1
-0.25113
-0.01461
3
0.126988
0.171368
-0.03714
0.976282
-1
-0.25113
-0.01461
0.126988
0.171368
-0.03714
0.976282
-1
-0.25113
-0.01461
0.126988
0.171368
-0.03714
0.976282
-1
-0.25113
-0.01461
3
0.045717
0.42261
-0.0106
0.905095
-0.99999
-0.29874
-0.13587
0.045717
0.42261
-0.0106
0.905095
-0.99999
-0.29874
-0.13587
0.045717
0.42261
-0.0106
0.905095
-0.99999
-0.29874
-0.13587
3
0.126988
0.171368
-0.03714
0.976282
-1
-0.25113
-0.01461
0.126988
0.171368
-0.03714
0.976282
-1
-0.25113
-0.01461
0.126988
0.171368
-0.03714
0.976282
-1
-0.25113
-0.01461
2
0.126988
0.171368
-0.03714
0.976282
-1
-0.25113
-0.01461
0.126988
0.171368
-0.03714
0.976282
-1
-0.25113
-0.01461
2
-0.97628
-0.03714
-0.17136
0.126988
-1
-0.25113
-0.01461
-0.97628
-0.03714
-0.17136
0.126988
-1
-0.25113
-0.01461
2
0.045717
0.42261
-0.0106
0.905095
-0.99999
-0.29874
-0.13587
0.045717
0.42261
-0.0106
0.905095
-0.99999
-0.29874
-0.13587
mouth
True
False
False
True
False
0.059999
0.05
0.05
0
0
0.01
3
0
0
0
0
0
CowMouth
7
2
-0.04361
0
0
0.999048
0.028038
-0.18584
1.000002
-0.04361
0
0
0.999048
0.028038
-0.18584
1.000002
3
-0.04361
0
0
0.999048
0.028038
-0.18584
1.000002
-0.04361
0
0
0.999048
0.028038
-0.18584
1.000002
-0.04361
0
0
0.999048
0.028038
-0.18584
1.000002
3
-0.04361
0
0
0.999048
0.028037
-0.25077
0.999987
-0.04361
0
0
0.999048
0.028037
-0.25077
0.999987
-0.04361
0
0
0.999048
0.028037
-0.25077
0.999987
3
-0.04361
0
0
0.999048
0.028038
-0.18584
1.000002
-0.04361
0
0
0.999048
0.028038
-0.18584
1.000002
-0.04361
0
0
0.999048
0.028038
-0.18584
1.000002
2
-0.04361
0
0
0.999048
0.028038
-0.18584
1.000002
-0.04361
0
0
0.999048
0.028038
-0.18584
1.000002
2
-0.04361
0
0
0.999048
0.028038
-0.18584
1.000002
-0.04361
0
0
0.999048
0.028038
-0.18584
1.000002
2
-0.04361
0
0
0.999048
0.028037
-0.25077
0.999987
-0.04361
0
0
0.999048
0.028037
-0.25077
0.999987
snouttip
False
False
False
True
False
0.031
0.021
0.021
0
0
0
3
0
0
5
-9
0
None
7
2
-0.13052
0
0
0.991444
0
0.794088
0.999999
-0.13052
0
0
0.991444
0
0.794088
0.999999
3
-0.13052
0
0
0.991444
0
0.794088
0.999999
-0.13052
0
0
0.991444
0
0.794088
0.999999
-0.13052
0
0
0.991444
0
0.794088
0.999999
3
-0.13052
0
0
0.991444
0
0.794088
0.999999
-0.13052
0
0
0.991444
0
0.794088
0.999999
-0.13052
0
0
0.991444
0
0.794088
0.999999
3
-0.13052
0
0
0.991444
0
0.794088
0.999999
-0.13052
0
0
0.991444
0
0.794088
0.999999
-0.13052
0
0
0.991444
0
0.794088
0.999999
2
-0.13052
0
0
0.991444
0
0.794088
0.999999
-0.13052
0
0
0.991444
0
0.794088
0.999999
2
-0.13052
0
0
0.991444
0
0.794088
0.999999
-0.13052
0
0
0.991444
0
0.794088
0.999999
2
-0.13052
0
0
0.991444
0
0.794088
0.999999
-0.13052
0
0
0.991444
0
0.794088
0.999999
bellytuft
False
False
False
True
False
0.080999
0.041
0.131
0
-0.02
0.04
0
0
0
0
0
0
None
7
2
-0.42261
0
0
0.906307
0
-0.19458
0.999998
-0.42261
0
0
0.906307
0
-0.13749
1.000001
3
-0.42261
0
0
0.906307
0
-0.19458
0.999998
-0.42261
0
0
0.906307
0
-0.19458
0.999998
-0.42261
0
0
0.906307
0
-0.19458
0.999998
3
-0.42261
0
0
0.906307
0
-0.19458
0.999998
-0.42261
0
0
0.906307
0
-0.19458
0.999998
-0.42261
0
0
0.906307
0
-0.19458
0.999998
3
-0.42261
0
0
0.906307
0
-0.19458
0.999998
-0.42261
0
0
0.906307
0
-0.19458
0.999998
-0.42261
0
0
0.906307
0
-0.19458
0.999998
2
-0.13052
0
0
0.991444
0
-0.6225
1.000001
-0.13052
0
0
0.991444
0
-0.6225
1.000001
2
-0.42261
0
0
0.906307
0
-0.19458
0.999998
-0.42261
0
0
0.906307
0
-0.19458
0.999998
2
-0.42261
0
0
0.906307
0
-0.19458
0.999998
-0.42261
0
0
0.906307
0
-0.19458
0.999998
