30
0.542398
0.525490
0.611764
0.627451
perk_ram
false
0.974397
bighorned
steed
rinoceronte
de chifres grandes
corcel
носорог
рогатый
конь
badak
bertanduk-besar
kuda
rinoceronte
cuernos-grandes
corcel
แรด
ใหญ่
ม้า
de chifres grandes
рогатая
cuernos-grandes
M
M
M
Рогатое
false
Uncooked Meat
Bones
?
?
?
15
torso
False
False
False
False
False
0.31031
0.24661
0.41041
0
0
0
-1
4
1
5
6
7
0
0
0
0
None
7
2
0
0
0
1
0
0
0
-0.03489
0
0
0.99939
0
0
0
3
-0.05233
0
0
0.998629
0
0
0
-0.05233
0
0
0.998629
0
0
0
0.069756
0
0
0.997564
0
0
0
3
0
0.087155
0
0.996194
0
0
0
-0.12186
0
0
0.992546
0
0
0
0
-0.10452
0
0.994522
0
0
0
3
0.130526
0
0
0.991444
0
-0.06
-0.2
0.087155
0
0
0.996194
0
0.08
0.26
-0.08715
0
0
0.996194
0
0.08
0.4
2
-0.5
0
0
0.866025
0
0.02
0.4
-0.53729
0
0
0.843391
0
0.02
0.4
2
-0.99904
0
0
0.043619
0
-0.24
-0.63999
-0.99904
0
0
0.043619
0
-0.26
-0.63999
2
-0.17364
0
0
0.984807
0
0
0
-0.3007
0
0
0.953717
0
0
0
neck
False
False
False
True
False
0.22841
0.21021
0.12831
0
0
0
0
1
2
0
0
-5
0
None
7
2
0
0
0
1
0
0.551357
1.000003
-0.08715
0
0
0.996194
0
0.551357
1.000003
3
-0.15643
0
0
0.987688
0
0.551357
1.000003
-0.15643
0
0
0.987688
0
0.551357
1.000003
-0.15643
0
0
0.987688
0
0.551357
1.000003
3
0
0
0
1
0
0.551357
1.000003
0
0
0
1
0
0.551357
1.000003
0
0
0
1
0
0.551357
1.000003
3
0.216439
0
0
0.976296
0
0.137698
1.000002
0.216439
0
0
0.976296
0
0.137698
1.000002
0.216439
0
0
0.976296
0
0.137698
1.000002
2
0.461748
0
0
0.88701
0
-0.30158
1.000001
0.461748
0
0
0.88701
0
-0.30158
1.000001
2
0
0
0
1
0
0.551357
1.000003
0
0
0
1
0
0.551357
1.000003
2
0.258819
0
0
0.965925
0
-0.10672
0.999997
0.258819
0
0
0.965925
0
-0.10672
0.999997
head
False
False
False
False
False
0.17381
0.15561
0.18291
0
0
0
1
3
3
4
13
0
0
-6
0
None
7
2
0.207911
0
0
0.978147
0
-0.12739
1.000003
-0.08715
0
0
0.996194
0
-0.08566
0.999998
3
-0.20791
0
0
0.978147
0
0.224771
0.999998
0.207911
0
0
0.978147
0
-0.12739
1.000003
0.207911
0
0
0.978147
0
-0.12739
1.000003
3
0.207911
0
0
0.978147
0
-0.12739
1.000003
0.207911
0
0
0.978147
0
-0.12739
1.000003
0.207911
0
0
0.978147
0
-0.12739
1.000003
3
0.700909
0
0
0.71325
0
-0.12739
1.000003
0.374606
0
0
0.927183
0
-0.12739
1.000003
-0.3502
0
0
0.936672
0
0.163678
1.00001
2
0.207911
0
0
0.978147
0
-0.12739
1.000003
0.207911
0
0
0.978147
0
-0.12739
1.000003
2
-0.96814
0
0
0.25038
0
-0.12739
1.000003
-0.96814
0
0
0.25038
0
-0.12739
1.000003
2
0.207911
0
0
0.978147
0
-0.12739
1.000003
0.207911
0
0
0.978147
0
-0.12739
1.000003
snout
False
False
False
True
False
0.11921
0.11011
0.16471
0
0
0.02
2
2
12
14
0
0
-4
0
None
7
2
-0.19087
-0.00214
-0.00116
0.981612
0.026195
-0.1132
0.999998
-0.19087
-0.00214
-0.00116
0.981612
0.026195
-0.1132
0.999998
3
-0.19087
-0.00214
-0.00116
0.981612
0.026195
-0.1132
0.999998
-0.19087
-0.00214
-0.00116
0.981612
0.026195
-0.1132
0.999998
-0.19087
-0.00214
-0.00116
0.981612
0.026195
-0.1132
0.999998
3
-0.19087
-0.00214
-0.00116
0.981612
0.026195
-0.1132
0.999998
-0.19087
-0.00214
-0.00116
0.981612
0.026195
-0.1132
0.999998
-0.19087
-0.00214
-0.00116
0.981612
0.026195
-0.1132
0.999998
3
-0.19087
-0.00214
-0.00116
0.981612
0.026195
-0.1132
0.999998
-0.19087
-0.00214
-0.00116
0.981612
0.026195
-0.1132
0.999998
-0.19087
-0.00214
-0.00116
0.981612
0.026195
-0.1132
0.999998
2
-0.19087
-0.00214
-0.00116
0.981612
0.026195
-0.1132
0.999998
-0.19087
-0.00214
-0.00116
0.981612
0.026195
-0.1132
0.999998
2
-0.19087
-0.00214
-0.00116
0.981612
0.026195
-0.1132
0.999998
-0.19087
-0.00214
-0.00116
0.981612
0.026195
-0.1132
0.999998
2
-0.19087
-0.00214
-0.00116
0.981612
0.026195
-0.1132
0.999998
-0.19087
-0.00214
-0.00116
0.981612
0.026195
-0.1132
0.999998
eyes
True
True
False
True
False
0.0546
0.0546
0.0455
0
0
0.01
2
0
0
0
0
0
SeriousEye
7
2
0
-0.1908
0
0.981627
-0.93901
0.366586
1.000002
0
-0.1908
0
0.981627
-0.93901
0.366586
1.000002
3
0
-0.1908
0
0.981627
-0.93901
0.366586
1.000002
0
-0.1908
0
0.981627
-0.93901
0.366586
1.000002
0
-0.1908
0
0.981627
-0.93901
0.366586
1.000002
3
0
-0.1908
0
0.981627
-0.93901
0.366586
1.000002
0
-0.1908
0
0.981627
-0.93901
0.366586
1.000002
0
-0.1908
0
0.981627
-0.93901
0.366586
1.000002
3
0
-0.1908
0
0.981627
-0.93901
0.366586
1.000002
0
-0.1908
0
0.981627
-0.93901
0.366586
1.000002
0
-0.1908
0
0.981627
-0.93901
0.366586
1.000002
2
0
-0.1908
0
0.981627
-0.93901
0.366586
1.000002
0
-0.1908
0
0.981627
-0.93901
0.366586
1.000002
2
0
-0.1908
0
0.981627
-0.93901
0.366586
1.000002
0
-0.1908
0
0.981627
-0.93901
0.366586
1.000002
2
0
-0.1908
0
0.981627
-0.93901
0.366586
1.000002
0
-0.1908
0
0.981627
-0.93901
0.366586
1.000002
shoulder
False
True
False
False
False
0.11011
0.10101
0.10101
0
0
0
0
1
8
0
0
-5
0
None
7
2
-0.69465
0
0
0.71934
-0.62872
-0.99999
0.559908
-0.69465
0
0
0.71934
-0.62872
-0.99999
0.559908
3
-0.69465
0
0
0.71934
-0.51766
-0.99999
0.274749
-0.69465
0
0
0.71934
-0.56406
-0.99999
0.384924
-0.69465
0
0
0.71934
-0.62872
-0.99999
0.559908
3
-0.6841
0.124912
-0.12062
0.708411
-0.73715
-1
0.558682
-0.69465
0
0
0.71934
-0.68539
-0.99999
0.610383
-0.68948
-0.08766
0.084657
0.713978
-0.53103
-0.99999
0.47291
3
-0.3665
0
0
0.930417
-1
-0.68171
0.562848
-0.3665
0
0
0.930417
-0.79687
-1
0.392234
-0.52249
0
0
0.85264
-0.96292
-1
0.680421
2
-0.69465
0
0
0.71934
-0.51501
-0.99999
0.107764
-0.69465
0
0
0.71934
-0.51501
-0.99999
0.107764
2
-0.74895
0
0
-0.66261
-0.62872
-0.99999
0.559908
-0.74895
0
0
-0.66261
-0.62872
-0.99999
0.559908
2
-0.54355
0.063642
0.161565
-0.82121
-0.51936
0.999996
0.193812
-0.43171
0.042009
0.16849
-0.88513
-0.53082
0.999999
0.265334
hip
False
True
True
False
False
0.13741
0.16471
0.26481
0
0
0
0
1
10
0
0
-5
0
None
7
2
-0.55919
0
0
0.829037
-0.46603
-0.39485
-0.99999
-0.55919
0
0
0.829037
-0.55084
-0.07599
-1
3
-0.65605
0
0
0.754709
-0.46603
0.203738
-1
-0.80901
0
0
0.587785
-0.46603
-0.41426
-1
-0.51503
0
0
0.857167
-0.46603
-0.39485
-0.99999
3
-0.55375
0.115379
-0.07782
0.820969
-0.80133
-0.3296
-1
-0.51503
0
0
0.857167
-0.64538
-0.20816
-1
-0.55502
-0.10103
0.068148
0.822858
-0.33493
-0.38416
-1
3
-0.55919
0
0
0.829037
-0.46603
-0.39485
-0.99999
-0.44619
0
0
0.894934
-0.46606
-0.86877
-0.99999
-0.55919
0
0
0.829037
-0.46603
-0.39485
-0.99999
2
-0.99718
0.043538
0.002662
0.06099
-0.46602
-0.31792
-1
-0.99718
0.043538
0.002662
0.06099
-0.46602
-0.31792
-1
2
-0.85264
0
0
-0.52249
-0.46603
-0.39485
-0.99999
-0.85264
0
0
-0.52249
-0.46603
-0.39485
-0.99999
2
-0.55919
0
0
0.829037
-0.46603
-0.39485
-0.99999
-0.55919
0
0
0.829037
-0.46603
-0.39485
-0.99999
tail
False
False
False
False
False
0.04641
0.037310
0.073709
0
0
0.04
0
0
0
0
-3
0
None
7
2
-0.99254
0
0
0.121869
0.035806
0.863498
-0.99999
-0.99254
0
0
0.121869
0.035805
0.870898
-1
3
-0.99254
0
0
0.121869
0.035806
0.863498
-0.99999
-0.99254
0
0
0.121869
0.035806
0.863498
-0.99999
-0.99254
0
0
0.121869
0.035806
0.863498
-0.99999
3
-0.99254
0
0
0.121869
0.035806
0.863498
-0.99999
-0.99254
0
0
0.121869
0.035806
0.863498
-0.99999
-0.99254
0
0
0.121869
0.035806
0.863498
-0.99999
3
-0.99254
0
0
0.121869
0.035806
0.863498
-0.99999
-0.99254
0
0
0.121869
0.035806
0.863498
-0.99999
-0.99254
0
0
0.121869
0.035806
0.863498
-0.99999
2
-0.99254
0
0
0.121869
0.035806
0.863498
-0.99999
-0.99254
0
0
0.121869
0.035806
0.863498
-0.99999
2
-0.16504
0
0
-0.98628
0.035806
0.863498
-0.99999
-0.16504
0
0
-0.98628
0.035806
0.863498
-0.99999
2
-0.99254
0
0
0.121869
0.035806
0.863498
-0.99999
-0.99254
0
0
0.121869
0.035806
0.863498
-0.99999
arm
False
False
False
False
False
0.073709
0.06461
0.06461
0
0
-0.08
5
1
9
0
0
6
0
None
7
2
-0.69465
0
0
0.719339
-0.136
0
-0.99999
-0.69465
0
0
0.719339
-0.136
0
-0.99999
3
-0.61566
0
0
0.78801
-0.13598
0.263182
-1
-0.4848
0
0
0.874619
-0.136
-0.01071
-0.99999
-0.77702
0.013938
-0.0105
0.629224
-0.13602
-0.29385
-0.99999
3
-0.67685
0.161816
-0.15626
0.700903
-0.136
0
-0.99999
-0.54463
0
0
0.83867
-0.136
0
-0.99999
-0.67947
-0.14955
0.144427
0.70362
-0.136
0
-0.99999
3
-0.69465
0
0
0.719339
-0.136
-0.04956
-0.99999
-0.69465
0
0
0.719339
-0.136
-0.04956
-0.99999
-0.55919
0
0
0.829037
-0.136
-0.04956
-0.99999
2
-0.69465
0
0
0.719339
-0.136
0
-0.99999
-0.69465
0
0
0.719339
-0.136
0
-0.99999
2
-0.74895
0
0
-0.66262
-0.136
0
-0.99999
-0.74895
0
0
-0.66262
-0.136
0
-0.99999
2
-0.4699
0.077481
0.155403
-0.86546
-0.136
0
-0.99999
-0.35292
0.056534
0.164187
-0.91939
-0.136
0.031635
-1
hand
False
False
False
False
False
0.073709
0.02821
0.06461
0
-0.02
0
8
0
0
0
-10
0
None
7
2
0
0
0
1
-0.00644
-0.02086
-0.99999
0
0
0
1
-0.00644
-0.02086
-0.99999
3
0
0
0
1
-0.00644
-0.02086
-0.99999
0
0
0
1
-0.00644
-0.02086
-0.99999
0
0
0
1
-0.00644
-0.02086
-0.99999
3
0
0
-0.17364
0.984807
-0.00644
-0.02086
-0.99999
0.224951
0
0
0.97437
-0.00644
-0.02086
-0.99999
0.224951
0
0
0.97437
-0.00644
-0.02086
-0.99999
3
0
0
0
1
-0.00644
-0.02086
-0.99999
0
0
0
1
-0.00644
-0.02086
-0.99999
0
0
0
1
-0.00644
-0.02086
-0.99999
2
0
0
0
1
-0.00644
-0.02086
-0.99999
0
0
0
1
-0.00644
-0.02086
-0.99999
2
-0.99904
0
0
0.043619
-0.00644
-0.02086
-0.99999
-0.99904
0
0
0.043619
-0.00644
-0.02086
-0.99999
2
-0.98106
0.172987
-0.01513
-0.08583
-0.00644
-0.02086
-0.99999
-0.98106
0.172987
-0.01513
-0.08583
-0.00644
-0.02086
-0.99999
leg
False
False
True
False
False
0.073709
0.08281
0.08281
0
0
-0.08
6
1
11
0
0
6
0
None
7
2
-0.69465
0
0
0.719339
-0.48086
-0.17002
-0.99999
-0.69465
0
0
0.719339
-0.48086
-0.17002
-0.99999
3
-0.45399
0
0
0.891006
-0.48086
-0.17002
-0.99999
-0.79863
0
0
0.601815
-0.48086
-0.17002
-0.99999
-0.49999
0
0
0.866025
-0.48086
-0.17002
-0.99999
3
-0.68189
0.137256
-0.13254
0.706123
-0.48086
-0.17002
-0.99999
-0.40673
0
0
0.913545
-0.38898
0.164965
-1
-0.5523
-0.09194
0.126558
0.81883
-0.32631
-0.36626
-1
3
-0.69465
0
0
0.719339
-0.48086
-0.17002
-0.99999
-0.59482
0
0
0.803856
-0.48086
-0.17002
-0.99999
-0.69465
0
0
0.719339
-0.48086
-0.17002
-0.99999
2
-0.99813
0
0
0.061048
-0.48086
-0.17002
-0.99999
-0.99813
0
0
0.061048
-0.48086
-0.17002
-0.99999
2
-0.74895
0
0
-0.66261
-0.48086
-0.17002
-0.99999
-0.74895
0
0
-0.66261
-0.48086
-0.17002
-0.99999
2
-0.69465
0
0
0.719339
-0.48086
-0.17002
-0.99999
-0.69465
0
0
0.719339
-0.48086
-0.17002
-0.99999
foot
False
False
True
False
False
0.073709
0.02821
0.07371
0
0
0
10
0
0
0
-10
0
None
7
2
0
0
0
1
-0.07332
-0.18221
-1.00001
0
0
0
1
-0.07332
-0.18221
-1.00001
3
0.275637
0
0
0.961261
-0.07332
-0.18221
-1.00001
-0.17364
0
0
0.984807
-0.07332
-0.18221
-1.00001
-0.17364
0
0
0.984807
-0.07332
-0.18221
-1.00001
3
0
0
0
1
-0.07332
-0.18221
-1.00001
0.275637
0
0
0.961261
-0.07332
-0.18221
-1.00001
0.275637
0
0
0.961261
-0.07332
-0.18221
-1.00001
3
0
0
0
1
-0.07332
-0.18221
-1.00001
0
0
0
1
-0.07332
-0.18221
-1.00001
0
0
0
1
-0.07332
-0.18221
-1.00001
2
-0.73727
0
0
0.67559
-0.07332
-0.18221
-1.00001
-0.73727
0
0
0.67559
-0.07332
-0.18221
-1.00001
2
-0.99904
0
0
0.043619
-0.07332
-0.18221
-1.00001
-0.99904
0
0
0.043619
-0.07332
-0.18221
-1.00001
2
0
0
0
1
-0.07332
-0.18221
-1.00001
0
0
0
1
-0.07332
-0.18221
-1.00001
rhinohorn
False
False
False
True
False
0.03731
0.09191
0.02821
0
0.08
0
3
0
0
0
8
0
None
7
2
-0.15643
0
0
0.987688
0
1.000004
0.782718
-0.15643
0
0
0.987688
0
1.000004
0.782718
3
-0.15643
0
0
0.987688
0
1.000004
0.782718
-0.15643
0
0
0.987688
0
1.000004
0.782718
-0.15643
0
0
0.987688
0
1.000004
0.782718
3
-0.15643
0
0
0.987688
0
1.000004
0.782718
-0.15643
0
0
0.987688
0
1.000004
0.782718
-0.15643
0
0
0.987688
0
1.000004
0.782718
3
-0.15643
0
0
0.987688
0
1.000004
0.782718
-0.15643
0
0
0.987688
0
1.000004
0.782718
-0.15643
0
0
0.987688
0
1.000004
0.782718
2
-0.15643
0
0
0.987688
0
1.000004
0.782718
-0.15643
0
0
0.987688
0
1.000004
0.782718
2
-0.15643
0
0
0.987688
0
1.000004
0.782718
-0.15643
0
0
0.987688
0
1.000004
0.782718
2
-0.15643
0
0
0.987688
0
1.000004
0.782718
-0.15643
0
0
0.987688
0
1.000004
0.782718
ear
False
True
False
False
True
0.02821
0.05551
0.01001
0
0
0
2
0
0
0
3
0
None
7
2
0
0
0
1
-0.79096
1.000002
-0.0394
0
0
0
1
-0.79096
1.000002
-0.0394
3
0
0
0
1
-0.79096
1.000002
-0.0394
0
0
0
1
-0.79096
1.000002
-0.0394
0
0
0
1
-0.79096
1.000002
-0.0394
3
0
0
0
1
-0.79096
1.000002
-0.0394
0
0
0
1
-0.79096
1.000002
-0.0394
0
0
0
1
-0.79096
1.000002
-0.0394
3
0
0
0
1
-0.79096
1.000002
-0.0394
0
0
0
1
-0.79096
1.000002
-0.0394
0
0
0
1
-0.79096
1.000002
-0.0394
2
0
0
0
1
-0.79096
1.000002
-0.0394
0
0
0
1
-0.79096
1.000002
-0.0394
2
-0.99904
0
0
0.043619
-0.79096
1.000002
-0.0394
-0.99904
0
0
0.043619
-0.79096
1.000002
-0.0394
2
0
0
0
1
-0.79096
1.000002
-0.0394
0
0
0
1
-0.79096
1.000002
-0.0394
mouth
True
False
False
False
False
0.1183
0.091
0.0455
0
0
0.01
3
0
0
0
0
0
SeriousMouth
7
2
0
0
0
1
-0.0845
-0.69888
1.000004
0
0
0
1
-0.0845
-0.69888
1.000004
3
0
0
0
1
-0.0845
-0.69888
1.000004
0
0
0
1
-0.0845
-0.69888
1.000004
0
0
0
1
-0.0845
-0.69888
1.000004
3
0
0
0
1
-0.0845
-0.69888
1.000004
0
0
0
1
-0.0845
-0.69888
1.000004
0
0
0
1
-0.0845
-0.69888
1.000004
3
0
0
0
1
-0.0845
-0.69888
1.000004
0
0
0
1
-0.0845
-0.69888
1.000004
0
0
0
1
-0.0845
-0.69888
1.000004
2
0
0
0
1
-0.0845
-0.69888
1.000004
0
0
0
1
-0.0845
-0.69888
1.000004
2
-0.99904
0
0
0.043619
-0.0845
-0.69888
1.000004
-0.99904
0
0
0.043619
-0.0845
-0.69888
1.000004
2
0
0
0
1
-0.0845
-0.69888
1.000004
0
0
0
1
-0.0845
-0.69888
1.000004
