30
0.250050
0.725490
0.352941
0.203921
perk_tail_slap
false
0.938592
splashy
fish
salmão
espirrando
peixe
лосось
брызгающий
рыба
salmon
yang memercik
ikan
salmón
salpicando
pez
แซลมอน
กระเซ็น
ปลา
espirrando
брызгающая
salpicanda
M
F
M
брызгающoe
false
Scales
Uncooked Meat
Bones
?
?
14
torso
False
False
False
False
False
0.070999
0.151
0.321
0
0
0
-1
6
1
5
6
7
11
12
0
0
0
0
None
7
2
0.017452
0
0
0.999847
0
0
0
0.017452
0
0
0.999847
0
0
0
3
0.017409
-0.06974
-0.00121
0.997412
0
0
0
0.017409
-0.06974
-0.00121
0.997412
0
0
0
0.017428
0.052327
0
0.998477
0
0
0
3
0.017409
0.069745
0.001217
0.997412
0
0
0
-0.0865
-0.12096
-0.01485
0.988769
0
0
0
0.016689
-0.29232
-0.0051
0.956159
0
0
0
3
0.147809
0
0
0.989015
0
-0.08
-0.32
-0.02617
0
0
0.999657
0
0
0.16
-0.19936
0
0
0.979924
0
0
0.22
2
-0.15643
0
0
0.987688
0
0.26
0.22
-0.19936
0
0
0.979924
0
0.26
0.24
2
-0.99984
0
0
0.017452
0
-0.42
-0.4
-0.99984
0
0
0.017452
0
-0.44
-0.4
2
-0.15643
0
0
0.987688
0
0
0
-0.32556
0
0
0.945518
0
0
0
neck
False
False
False
True
False
0.080999
0.071
0.031
0
0
0
0
1
2
0
0
0
0
None
7
2
0.052335
0
0
0.998629
0.14994
0.040048
1.000005
0.052335
0
0
0.998629
0.805291
0.040654
1.000001
3
0.052335
0
0
0.998629
0.627314
0.04041
1.000002
0.052335
0
0
0.998629
0.14994
0.040048
1.000005
0.052335
0
0
0.998629
0.14994
0.040048
1.000005
3
0.052335
0
0
0.998629
0.14994
0.040048
1.000005
0.052335
0
0
0.998629
0.14994
0.040048
1.000005
0.052335
0
0
0.998629
0.14994
0.040048
1.000005
3
0.052335
0
0
0.998629
0.14994
0.040048
1.000005
0.052335
0
0
0.998629
0.14994
0.040048
1.000005
0.052335
0
0
0.998629
0.14994
0.040048
1.000005
2
0.052335
0
0
0.998629
0.14994
0.040048
1.000005
0.052335
0
0
0.998629
0.14994
0.040048
1.000005
2
0.052335
0
0
0.998629
0.14994
0.040048
1.000005
0.052335
0
0
0.998629
0.14994
0.040048
1.000005
2
0.052335
0
0
0.998629
0.14994
0.040048
1.000005
0.052335
0
0
0.998629
0.149938
-0.64708
1
head
False
False
False
False
False
0.070998
0.121
0.121
0
0
-0.02
1
2
3
4
4
-7
-8
0
None
7
2
0.137058
-0.17195
-0.02416
0.975223
-0.32681
-0.23249
1.000028
0.135039
0.239567
0.033669
0.960852
0.046119
-0.13997
0.999993
3
0.103955
0.10294
0.018151
0.989073
-0.16462
-0.16093
0.999999
0.137058
-0.17195
-0.02416
0.975223
-0.32681
-0.23249
1.000028
0.155488
-0.05252
-0.00222
0.986437
-0.15834
-0.19149
1.000018
3
0.137058
-0.17195
-0.02416
0.975223
-0.32681
-0.23249
1.000028
0.137058
-0.17195
-0.02416
0.975223
-0.32681
-0.23249
1.000028
0.137058
-0.17195
-0.02416
0.975223
-0.32681
-0.23249
1.000028
3
0.499827
-0.16811
0.043478
0.848539
-0.32681
-0.23249
1.000028
0.304322
-0.17354
0.00606
0.936607
-0.3268
-0.17602
1.000027
-0.2937
-0.1798
-0.06863
0.936321
-0.3268
-0.17602
1.000027
2
0.139173
0
0
0.990268
-0.32681
-0.23249
1.000028
0.139173
0
0
0.990268
-0.32681
-0.23249
1.000028
2
-0.97522
-0.02416
0.171958
0.137059
-0.32681
-0.23249
1.000028
-0.97522
-0.02416
0.171958
0.137059
-0.32681
-0.23249
1.000028
2
0.137058
-0.17195
-0.02416
0.975223
-0.32681
-0.23249
1.000028
0.137058
-0.17195
-0.02416
0.975223
-0.32681
-0.23249
1.000028
snout
False
False
False
True
False
0.040999
0.101
0.061
0
0
0.02
2
1
13
4
-7
-8
0
None
7
2
0.052272
-0.00235
0
0.99863
0.02619
0.015711
1.000016
0.052272
-0.00235
0
0.99863
0.02619
0.015711
1.000016
3
0.052272
-0.00235
0
0.99863
0.02619
0.015711
1.000016
0.052272
-0.00235
0
0.99863
0.02619
0.015711
1.000016
0.052272
-0.00235
0
0.99863
0.02619
0.015711
1.000016
3
0.052272
-0.00235
0
0.99863
0.02619
0.015711
1.000016
0.052272
-0.00235
0
0.99863
0.02619
0.015711
1.000016
0.052272
-0.00235
0
0.99863
0.02619
0.015711
1.000016
3
0.052272
-0.00235
0
0.99863
0.02619
0.015711
1.000016
0.052272
-0.00235
0
0.99863
0.02619
0.015711
1.000016
0.052272
-0.00235
0
0.99863
0.02619
0.015711
1.000016
2
0.052272
-0.00235
0
0.99863
0.02619
0.015711
1.000016
0.052272
-0.00235
0
0.99863
0.02619
0.015711
1.000016
2
0.052272
-0.00235
0
0.99863
0.02619
0.015711
1.000016
0.052272
-0.00235
0
0.99863
0.02619
0.015711
1.000016
2
0.052272
-0.00235
0
0.99863
0.02619
0.015711
1.000016
0.052272
-0.00235
0
0.99863
0.02619
0.015711
1.000016
eyes
True
True
False
True
False
0.059999
0.059999
0.05
0
0
0.01
2
0
0
0
0
0
DerpyEye
7
2
0
-0.13917
0
0.990268
-0.97982
0.491436
0.999997
0
-0.13917
0
0.990268
-0.97982
0.491436
0.999997
3
0
-0.13917
0
0.990268
-0.97982
0.491436
0.999997
0
-0.13917
0
0.990268
-0.97982
0.491436
0.999997
0
-0.13917
0
0.990268
-0.97982
0.491436
0.999997
3
0
-0.13917
0
0.990268
-0.97982
0.491436
0.999997
0
-0.13917
0
0.990268
-0.97982
0.491436
0.999997
0
-0.13917
0
0.990268
-0.97982
0.491436
0.999997
3
0
-0.13917
0
0.990268
-0.97982
0.491436
0.999997
0
-0.13917
0
0.990268
-0.97982
0.491436
0.999997
0
-0.13917
0
0.990268
-0.97982
0.491436
0.999997
2
0
-0.13917
0
0.990268
-0.97982
0.491436
0.999997
0
-0.13917
0
0.990268
-0.97982
0.491436
0.999997
2
0
-0.13917
0
0.990268
-0.97982
0.491436
0.999997
0
-0.13917
0
0.990268
-0.97982
0.491436
0.999997
2
0
-0.13917
0
0.990268
-0.97982
0.491436
0.999997
0
-0.13917
0
0.990268
-0.97982
0.491436
0.999997
shoulder
False
True
True
False
False
0.021
0.041
0.081000
0
0
-0.08
0
1
10
0
0
0
0
None
7
2
-0.7939
0.600775
-0.00174
0.09372
-1
0.107647
0.305756
-0.87811
0.469185
-0.01638
0.092293
-1
-0.37763
0.274316
3
-0.86978
0.484439
-0.01477
0.092565
-1.00001
-0.15826
0.124206
-0.52587
0.845381
0.031957
0.08812
-1
0.273613
0.344762
-0.85705
0.50837
0.083283
-0.00902
-1
-0.11531
0.53444
3
-0.8742
0.48178
0.052793
-0.02938
-1
-0.20466
0.425214
-0.70256
0.705419
0.011315
0.093051
-1.00001
0.495149
0.261004
-0.80678
0.477414
-0.22842
0.262679
-0.99998
-0.0271
0.109399
3
-0.7939
0.600775
-0.00174
0.09372
-1
0.107647
0.305756
-0.7939
0.600775
-0.00174
0.09372
-1
0.107647
0.305756
-0.7939
0.600775
-0.00174
0.09372
-1
0.107647
0.305756
2
-0.97821
0.169603
-0.10269
0.061484
-1
0.107647
0.305756
-0.97821
0.169603
-0.10269
0.061484
-1
0.107647
0.305756
2
-0.09372
-0.00174
-0.60077
-0.7939
-1
0.107647
0.305756
-0.09372
-0.00174
-0.60077
-0.7939
-1
0.107647
0.305756
2
0.021966
0.981145
-0.00594
-0.19192
-1
0.623383
0.305775
0.194632
0.900243
-0.37815
-0.09316
-0.83933
1
0.08705
tail
False
False
False
False
False
0.051
0.111001
0.151001
0
0.02
0.14
0
2
8
9
0
0
0
0
None
7
2
-0.98768
0
-0.15643
0
-0.05379
0.157834
-0.99999
-0.99026
0
0.139173
0
-0.05379
0.157834
-0.99999
3
-0.98768
0
-0.15643
0
-0.05379
0.157834
-0.99999
-0.96592
0
0.258819
0
-0.05379
0.157834
-0.99999
-0.99862
0
0.052335
0
-0.05379
0.157834
-0.99999
3
-0.98162
0
0.190809
0
-0.05379
0.157834
-0.99999
-0.98528
0.010912
-0.15605
-0.06889
-0.05379
0.157834
-0.99999
-0.93969
0
-0.34202
0
-0.05379
0.157834
-0.99999
3
-0.98768
0
-0.15643
0
-0.05379
0.157834
-0.99999
-0.98768
0
-0.15643
0
-0.05379
0.157834
-0.99999
-0.98768
0
-0.15643
0
-0.05379
0.157834
-0.99999
2
-0.96427
-0.03385
-0.15272
0.213775
-0.05379
0.157834
-0.99999
-0.96427
-0.03385
-0.15272
0.213775
-0.05379
0.157834
-0.99999
2
0
-0.15643
0
-0.98768
-0.05379
0.157834
-0.99999
0
-0.15643
0
-0.98768
-0.05379
0.157834
-0.99999
2
-0.98768
0
-0.15643
0
-0.05379
0.157834
-0.99999
-0.96126
0
0.275637
0
-0.05379
0.157834
-0.99999
backfin
False
True
False
True
False
0.021
0.101
0.091
0
0.04
0.02
0
0
0
0
-9
0
None
7
2
-0.1908
0
0
0.981627
0.046067
1.000005
-0.61814
-0.1908
0
0
0.981627
0.046067
1.000005
-0.61814
3
-0.1908
0
0
0.981627
0.046067
1.000005
-0.61814
-0.1908
0
0
0.981627
0.046067
1.000005
-0.61814
-0.1908
0
0
0.981627
0.046067
1.000005
-0.61814
3
-0.1908
0
0
0.981627
0.046067
1.000005
-0.61814
-0.1908
0
0
0.981627
0.046067
1.000005
-0.61814
-0.1908
0
0
0.981627
0.046067
1.000005
-0.61814
3
-0.1908
0
0
0.981627
0.046067
1.000005
-0.61814
-0.1908
0
0
0.981627
0.046067
1.000005
-0.61814
-0.1908
0
0
0.981627
0.046067
1.000005
-0.61814
2
-0.1908
0
0
0.981627
0.046067
1.000005
-0.61814
-0.1908
0
0
0.981627
0.046067
1.000005
-0.61814
2
-0.1908
0
0
0.981627
0.046067
1.000005
-0.61814
-0.1908
0
0
0.981627
0.046067
1.000005
-0.61814
2
-0.1908
0
0
0.981627
0.046067
1.000005
-0.61814
-0.1908
0
0
0.981627
0.046067
1.000005
-0.61814
tailext
False
False
False
True
False
0.021
0.081000
0.111
0
0
0.02
6
0
0
0
-9
0
None
7
2
0.275637
0
0
0.961261
0
-0.67807
0.999999
0.275637
0
0
0.961261
0
-0.67807
0.999999
3
0.275637
0
0
0.961261
0
-0.67807
0.999999
0.275637
0
0
0.961261
0
-0.67807
0.999999
0.275637
0
0
0.961261
0
-0.67807
0.999999
3
0.275637
0
0
0.961261
0
-0.67807
0.999999
0.275637
0
0
0.961261
0
-0.67807
0.999999
0.275637
0
0
0.961261
0
-0.67807
0.999999
3
0.275637
0
0
0.961261
0
-0.67807
0.999999
0.275637
0
0
0.961261
0
-0.67807
0.999999
0.275637
0
0
0.961261
0
-0.67807
0.999999
2
0.275637
0
0
0.961261
0
-0.67807
0.999999
0.275637
0
0
0.961261
0
-0.67807
0.999999
2
0.275637
0
0
0.961261
0
-0.67807
0.999999
0.275637
0
0
0.961261
0
-0.67807
0.999999
2
0.275637
0
0
0.961261
0
-0.67807
0.999999
0.275637
0
0
0.961261
0
-0.67807
0.999999
tailfin2
False
False
False
False
False
0.021
0.070999
0.101
0
0
0
6
0
0
0
-9
0
None
7
2
-0.27563
0
0
0.961261
0
0.685818
1.000005
-0.27563
0
0
0.961261
0
0.685818
1.000005
3
-0.27563
0
0
0.961261
0
0.685818
1.000005
-0.27563
0
0
0.961261
0
0.685818
1.000005
-0.27563
0
0
0.961261
0
0.685818
1.000005
3
-0.27563
0
0
0.961261
0
0.685818
1.000005
-0.27563
0
0
0.961261
0
0.685818
1.000005
-0.27563
0
0
0.961261
0
0.685818
1.000005
3
-0.27563
0
0
0.961261
0
0.685818
1.000005
-0.27563
0
0
0.961261
0
0.685818
1.000005
-0.27563
0
0
0.961261
0
0.685818
1.000005
2
-0.27563
0
0
0.961261
0
0.685818
1.000005
-0.27563
0
0
0.961261
0
0.685818
1.000005
2
-0.96126
0
0
-0.27563
0
0.685818
1.000005
-0.96126
0
0
-0.27563
0
0.685818
1.000005
2
-0.27563
0
0
0.961261
0
0.685818
1.000005
-0.27563
0
0
0.961261
0
0.685818
1.000005
wing
False
False
True
True
False
0.021
0.081
0.070999
0
0.06
0
5
0
4
-7
-5
0
None
7
2
0
0
0
1
0.03574
1.000035
0.035225
0
0
0
1
0.03574
1.000035
0.035225
3
0
0
0
1
0.03574
1.000035
0.035225
0
0
0
1
0.03574
1.000035
0.035225
0
0
0
1
0.03574
1.000035
0.035225
3
0
0
0
1
0.03574
1.000035
0.035225
0
0
0
1
0.03574
1.000035
0.035225
0
0
0
1
0.03574
1.000035
0.035225
3
0
0
0
1
0.03574
1.000035
0.035225
0
0
0
1
0.03574
1.000035
0.035225
0
0
0
1
0.03574
1.000035
0.035225
2
0
0
0
1
0.03574
1.000035
0.035225
0
0
0
1
0.03574
1.000035
0.035225
2
0
0
0
1
0.03574
1.000035
0.035225
0
0
0
1
0.03574
1.000035
0.035225
2
0
0
0
1
0.03574
1.000035
0.035225
0
0
0
1
0.03574
1.000035
0.035225
bottomfin
False
True
False
True
False
0.021
0.091000
0.071000
0
0
0
0
0
0
0
-9
0
None
7
2
0.469471
0
0
0.882947
-0.45268
-1
-0.6085
0.469471
0
0
0.882947
-0.45268
-1
-0.6085
3
0.469471
0
0
0.882947
-0.45268
-1
-0.6085
0.469471
0
0
0.882947
-0.45268
-1
-0.6085
0.469471
0
0
0.882947
-0.45268
-1
-0.6085
3
0.469471
0
0
0.882947
-0.45268
-1
-0.6085
0.469471
0
0
0.882947
-0.45268
-1
-0.6085
0.469471
0
0
0.882947
-0.45268
-1
-0.6085
3
0.469471
0
0
0.882947
-0.45268
-1
-0.6085
0.469471
0
0
0.882947
-0.45268
-1
-0.6085
0.469471
0
0
0.882947
-0.45268
-1
-0.6085
2
0.469471
0
0
0.882947
-0.45268
-1
-0.6085
0.469471
0
0
0.882947
-0.45268
-1
-0.6085
2
0.469471
0
0
0.882947
-0.45268
-1
-0.6085
0.469471
0
0
0.882947
-0.45268
-1
-0.6085
2
0.469471
0
0
0.882947
-0.45268
-1
-0.6085
0.469471
0
0
0.882947
-0.45268
-1
-0.6085
salmonspine
False
False
False
True
False
0.041
0.031
0.231
0
0
0
0
0
0
0
0
0
None
7
2
0
0
0
1
0
1
0.066137
0
0
0
1
0
1
0.066137
3
0
0
0
1
0
1
0.066137
0
0
0
1
0
1
0.066137
0
0
0
1
0
1
0.066137
3
0
0
0
1
0
1
0.066137
0
0
0
1
0
1
0.066137
0
0
0
1
0
1
0.066137
3
0
0
0
1
0
1
0.066137
0
0
0
1
0
1
0.066137
0
0
0
1
0
1
0.066137
2
0
0
0
1
0
1
0.066137
0
0
0
1
0
1
0.066137
2
0
0
0
1
0
1
0.066137
0
0
0
1
0
1
0.066137
2
0
0
0
1
0
1
0.066137
0
0
0
1
0
1
0.066137
mouth
True
False
False
True
False
0.099999
0.099999
0.05
0
0
0.01
3
0
0
0
0
0
FishMouth
7
2
0
0
0
1
0
0
0.999982
0
0
0
1
0
0
0.999982
3
0
0
0
1
0
0
0.999982
0
0
0
1
0
0
0.999982
0
0
0
1
0
0
0.999982
3
0
0
0
1
0
0
0.999982
0
0
0
1
0
0
0.999982
0
0
0
1
0
0
0.999982
3
0
0
0
1
0
0
0.999982
0
0
0
1
0
0
0.999982
0
0
0
1
0
0
0.999982
2
0
0
0
1
0
0
0.999982
0
0
0
1
0
0
0.999982
2
0
0
0
1
0
0
0.999982
0
0
0
1
0
0
0.999982
2
0
0
0
1
0
0
0.999982
0
0
0
1
0
0
0.999982
