30
0.880882
0.666666
0.086274
0.086274
perk_summon_bandits
false
0.740628
slashing
slasher
samurai
cortante
assassino
самурай
рубящий
слэшер
samurai
yang menebas
pemotong
samurái
rebanador
rebanador
ซามูไร
อย่างเจ็บแสบ
เฉือน
cortante
рубящая
rebanadora
M
M
M
рубящoe
false
Metal Sword
Bones
?
?
?
26
torso
False
False
False
False
False
0.231
0.141
0.281
0
0
0
-1
6
1
5
6
15
16
20
0
0
0
0
None
7
2
-0.65605
0
0
0.754709
0
0
0
-0.68835
0
0
0.725374
0
0
0
3
-0.62251
0
0
0.782608
0
0
0
-0.68835
0
0
0.725374
0
0
0
-0.65605
0
0
0.754709
0
0
0
3
-0.65446
0.052645
-0.04576
0.752871
0
0
0
-0.65605
0
0
0.754709
0
0
0
-0.65116
-0.09197
0.079953
0.749084
0
0
0
3
-0.51503
0
0
0.857167
0
0.16
-0.16
-0.55193
0
0
0.833885
0
-0.2
0.099999
-0.62251
0
0
0.782608
0
-0.28
0.14
2
-0.65605
0
0
0.754709
0
-0.02
-0.14
-0.68835
0
0
0.725374
0
0
-0.14
2
-0.99965
0
0
0.026177
0
0.2
-0.55999
-0.99965
0
0
0.026177
0
0.18
-0.55999
2
-0.77714
0
0
0.62932
0
0
0
-0.82903
0
0
0.559193
0
0
0
neck
False
False
False
True
False
0.101
0.081000
0.141
0
0
0.04
0
1
2
0
-3
-19
0
None
7
2
0
0
0
1
0.071325
-0.00743
1
0
0
0
1
0.071325
-0.00743
1
3
0
0
0
1
0.071325
-0.00743
1
0
0
0
1
0.071325
-0.00743
1
0
0
0
1
0.071325
-0.00743
1
3
0
0
0
1
0.071325
-0.00743
1
0
0
0
1
0.071325
-0.00743
1
0
0
0
1
0.071325
-0.00743
1
3
0
0
0
1
0.071325
-0.00743
1
0
0
0
1
0.071325
-0.00743
1
0
0
0
1
0.071325
-0.00743
1
2
0
0
0
1
0.071325
-0.00743
1
0
0
0
1
0.071325
-0.00743
1
2
0
0
0
1
0.071325
-0.00743
1
0
0
0
1
0.071325
-0.00743
1
2
0.34202
0
0
0.939692
0.053353
-0.99999
0.747957
0.461748
0
0
0.88701
0.03907
-1
0.547733
head
False
False
False
False
False
0.131
0.141
0.141
0
0
0
1
6
3
4
11
19
22
23
0
2
-8
0
None
7
2
0.069756
0
0
0.997564
0
-0.42545
0.999996
0.026176
0
0
0.999657
0
-0.42545
0.999996
3
0.069756
0
0
0.997564
0
-0.42545
0.999996
0.069756
0
0
0.997564
0
-0.42545
0.999996
0.113203
0
0
0.993571
0
-0.85424
0.999999
3
0.069756
0
0
0.997564
0
-0.42545
0.999996
0.069756
0
0
0.997564
0
-0.42545
0.999996
0.069756
0
0
0.997564
0
-0.42545
0.999996
3
0.446198
0
0
0.894934
0
-0.42545
0.999996
0.069756
0
0
0.997564
0
-0.42545
0.999996
0.069756
0
0
0.997564
0
-0.42545
0.999996
2
0.069756
0
0
0.997564
0
-0.42545
0.999996
0.069756
0
0
0.997564
0
-0.42545
0.999996
2
-0.68835
0
0
0.725374
0
-0.42545
0.999996
-0.68835
0
0
0.725374
0
-0.42545
0.999996
2
0.069756
0
0
0.997564
0
-0.42545
0.999996
0.069756
0
0
0.997564
0
-0.42545
0.999996
nose
False
False
False
True
False
0.040999
0.041
0.021
0
0
0.02
2
0
0
-3
-19
0
None
7
2
-0.20797
-0.00212
-0.0012
0.978131
0.026195
-0.22173
0.999995
-0.20797
-0.00212
-0.0012
0.978131
0.026195
-0.22173
0.999995
3
-0.20797
-0.00212
-0.0012
0.978131
0.026195
-0.22173
0.999995
-0.20797
-0.00212
-0.0012
0.978131
0.026195
-0.22173
0.999995
-0.20797
-0.00212
-0.0012
0.978131
0.026195
-0.22173
0.999995
3
-0.20797
-0.00212
-0.0012
0.978131
0.026195
-0.09805
0.999999
-0.20797
-0.00212
-0.0012
0.978131
0.026195
-0.09805
0.999999
-0.20797
-0.00212
-0.0012
0.978131
0.026195
-0.09805
0.999999
3
-0.20797
-0.00212
-0.0012
0.978131
0.026195
-0.22173
0.999995
-0.20797
-0.00212
-0.0012
0.978131
0.026195
-0.22173
0.999995
-0.20797
-0.00212
-0.0012
0.978131
0.026195
-0.22173
0.999995
2
-0.20797
-0.00212
-0.0012
0.978131
0.026195
-0.22173
0.999995
-0.20797
-0.00212
-0.0012
0.978131
0.026195
-0.22173
0.999995
2
-0.20797
-0.00212
-0.0012
0.978131
0.026195
-0.22173
0.999995
-0.20797
-0.00212
-0.0012
0.978131
0.026195
-0.22173
0.999995
2
-0.20797
-0.00212
-0.0012
0.978131
0.026195
-0.09805
0.999999
-0.20797
-0.00212
-0.0012
0.978131
0.026195
-0.09805
0.999999
eyes
True
True
False
True
False
0.07
0.059999
0.05
0
0
0.03
2
0
0
0
0
0
NinjaEye
7
2
0
0
0
1
-0.67581
0.166685
0.999991
0
0
0
1
-0.67581
0.166685
0.999991
3
0
0
0
1
-0.67581
0.166685
0.999991
0
0
0
1
-0.67581
0.166685
0.999991
0
0
0
1
-0.67581
0.166685
0.999991
3
0
0
0
1
-0.67581
0.166685
0.999991
0
0
0
1
-0.67581
0.166685
0.999991
0
0
0
1
-0.67581
0.166685
0.999991
3
0
0
0
1
-0.67581
0.166685
0.999991
0
0
0
1
-0.67581
0.166685
0.999991
0
0
0
1
-0.67581
0.166685
0.999991
2
0
0
0
1
-0.67581
0.166685
0.999991
0
0
0
1
-0.67581
0.166685
0.999991
2
0
0
0
1
-0.67581
0.166685
0.999991
0
0
0
1
-0.67581
0.166685
0.999991
2
0
0
0
1
-0.67581
0.166685
0.999991
0
0
0
1
-0.67581
0.166685
0.999991
shoulder
False
True
True
False
False
0.061
0.081000
0.181
-0.06
0
0
0
2
7
21
0
-3
-19
0
None
7
2
-0.65356
0.065777
-0.05717
0.751837
-1
-0.04853
0.160932
-0.64609
0.131054
-0.11392
0.743244
-1
-0.04853
0.160932
3
-0.51307
0.054848
-0.06773
0.853905
-1
-0.04853
0.160932
-0.77418
0.074707
-0.04488
0.626925
-1
-0.04853
0.160932
-0.4367
0.048736
-0.07225
0.895374
-1
-0.04853
0.160932
3
-0.63064
0.208026
-0.18083
0.725473
-1
0.031146
0.339146
-0.65605
0
0
0.754709
-1
0.031146
0.339146
-0.64967
-0.10503
0.091305
0.747364
-1
0.031146
0.339146
3
-0.39723
0.045538
-0.07431
0.91357
-1
-0.04853
0.160932
-0.91006
0.083779
-0.02402
0.405189
-1
-0.58194
0.3268
-0.9576
0.07962
0.035449
-0.27458
-0.99999
-0.52861
0.667462
2
-0.84919
0.034257
0.039408
0.525495
-1
-0.04853
0.160932
-0.84919
0.034257
0.039408
0.525495
-1
-0.04853
0.160932
2
-0.99585
0.002281
-0.08712
0.026077
-1
-0.04853
0.160932
-0.99585
0.002281
-0.08712
0.026077
-1
-0.04853
0.160932
2
-0.61976
0.134949
0.10928
-0.76533
-1
0.054868
0.962265
-0.43941
0.108098
0.135898
-0.88133
-0.99999
0.650902
0.801852
hip
False
True
True
False
False
0.111
0.111
0.161
0
0
-0.12
0
1
9
0
0
-11
0
None
7
2
-0.76033
-0.09335
-0.07833
0.637996
-0.51203
0.018938
-1
-0.73178
-0.09668
-0.07418
0.670554
-0.51203
0.018938
-1
3
-0.49627
-0.11451
-0.04168
0.85957
-0.51203
0.018938
-1
-0.89955
-0.0699
-0.09982
0.419468
-0.51203
0.018938
-1
-0.81304
-0.08617
-0.08617
0.569301
-0.51203
0.018938
-1
3
-0.73518
0.018847
-0.20917
0.644515
-0.51203
0.018938
-1
-0.87636
-0.07503
-0.09603
0.465972
-0.51203
0.018938
-1
-0.76421
-0.17041
0.014909
0.621863
-0.51203
0.018938
-1
3
-0.89955
-0.0699
-0.09982
0.419468
-0.51203
0.018938
-1
-0.5693
-0.11045
-0.0515
0.813046
-0.51203
0.018938
-1
-0.49627
-0.11451
-0.04168
0.85957
-0.52206
0.018995
-1
2
-0.99864
-0.0318
0.011467
0.03948
-0.51203
0.018938
-1
-0.99864
-0.0318
0.011467
0.03948
-0.51203
0.018938
-1
2
-0.98405
-0.12082
0.015907
-0.12955
-0.51203
0.018938
-1
-0.98405
-0.12082
0.015907
-0.12955
-0.51203
0.018938
-1
2
-0.76033
-0.09335
-0.07833
0.637996
-0.51203
0.018938
-1
-0.76033
-0.09335
-0.07833
0.637996
-0.51203
0.018938
-1
arm
False
False
True
False
False
0.051
0.061
0.111
0
0
-0.08
5
1
8
0
0
-11
0
None
7
2
-0.7071
0
0
0.707106
-0.03206
-0.1696
-0.99999
-0.7071
0
0
0.707106
-0.03206
-0.1696
-0.99999
3
-0.57357
0
0
0.819152
-0.03206
-0.1696
-0.99999
-0.88701
0
0
0.461748
-0.03206
-0.1696
-0.99999
-0.42261
0
0
0.906307
-0.03206
-0.1696
-0.99999
3
-0.70323
0.073912
-0.07391
0.703233
-0.03206
-0.1696
-0.99999
-0.7071
0
0
0.707106
-0.03206
-0.1696
-0.99999
-0.70538
-0.04932
0.049325
0.705384
-0.03206
-0.1696
-0.99999
3
-0.95371
0
0
0.300705
-0.03206
-0.1696
-0.99999
-0.95371
0
0
-0.3007
-0.03206
-0.1696
-0.99999
-0.88701
0
0
-0.46174
-0.03206
-0.1696
-0.99999
2
-0.8962
-0.10284
0.32619
0.282571
-0.03206
-0.1696
-0.99999
-0.8962
-0.10284
0.32619
0.282571
-0.03206
-0.1696
-0.99999
2
-0.99904
0
0
-0.04361
-0.03206
-0.1696
-0.99999
-0.99904
0
0
-0.04361
-0.03206
-0.1696
-0.99999
2
-0.68301
0.183012
0.183012
-0.68301
-0.03206
-0.1696
-0.99999
-0.30791
0.167293
0.271078
-0.8965
-0.03206
-0.1696
-0.99999
hand
False
False
True
False
False
0.070999
0.061
0.071
0
-0.02
0
7
0
0
-3
-19
0
None
7
2
0
0
0
1
0.191289
0.054204
-0.99999
0
0
0
1
0.191289
0.054204
-0.99999
3
0
0
0
1
0.191289
0.054204
-0.99999
0
0
0
1
0.191289
0.054204
-0.99999
0
0
0
1
0.191289
0.054204
-0.99999
3
0
0
0
1
0.191295
0.428437
-1
0
0
0
1
0.191295
0.428437
-1
0
0
0
1
0.191295
0.428437
-1
3
0
0
0
1
0.191289
0.054204
-0.99999
0
0
0
1
0.191289
0.054204
-0.99999
0
0
0
1
0.191289
0.054204
-0.99999
2
0
0
0
1
0.191289
0.054204
-0.99999
0
0
0
1
0.191289
0.054204
-0.99999
2
-0.73727
0
0
0.67559
0.191289
0.054204
-0.99999
-0.73727
0
0
0.67559
0.191289
0.054204
-0.99999
2
-0.99619
0
0
0.087155
0.191295
0.428437
-1
-0.99619
0
0
0.087155
0.191295
0.428437
-1
leg
False
False
True
False
False
0.081000
0.071000
0.171
0
0
-0.1
6
3
10
13
14
0
-3
-19
0
None
7
2
-0.62157
-0.09844
-0.12157
0.767578
-0.06816
0
-1
-0.62157
-0.09844
-0.12157
0.767578
-0.06816
0
-1
3
-0.62157
-0.09844
-0.12157
0.767578
-0.06816
0
-1
-0.23894
-0.1406
-0.06857
0.958349
-0.06816
0
-1
-0.86799
-0.04442
-0.14999
0.471284
-0.06816
0
-1
3
-0.5986
0.009336
-0.20689
0.773809
-0.06816
0
-1
-0.43297
-0.12327
-0.09631
0.887728
-0.06816
0
-1
-0.63293
-0.21731
-0.02284
0.742727
-0.06816
0
-1
3
-0.4407
-0.12242
-0.09738
0.883916
-0.06816
0
-1
-0.5523
-0.10866
-0.11252
0.81883
-0.06816
0
-1
-0.51606
-0.11347
-0.10768
0.842142
-0.06816
0
-1
2
-0.62157
-0.09844
-0.12157
0.767578
-0.06816
0
-1
-0.62157
-0.09844
-0.12157
0.767578
-0.06816
0
-1
2
-0.98584
-0.15614
-0.00955
0.060296
-0.06816
0
-1
-0.98584
-0.15614
-0.00955
0.060296
-0.06816
0
-1
2
-0.62157
-0.09844
-0.12157
0.767578
-0.06816
0
-1
-0.51606
-0.11347
-0.10768
0.842142
-0.06816
0
-1
foot
False
False
True
False
False
0.070999
0.051
0.131
0
0
0
9
0
0
0
-11
0
None
7
2
0
-0.10452
0
0.994522
0.222271
-0.78581
-0.99999
0
-0.10452
0
0.994522
0.222271
-0.78581
-0.99999
3
0
-0.10452
0
0.994522
0.222271
-0.78581
-0.99999
0
-0.10452
0
0.994522
0.222271
-0.78581
-0.99999
0
-0.10452
0
0.994522
0.222271
-0.78581
-0.99999
3
0
-0.10452
0
0.994522
0.222271
-0.78581
-0.99999
0.257401
-0.10096
0.027053
0.960634
0.222271
-0.78581
-0.99999
0
-0.10452
0
0.994522
0.222271
-0.78581
-0.99999
3
0
-0.10452
0
0.994522
0.222271
-0.78581
-0.99999
0
-0.10452
0
0.994522
0.222271
-0.78581
-0.99999
0.086678
-0.10413
0.00911
0.990737
0.222271
-0.78581
-0.99999
2
0
-0.10452
0
0.994522
0.222271
-0.78581
-0.99999
0
-0.10452
0
0.994522
0.222271
-0.78581
-0.99999
2
-0.73323
-0.07061
0.077066
0.671889
0.222271
-0.78581
-0.99999
-0.73323
-0.07061
0.077066
0.671889
0.222271
-0.78581
-0.99999
2
0
-0.10452
0
0.994522
0.222271
-0.78581
-0.99999
0
-0.10452
0
0.994522
0.222271
-0.78581
-0.99999
snout
False
False
False
True
False
0.090999
0.051
0.041
0
0
-0.04
2
1
12
0
2
-8
0
None
7
2
0
0
0
1
0.037591
-0.67489
0.999999
0
0
0
1
0.037591
-0.67489
0.999999
3
0
0
0
1
0.037591
-0.67489
0.999999
0
0
0
1
0.037591
-0.67489
0.999999
0
0
0
1
0.037591
-0.67489
0.999999
3
0
0
0
1
0.037591
-0.67489
0.999999
0
0
0
1
0.037591
-0.67489
0.999999
0
0
0
1
0.037591
-0.67489
0.999999
3
0
0
0
1
0.037591
-0.67489
0.999999
0
0
0
1
0.037591
-0.67489
0.999999
0
0
0
1
0.037591
-0.67489
0.999999
2
0
0
0
1
0.037591
-0.67489
0.999999
0
0
0
1
0.037591
-0.67489
0.999999
2
0
0
0
1
0.037591
-0.67489
0.999999
0
0
0
1
0.037591
-0.67489
0.999999
2
0
0
0
1
0.037591
-0.67489
0.999999
0
0
0
1
0.037591
-0.67489
0.999999
mouth
True
False
False
True
False
0.09
0.03
0.05
0
0
0.01
11
0
0
0
0
0
ViciousMouth
7
2
0
0
0
1
0.056159
0.055052
1.000033
0
0
0
1
0.056159
0.055052
1.000033
3
0
0
0
1
0.056159
0.055052
1.000033
0
0
0
1
0.056159
0.055052
1.000033
0
0
0
1
0.056159
0.055052
1.000033
3
0
0
0
1
0.056159
0.055052
1.000033
0
0
0
1
0.056159
0.055052
1.000033
0
0
0
1
0.056159
0.055052
1.000033
3
0
0
0
1
0.056159
0.055052
1.000033
0
0
0
1
0.056159
0.055052
1.000033
0
0
0
1
0.056159
0.055052
1.000033
2
0
0
0
1
0.056159
0.055052
1.000033
0
0
0
1
0.056159
0.055052
1.000033
2
0
0
0
1
0.056159
0.055052
1.000033
0
0
0
1
0.056159
0.055052
1.000033
2
0
0
0
1
0.056159
0.055052
1.000033
0
0
0
1
0.056159
0.055052
1.000033
laces
False
False
False
True
False
0.021
0.011
0.101
0
0
0
9
0
0
0
0
0
None
7
2
0
0.382683
0
0.923879
0.045456
-1
-0.24065
0
0.382683
0
0.923879
0.045456
-1
-0.24065
3
0
0.382683
0
0.923879
0.045456
-1
-0.24065
0
0.382683
0
0.923879
0.045456
-1
-0.24065
0
0.382683
0
0.923879
0.045456
-1
-0.24065
3
0
0.382683
0
0.923879
0.045456
-1
-0.24065
0
0.382683
0
0.923879
0.045456
-1
-0.24065
0
0.382683
0
0.923879
0.045456
-1
-0.24065
3
0
0.382683
0
0.923879
0.045456
-1
-0.24065
0
0.382683
0
0.923879
0.045456
-1
-0.24065
0
0.382683
0
0.923879
0.045456
-1
-0.24065
2
0
0.382683
0
0.923879
0.045456
-1
-0.24065
0
0.382683
0
0.923879
0.045456
-1
-0.24065
2
0
0.382683
0
0.923879
0.045456
-1
-0.24065
0
0.382683
0
0.923879
0.045456
-1
-0.24065
2
0
0.382683
0
0.923879
0.045456
-1
-0.24065
0
0.382683
0
0.923879
0.045456
-1
-0.24065
laces2
False
False
False
True
False
0.081
0.011
0.021
0
0
0
9
0
0
0
0
0
None
7
2
0
0.087155
0
0.996194
0
-1.00001
0.28853
0
0.087155
0
0.996194
0
-1.00001
0.28853
3
0
0.087155
0
0.996194
0
-1.00001
0.28853
0
0.087155
0
0.996194
0
-1.00001
0.28853
0
0.087155
0
0.996194
0
-1.00001
0.28853
3
0
0.087155
0
0.996194
0
-1.00001
0.28853
0
0.087155
0
0.996194
0
-1.00001
0.28853
0
0.087155
0
0.996194
0
-1.00001
0.28853
3
0
0.087155
0
0.996194
0
-1.00001
0.28853
0
0.087155
0
0.996194
0
-1.00001
0.28853
0
0.087155
0
0.996194
0
-1.00001
0.28853
2
0
0.087155
0
0.996194
0
-1.00001
0.28853
0
0.087155
0
0.996194
0
-1.00001
0.28853
2
0
0.087155
0
0.996194
0
-1.00001
0.28853
0
0.087155
0
0.996194
0
-1.00001
0.28853
2
0
0.087155
0
0.996194
0
-1.00001
0.28853
0
0.087155
0
0.996194
0
-1.00001
0.28853
belt
False
False
False
True
False
0.231
0.021
0.051000
0
0
0
0
0
0
-3
-19
0
None
7
2
0
0
0
1
0.008826
-0.99999
-0.57473
0
0
0
1
0.008826
-0.99999
-0.57473
3
0
0
0
1
0.008826
-0.99999
-0.57473
0
0
0
1
0.008826
-0.99999
-0.57473
0
0
0
1
0.008826
-0.99999
-0.57473
3
0
0
0
1
0.008826
-0.99999
-0.57473
0
0
0
1
0.008826
-0.99999
-0.57473
0
0
0
1
0.008826
-0.99999
-0.57473
3
0
0
0
1
0.008826
-0.99999
-0.57473
0
0
0
1
0.008826
-0.99999
-0.57473
0
0
0
1
0.008826
-0.99999
-0.57473
2
0
0
0
1
0.008826
-0.99999
-0.57473
0
0
0
1
0.008826
-0.99999
-0.57473
2
0
0
0
1
0.008826
-0.99999
-0.57473
0
0
0
1
0.008826
-0.99999
-0.57473
2
0
0
0
1
0.008826
-0.99999
-0.57473
0
0
0
1
0.008826
-0.99999
-0.57473
sword-sheath
False
True
False
True
False
0.061000
0.031000
0.401001
0
0
0
0
1
17
0
-3
-19
0
None
7
2
0
-0.42261
0
0.906307
0
1.000003
0.381468
0
-0.42261
0
0.906307
0
1.000003
0.381468
3
0
-0.42261
0
0.906307
0
1.000003
0.381468
0
-0.42261
0
0.906307
0
1.000003
0.381468
0
-0.42261
0
0.906307
0
1.000003
0.381468
3
0
-0.42261
0
0.906307
0
1.000003
0.381468
0
-0.42261
0
0.906307
0
1.000003
0.381468
0
-0.42261
0
0.906307
0
1.000003
0.381468
3
0
-0.42261
0
0.906307
0
1.000003
0.381468
0
-0.42261
0
0.906307
0
1.000003
0.381468
0
-0.42261
0
0.906307
0
1.000003
0.381468
2
0
-0.42261
0
0.906307
0
1.000003
0.381468
0
-0.42261
0
0.906307
0
1.000003
0.381468
2
0
-0.42261
0
0.906307
0
1.000003
0.381468
0
-0.42261
0
0.906307
0
1.000003
0.381468
2
0
-0.42261
0
0.906307
0
1.000003
0.381468
0
-0.42261
0
0.906307
0
1.000003
0.381468
sword-handle
False
False
False
True
False
0.091000
0.051000
0.021000
0
0
0
16
1
18
13
-3
7
0
None
7
2
0
0
0
1
0
0
1.000002
0
0
0
1
0
0
1.000002
3
0
0
0
1
0
0
1.000002
0
0
0
1
0
0
1.000002
0
0
0
1
0
0
1.000002
3
0
0
0
1
0
0
1.000002
0
0
0
1
0
0
1.000002
0
0
0
1
0
0
1.000002
3
0
0
0
1
0
0
1.000002
0
0
0
1
0
0
1.000002
0
0
0
1
0
0
1.000002
2
0
0
0
1
0
0
1.000002
0
0
0
1
0
0
1.000002
2
0
0
0
1
0
0
1.000002
0
0
0
1
0
0
1.000002
2
0
0
0
1
0
0
1.000002
0
0
0
1
0
0
1.000002
sword-handle2
False
False
False
True
False
0.041
0.031000
0.111
0
0
0.08
17
0
0
0
0
0
None
7
2
0
0
0
1
0
0
1.000034
0
0
0
1
0
0
1.000034
3
0
0
0
1
0
0
1.000034
0
0
0
1
0
0
1.000034
0
0
0
1
0
0
1.000034
3
0
0
0
1
0
0
1.000034
0
0
0
1
0
0
1.000034
0
0
0
1
0
0
1.000034
3
0
0
0
1
0
0
1.000034
0
0
0
1
0
0
1.000034
0
0
0
1
0
0
1.000034
2
0
0
0
1
0
0
1.000034
0
0
0
1
0
0
1.000034
2
0
0
0
1
0
0
1.000034
0
0
0
1
0
0
1.000034
2
0
0
0
1
0
0
1.000034
0
0
0
1
0
0
1.000034
mask
False
True
False
True
False
0.040999
0.041
0.011
0
0
0
2
0
0
-20
7
0
None
7
2
0
0
-0.17364
0.984807
-0.61887
0.092815
0.999999
0
0
-0.17364
0.984807
-0.61887
0.092815
0.999999
3
0
0
-0.17364
0.984807
-0.61887
0.092815
0.999999
0
0
-0.17364
0.984807
-0.61887
0.092815
0.999999
0
0
-0.17364
0.984807
-0.61887
0.092815
0.999999
3
0
0
-0.17364
0.984807
-0.61887
0.092815
0.999999
0
0
-0.17364
0.984807
-0.61887
0.092815
0.999999
0
0
-0.17364
0.984807
-0.61887
0.092815
0.999999
3
0
0
-0.17364
0.984807
-0.61887
0.092815
0.999999
0
0
-0.17364
0.984807
-0.61887
0.092815
0.999999
0
0
-0.17364
0.984807
-0.61887
0.092815
0.999999
2
0
0
-0.17364
0.984807
-0.61887
0.092815
0.999999
0
0
-0.17364
0.984807
-0.61887
0.092815
0.999999
2
0
0
-0.17364
0.984807
-0.61887
0.092815
0.999999
0
0
-0.17364
0.984807
-0.61887
0.092815
0.999999
2
0
0
-0.17364
0.984807
-0.61887
0.092815
0.999999
0
0
-0.17364
0.984807
-0.61887
0.092815
0.999999
pecs
False
True
False
True
False
0.131
0.021
0.111
0
0
0
0
0
0
-3
-9
0
None
7
2
0
0
-0.08715
0.996194
-0.47833
-0.99999
0.411495
0
0
-0.08715
0.996194
-0.47833
-0.99999
0.411495
3
0
0
-0.08715
0.996194
-0.47833
-0.99999
0.411495
0
0
-0.08715
0.996194
-0.47833
-0.99999
0.411495
0
0
-0.08715
0.996194
-0.47833
-0.99999
0.411495
3
0
0
-0.08715
0.996194
-0.47833
-0.99999
0.411495
0
0
-0.08715
0.996194
-0.47833
-0.99999
0.411495
0
0
-0.08715
0.996194
-0.47833
-0.99999
0.411495
3
0
0
-0.08715
0.996194
-0.47833
-0.99999
0.411495
0
0
-0.08715
0.996194
-0.47833
-0.99999
0.411495
0
0
-0.08715
0.996194
-0.47833
-0.99999
0.411495
2
0
0
-0.08715
0.996194
-0.47833
-0.99999
0.411495
0
0
-0.08715
0.996194
-0.47833
-0.99999
0.411495
2
0
0
-0.08715
0.996194
-0.47833
-0.99999
0.411495
0
0
-0.08715
0.996194
-0.47833
-0.99999
0.411495
2
0
0
-0.08715
0.996194
-0.47833
-0.99999
0.411495
0
0
-0.08715
0.996194
-0.47833
-0.99999
0.411495
shoulderpads
False
False
False
True
False
0.021
0.090999
0.181
-0.04
0
0
5
0
0
2
-8
0
None
7
2
0
0.087155
0
0.996194
-1
0.091594
0.382186
0
0.087155
0
0.996194
-1
0.091594
0.382186
3
0
0.087155
0
0.996194
-1
0.091594
0.382186
0
0.087155
0
0.996194
-1
0.091594
0.382186
0
0.087155
0
0.996194
-1
0.091594
0.382186
3
0
0.087155
0
0.996194
-1
0.091594
0.382186
0
0.087155
0
0.996194
-1
0.091594
0.382186
0
0.087155
0
0.996194
-1
0.091594
0.382186
3
0
0.087155
0
0.996194
-1
0.091594
0.382186
0
0.087155
0
0.996194
-1
0.091594
0.382186
0
0.087155
0
0.996194
-1
0.091594
0.382186
2
0
0.087155
0
0.996194
-1
0.091594
0.382186
0
0.087155
0
0.996194
-1
0.091594
0.382186
2
0
0.087155
0
0.996194
-1
0.091594
0.382186
0
0.087155
0
0.996194
-1
0.091594
0.382186
2
0
0.087155
0
0.996194
-1
0.091594
0.382186
0
0.087155
0
0.996194
-1
0.091594
0.382186
sideburns
False
True
False
True
True
0.021
0.151
0.131
-0.08
0
0
2
0
0
0
0
0
None
7
2
-0.04494
-0.16773
-0.25488
0.951251
-0.99999
-0.2689
-0.06985
-0.04494
-0.16773
-0.25488
0.951251
-0.99999
-0.2689
-0.06985
3
-0.04494
-0.16773
-0.25488
0.951251
-0.99999
-0.2689
-0.06985
-0.04494
-0.16773
-0.25488
0.951251
-0.99999
-0.2689
-0.06985
-0.04494
-0.16773
-0.25488
0.951251
-0.99999
-0.2689
-0.06985
3
-0.04494
-0.16773
-0.25488
0.951251
-0.99999
-0.2689
-0.06985
-0.04494
-0.16773
-0.25488
0.951251
-0.99999
-0.2689
-0.06985
-0.04494
-0.16773
-0.25488
0.951251
-0.99999
-0.2689
-0.06985
3
-0.04494
-0.16773
-0.25488
0.951251
-0.99999
-0.2689
-0.06985
-0.04494
-0.16773
-0.25488
0.951251
-0.99999
-0.2689
-0.06985
-0.04494
-0.16773
-0.25488
0.951251
-0.99999
-0.2689
-0.06985
2
-0.04494
-0.16773
-0.25488
0.951251
-0.99999
-0.2689
-0.06985
-0.04494
-0.16773
-0.25488
0.951251
-0.99999
-0.2689
-0.06985
2
-0.04494
-0.16773
-0.25488
0.951251
-0.99999
-0.2689
-0.06985
-0.04494
-0.16773
-0.25488
0.951251
-0.99999
-0.2689
-0.06985
2
-0.04494
-0.16773
-0.25488
0.951251
-0.99999
-0.2689
-0.06985
-0.04494
-0.16773
-0.25488
0.951251
-0.99999
-0.2689
-0.06985
helmet
False
False
False
True
True
0.161
0.081
0.151
0
0
0
2
2
24
25
0
0
0
0
None
7
2
0
0
0
1
0
1.000013
0.005259
0
0
0
1
0
1.000013
0.005259
3
0
0
0
1
0
1.000013
0.005259
0
0
0
1
0
1.000013
0.005259
0
0
0
1
0
1.000013
0.005259
3
0
0
0
1
0
1.000013
0.005259
0
0
0
1
0
1.000013
0.005259
0
0
0
1
0
1.000013
0.005259
3
0
0
0
1
0
1.000013
0.005259
0
0
0
1
0
1.000013
0.005259
0
0
0
1
0
1.000013
0.005259
2
0
0
0
1
0
1.000013
0.005259
0
0
0
1
0
1.000013
0.005259
2
0
0
0
1
0
1.000013
0.005259
0
0
0
1
0
1.000013
0.005259
2
0
0
0
1
0
1.000013
0.005259
0
0
0
1
0
1.000013
0.005259
samurai-flange
False
True
False
True
True
0.101
0.060998
0.011
0
0
0.02
23
0
13
-3
7
0
None
7
2
-0.16639
-0.12091
-0.27266
0.939866
-0.8962
0.417636
1.000003
-0.16639
-0.12091
-0.27266
0.939866
-0.8962
0.417636
1.000003
3
-0.16639
-0.12091
-0.27266
0.939866
-0.8962
0.417636
1.000003
-0.16639
-0.12091
-0.27266
0.939866
-0.8962
0.417636
1.000003
-0.16639
-0.12091
-0.27266
0.939866
-0.8962
0.417636
1.000003
3
-0.16639
-0.12091
-0.27266
0.939866
-0.8962
0.417636
1.000003
-0.16639
-0.12091
-0.27266
0.939866
-0.8962
0.417636
1.000003
-0.16639
-0.12091
-0.27266
0.939866
-0.8962
0.417636
1.000003
3
-0.16639
-0.12091
-0.27266
0.939866
-0.8962
0.417636
1.000003
-0.16639
-0.12091
-0.27266
0.939866
-0.8962
0.417636
1.000003
-0.16639
-0.12091
-0.27266
0.939866
-0.8962
0.417636
1.000003
2
-0.16639
-0.12091
-0.27266
0.939866
-0.8962
0.417636
1.000003
-0.16639
-0.12091
-0.27266
0.939866
-0.8962
0.417636
1.000003
2
-0.16639
-0.12091
-0.27266
0.939866
-0.8962
0.417636
1.000003
-0.16639
-0.12091
-0.27266
0.939866
-0.8962
0.417636
1.000003
2
-0.16639
-0.12091
-0.27266
0.939866
-0.8962
0.417636
1.000003
-0.16639
-0.12091
-0.27266
0.939866
-0.8962
0.417636
1.000003
samurai-flange2
False
True
False
True
True
0.041
0.131
0.021
0
0.08
0
23
0
13
-3
7
0
None
7
2
-0.17216
-0.02266
0.128543
0.976382
-0.51286
1.000002
0.868369
-0.17216
-0.02266
0.128543
0.976382
-0.51286
1.000002
0.868369
3
-0.17216
-0.02266
0.128543
0.976382
-0.51286
1.000002
0.868369
-0.17216
-0.02266
0.128543
0.976382
-0.51286
1.000002
0.868369
-0.17216
-0.02266
0.128543
0.976382
-0.51286
1.000002
0.868369
3
-0.17216
-0.02266
0.128543
0.976382
-0.51286
1.000002
0.868369
-0.17216
-0.02266
0.128543
0.976382
-0.51286
1.000002
0.868369
-0.17216
-0.02266
0.128543
0.976382
-0.51286
1.000002
0.868369
3
-0.17216
-0.02266
0.128543
0.976382
-0.51286
1.000002
0.868369
-0.17216
-0.02266
0.128543
0.976382
-0.51286
1.000002
0.868369
-0.17216
-0.02266
0.128543
0.976382
-0.51286
1.000002
0.868369
2
-0.17216
-0.02266
0.128543
0.976382
-0.51286
1.000002
0.868369
-0.17216
-0.02266
0.128543
0.976382
-0.51286
1.000002
0.868369
2
-0.17216
-0.02266
0.128543
0.976382
-0.51286
1.000002
0.868369
-0.17216
-0.02266
0.128543
0.976382
-0.51286
1.000002
0.868369
2
-0.17216
-0.02266
0.128543
0.976382
-0.51286
1.000002
0.868369
-0.17216
-0.02266
0.128543
0.976382
-0.51286
1.000002
0.868369
