30
0.767627
1
0.082352
0
perk_pollinator
true
0
cringle
man
papai noel
de férias
homem
cанта
праздник
человек
santa
liburan
pria
papa noel
noel
hombre
ซาน ตา
ฤดูหนาว
ชาย
de férias
праздник
noel
M
M
M
праздник
false
Snowball
Bones
?
?
?
21
torso
False
False
False
False
False
0.185543
0.097607
0.229512
0
0
0
-1
5
1
5
6
18
19
0
0
0
0
None
7
2
-0.69465
0
0
0.719339
0
0
0
-0.66913
0
0
0.743144
0
0
0
3
-0.7547
0
0
0.656059
0
0
0
-0.69465
0
0
0.719339
0
0
0
-0.65605
0
0
0.754709
0
0
0
3
-0.69085
0.075191
-0.07261
0.715399
0
0
0
-0.69465
0
0
0.719339
0
0
0
-0.69085
-0.07519
0.072611
0.715399
0
0
0
3
-0.3665
0
0
0.930417
0
0.16
-0.32
-0.3665
0
0
0.930417
0
-0.24
0.099999
-0.62932
0
0
0.777146
0
-0.32
0.04
2
-0.69465
0
0
0.719339
0
0
-0.08
-0.72537
0
0
0.688354
0
0.02
-0.08
2
-0.99813
0
0
0.061048
0
0.12
-0.48
-0.99813
0
0
0.061048
0
0.099999
-0.48
2
-0.7547
0
0
0.656059
0
0
0
-0.80901
0
0
0.587785
0
0
0
neck
False
False
False
True
False
0.088814
0.071226
0.123989
0
0
0.04
0
1
2
0
0
0
0
None
7
2
0
0
0
1
0.071325
-0.00743
1
0
0
0
1
0.07133
0.198546
1.000003
3
0.241921
0
0
0.970295
0.07133
-0.35538
0.999992
0.241921
0
0
0.970295
0.071325
-0.00743
1
0.241921
0
0
0.970295
0.071325
-0.00743
1
3
0
0
0
1
0.071325
-0.00743
1
0
0
0
1
0.071325
-0.00743
1
0
0
0
1
0.071325
-0.00743
1
3
0
0
0
1
0.093011
-0.30551
0.999998
0
0
0
1
0.093011
-0.30551
0.999998
0
0
0
1
0.093011
-0.30551
0.999998
2
0
0
0
1
0.071325
-0.00743
1
0
0
0
1
0.071325
-0.00743
1
2
0
0
0
1
0.071325
-0.00743
1
0
0
0
1
0.071325
-0.00743
1
2
0.499999
0
0
0.866025
0.061073
-1
0.856064
0.499999
0
0
0.866025
0.034623
-0.99999
0.485344
head
False
False
False
False
False
0.115195
0.123989
0.123989
0
0
0
1
7
3
4
11
12
16
17
20
2
-23
4
0
None
7
2
0.104528
0
0
0.994522
0
-0.42545
0.999996
0.104528
0
0
0.994522
0
-0.42545
0.999996
3
0.104528
0
0
0.994522
0
-0.42545
0.999996
0.104528
0
0
0.994522
0
-0.42545
0.999996
0.104528
0
0
0.994522
0
-0.42545
0.999996
3
0.104528
0
0
0.994522
0
-0.42545
0.999996
0.104528
0
0
0.994522
0
-0.42545
0.999996
0.104528
0
0
0.994522
0
-0.42545
0.999996
3
0.622514
0
0
0.782608
0
-1.00001
0.921481
0.398749
0
0
0.91706
0
-1.00001
0.921481
-0.28401
0
0
0.958819
0
-0.33664
0.999995
2
0.104528
0
0
0.994522
0
-0.42545
0.999996
0.104528
0
0
0.994522
0
-0.42545
0.999996
2
-0.59482
0
0
0.803856
0
-0.42545
0.999996
-0.59482
0
0
0.803856
0
-0.42545
0.999996
2
0.104528
0
0
0.994522
0
-0.42545
0.999996
0.104528
0
0
0.994522
0
-0.42545
0.999996
nose
False
False
False
True
False
0.02726
0.044847
0.02726
0
0
0.02
2
0
2
-23
4
0
None
7
2
-0.20797
-0.00212
-0.0012
0.978131
0.026195
-0.09805
0.999999
-0.20797
-0.00212
-0.0012
0.978131
0.026195
-0.09805
0.999999
3
-0.20797
-0.00212
-0.0012
0.978131
0.026195
-0.09805
0.999999
-0.20797
-0.00212
-0.0012
0.978131
0.026195
-0.09805
0.999999
-0.20797
-0.00212
-0.0012
0.978131
0.026195
-0.09805
0.999999
3
-0.20797
-0.00212
-0.0012
0.978131
0.026195
-0.09805
0.999999
-0.20797
-0.00212
-0.0012
0.978131
0.026195
-0.09805
0.999999
-0.20797
-0.00212
-0.0012
0.978131
0.026195
-0.09805
0.999999
3
-0.20797
-0.00212
-0.0012
0.978131
0.026195
-0.09805
0.999999
-0.20797
-0.00212
-0.0012
0.978131
0.026195
-0.09805
0.999999
-0.20797
-0.00212
-0.0012
0.978131
0.026195
-0.09805
0.999999
2
-0.20797
-0.00212
-0.0012
0.978131
0.026195
-0.09805
0.999999
-0.20797
-0.00212
-0.0012
0.978131
0.026195
-0.09805
0.999999
2
-0.20797
-0.00212
-0.0012
0.978131
0.026195
-0.09805
0.999999
-0.20797
-0.00212
-0.0012
0.978131
0.026195
-0.09805
0.999999
2
-0.20797
-0.00212
-0.0012
0.978131
0.026195
-0.09805
0.999999
-0.20797
-0.00212
-0.0012
0.978131
0.026195
-0.09805
0.999999
eyes
True
True
False
True
False
0.043967
0.043967
0.043967
0
0
0.01
2
0
0
0
0
0
DerpyEye
7
2
0
0
0
1
-0.67581
0.166685
0.999991
0
0
0
1
-0.67581
0.166685
0.999991
3
0
0
0
1
-0.67581
0.166685
0.999991
0
0
0
1
-0.67581
0.166685
0.999991
0
0
0
1
-0.67581
0.166685
0.999991
3
0
0
0
1
-0.67581
0.166685
0.999991
0
0
0
1
-0.67581
0.166685
0.999991
0
0
0
1
-0.67581
0.166685
0.999991
3
0
0
0
1
-0.67581
0.166685
0.999991
0
0
0
1
-0.67581
0.166685
0.999991
0
0
0
1
-0.67581
0.166685
0.999991
2
0
0
0
1
-0.67581
0.166685
0.999991
0
0
0
1
-0.67581
0.166685
0.999991
2
0
0
0
1
-0.67581
0.166685
0.999991
0
0
0
1
-0.67581
0.166685
0.999991
2
0
0
0
1
-0.67581
0.166685
0.999991
0
0
0
1
-0.67581
0.166685
0.999991
shoulder
False
True
True
False
False
0.05364
0.071227
0.132782
-0.06
0
0
0
1
7
0
0
0
0
None
7
2
-0.65605
0
0
0.754709
-1
0.031146
0.339146
-0.65116
0.091975
-0.07995
0.749084
-1
0.031146
0.339146
3
-0.55069
0.116193
-0.12904
0.816442
-1
0.486411
0.265207
-0.71933
0
0
0.694658
-1
-0.17796
0.339149
-0.83867
0
0
0.544639
-1
-0.61996
0.339362
3
-0.61649
0.258125
-0.22438
0.709195
-1
0.031146
0.339146
-0.65605
0
0
0.754709
-1
0.031146
0.339146
-0.65246
-0.07888
0.068576
0.750575
-1
0.031146
0.339146
3
-0.22582
0.113076
-0.07145
0.96494
-1
0.031146
0.339146
-0.8184
0.131642
0.023712
0.55886
-1
-0.78867
0.569488
-0.97395
0.07013
0.063355
0.20609
-1
-0.78867
0.569488
2
-0.93041
0
0
0.366501
-1
0.031146
0.339146
-0.93041
0
0
0.366501
-1
0.031146
0.339146
2
-0.99357
0
0
0.113203
-1
0.031146
0.339146
-0.99357
0
0
0.113203
-1
0.031146
0.339146
2
-0.6841
0.124912
0.120626
-0.70841
-0.81677
0.429471
1.000002
-0.36093
0.069241
0.159245
-0.91628
-0.70282
1.000006
0.786698
hip
False
True
True
False
False
0.100021
0.091228
0.141576
0
0
-0.12
0
1
9
0
0
0
0
None
7
2
-0.76033
-0.09335
-0.07833
0.637996
-0.51203
0.018938
-1
-0.76033
-0.09335
-0.07833
0.637996
-0.51203
0.018938
-1
3
-0.52596
-0.11299
-0.04565
0.841727
-0.51203
0.018938
-1
-0.76033
-0.09335
-0.07833
0.637996
-0.51203
0.018938
-1
-0.8681
-0.07669
-0.09471
0.481196
-0.51203
0.018938
-1
3
-0.74203
-0.00365
-0.18339
0.64478
-0.51203
0.018938
-1
-0.85077
-0.07995
-0.09197
0.511199
-0.51203
0.018938
-1
-0.76383
-0.18124
0.028244
0.618794
-0.51203
0.018938
-1
3
-0.76033
-0.09335
-0.07833
0.637996
-0.51203
0.018938
-1
-0.53329
-0.11259
-0.04663
0.837105
-0.51203
0.018938
-1
-0.53329
-0.11259
-0.04663
0.837105
-0.51203
0.018938
-1
2
-0.99526
-0.03896
-0.03109
0.083427
-0.51203
0.018938
-1
-0.99526
-0.03896
-0.03109
0.083427
-0.51203
0.018938
-1
2
-0.9916
-0.12175
0.005315
-0.04329
-0.51203
0.018938
-1
-0.9916
-0.12175
0.005315
-0.04329
-0.51203
0.018938
-1
2
-0.76033
-0.09335
-0.07833
0.637996
-0.51203
0.018938
-1
-0.76033
-0.09335
-0.07833
0.637996
-0.51203
0.018938
-1
arm
False
False
True
False
False
0.072434
0.072434
0.103989
0
0
-0.06
5
1
8
0
-33
11
0
None
7
2
-0.7071
0
0
0.707106
-0.03206
-0.1696
-0.99999
-0.7071
0
0
0.707106
-0.03206
-0.1696
-0.99999
3
-0.57357
0
0
0.819152
-0.03206
-0.1696
-0.99999
-0.83867
0
0
0.544639
-0.03206
-0.1696
-0.99999
-0.92036
0.016065
-0.00681
0.390671
-0.03206
-0.1696
-0.99999
3
-0.68898
0.159064
-0.15906
0.688983
-0.03206
-0.1696
-0.99999
-0.7071
0
0
0.707106
-0.03206
-0.1696
-0.99999
-0.69636
-0.12278
0.122787
0.696364
-0.03206
-0.1696
-0.99999
3
-0.92387
0
0
0.382683
-0.03206
-0.1696
-0.99999
-0.9848
0
0
-0.17364
-0.03206
-0.1696
-0.99999
-0.99904
0
0
0.043619
-0.03206
-0.1696
-0.99999
2
-0.93165
-0.04464
0.122654
0.339094
-0.03206
-0.1696
-0.99999
-0.93165
-0.04464
0.122654
0.339094
-0.03206
-0.1696
-0.99999
2
-0.99904
0
0
0.043619
-0.03206
-0.1696
-0.99999
-0.99904
0
0
0.043619
-0.03206
-0.1696
-0.99999
2
-0.65257
0.174855
0.190821
-0.71215
-0.03206
-0.1696
-0.99999
-0.16773
0.044943
0.254887
-0.95125
-0.03206
-0.1696
-0.99999
hand
False
False
True
False
False
0.062434
0.062434
0.080021
0
-0.02
0
7
0
0
-12
-24
0
None
7
2
0
0
0
1
0.191295
0.428437
-1
0
0
0
1
0.191295
0.428437
-1
3
-0.20791
0
0
0.978147
0.191295
0.428437
-1
-0.13917
0
0
0.990268
0.191295
0.428437
-1
-0.13917
0
0
0.990268
0.191295
0.428437
-1
3
0
0
0
1
0.191295
0.428437
-1
0
0
0
1
0.191295
0.428437
-1
0
0
0
1
0.191295
0.428437
-1
3
0
0
0
1
0.191295
0.428437
-1
0
0
0
1
0.191295
0.428437
-1
-0.79335
0
0
0.608761
0.191021
-0.46299
-1.00001
2
0
0
0
1
0.191295
0.428437
-1
0
0
0
1
0.191295
0.428437
-1
2
-0.67559
0
0
0.737277
0.191295
0.428437
-1
-0.67559
0
0
0.737277
0.191295
0.428437
-1
2
-1
0
0
0
0.191295
0.428437
-1
-1
0
0
0
0.191295
0.428437
-1
leg
False
False
True
False
False
0.071227
0.062434
0.150369
0
0
-0.1
6
1
10
0
-12
-24
0
None
7
2
-0.62157
-0.09844
-0.12157
0.767578
-0.06816
0
-1
-0.62157
-0.09844
-0.12157
0.767578
-0.06816
0
-1
3
-0.43297
-0.12327
-0.09631
0.887728
-0.06816
0
-1
-0.25563
-0.13938
-0.07101
0.954033
-0.06816
0
-1
-0.7783
-0.06857
-0.1406
0.608081
-0.06816
0
-1
3
-0.70724
0.008366
-0.18652
0.68187
-0.06816
0
-1
-0.38592
-0.12814
-0.08972
0.909171
-0.06816
0
-1
-0.63334
-0.24309
0
0.73469
-0.06816
0
-1
3
-0.62157
-0.09844
-0.12157
0.767578
-0.06816
0
-1
-0.62157
-0.09844
-0.12157
0.767578
-0.06816
0
-1
-0.62157
-0.09844
-0.12157
0.767578
-0.06816
0
-1
2
-0.62157
-0.09844
-0.12157
0.767578
-0.06816
0
-1
-0.62157
-0.09844
-0.12157
0.767578
-0.06816
0
-1
2
-0.97683
-0.15471
-0.02312
0.145989
-0.06816
0
-1
-0.97683
-0.15471
-0.02312
0.145989
-0.06816
0
-1
2
-0.62157
-0.09844
-0.12157
0.767578
-0.06816
0
-1
-0.51606
-0.11347
-0.10768
0.842142
-0.06816
0
-1
foot
False
False
True
False
False
0.080021
0.02726
0.115195
0
0
0
9
0
0
-12
-24
0
None
7
2
0
-0.10452
0
0.994522
0.222271
-0.78581
-0.99999
0
-0.10452
0
0.994522
0.222271
-0.78581
-0.99999
3
0
-0.10452
0
0.994522
0.222271
-0.78581
-0.99999
0.404508
-0.09549
0.042515
0.908541
0.222271
-0.78581
-0.99999
0
-0.10452
0
0.994522
0.222271
-0.78581
-0.99999
3
0
-0.10452
0
0.994522
0.222271
-0.78581
-0.99999
0.340146
-0.09822
0.03575
0.934544
0.222271
-0.78581
-0.99999
0.340146
-0.09822
0.03575
0.934544
0.222271
-0.78581
-0.99999
3
0
-0.10452
0
0.994522
0.222271
-0.78581
-0.99999
0
-0.10452
0
0.994522
0.222271
-0.78581
-0.99999
0
-0.10452
0
0.994522
0.222271
-0.78581
-0.99999
2
0
-0.10452
0
0.994522
0.222271
-0.78581
-0.99999
0
-0.10452
0
0.994522
0.222271
-0.78581
-0.99999
2
-0.67188
-0.07706
0.070618
0.733238
0.222271
-0.78581
-0.99999
-0.67188
-0.07706
0.070618
0.733238
0.222271
-0.78581
-0.99999
2
0
-0.10452
0
0.994522
0.222271
-0.78581
-0.99999
0
-0.10452
0
0.994522
0.222271
-0.78581
-0.99999
ear
False
True
False
True
False
0.036053
0.044847
0.018466
0
0
0
2
0
2
-23
4
0
None
7
2
-0.10336
-0.04736
-0.01051
0.993459
-0.99999
-0.04731
-0.16568
-0.10336
-0.04736
-0.01051
0.993459
-0.99999
-0.04731
-0.16568
3
-0.10336
-0.04736
-0.01051
0.993459
-0.99999
-0.04731
-0.16568
-0.10336
-0.04736
-0.01051
0.993459
-0.99999
-0.04731
-0.16568
-0.10336
-0.04736
-0.01051
0.993459
-0.99999
-0.04731
-0.16568
3
-0.10336
-0.04736
-0.01051
0.993459
-0.99999
-0.04731
-0.16568
-0.10336
-0.04736
-0.01051
0.993459
-0.99999
-0.04731
-0.16568
-0.10336
-0.04736
-0.01051
0.993459
-0.99999
-0.04731
-0.16568
3
-0.10336
-0.04736
-0.01051
0.993459
-0.99999
-0.04731
-0.16568
-0.10336
-0.04736
-0.01051
0.993459
-0.99999
-0.04731
-0.16568
-0.10336
-0.04736
-0.01051
0.993459
-0.99999
-0.04731
-0.16568
2
-0.10336
-0.04736
-0.01051
0.993459
-0.99999
-0.04731
-0.16568
-0.10336
-0.04736
-0.01051
0.993459
-0.99999
-0.04731
-0.16568
2
-0.10336
-0.04736
-0.01051
0.993459
-0.99999
-0.04731
-0.16568
-0.10336
-0.04736
-0.01051
0.993459
-0.99999
-0.04731
-0.16568
2
-0.10336
-0.04736
-0.01051
0.993459
-0.99999
-0.04731
-0.16568
-0.10336
-0.04736
-0.01051
0.993459
-0.99999
-0.04731
-0.16568
helmet
False
False
False
True
True
0.150369
0.02726
0.132782
0
0
0
2
1
13
0
-33
11
0
None
7
2
0
0
0
1
0
1.000003
0.008609
0
0
0
1
0
1.000003
0.008609
3
0
0
0
1
0
1.000003
0.008609
0
0
0
1
0
1.000003
0.008609
0
0
0
1
0
1.000003
0.008609
3
0
0
0
1
0
1.000003
0.008609
0
0
0
1
0
1.000003
0.008609
0
0
0
1
0
1.000003
0.008609
3
0
0
0
1
0
1.000003
0.008609
0
0
0
1
0
1.000003
0.008609
0
0
0
1
0
1.000003
0.008609
2
0
0
0
1
0
1.000003
0.008609
0
0
0
1
0
1.000003
0.008609
2
0
0
0
1
0
1.000003
0.008609
0
0
0
1
0
1.000003
0.008609
2
0
0
0
1
0
1.000003
0.008609
0
0
0
1
0
1.000003
0.008609
santahat
False
False
False
True
True
0.123989
0.097608
0.106402
0
0.08
0
12
1
14
0
0
0
0
None
7
2
0
0
0
1
0
1.00002
0.123335
0
0
0
1
0
1.00002
0.123335
3
0
0
0
1
0
1.00002
0.123335
0
0
0
1
0
1.00002
0.123335
0
0
0
1
0
1.00002
0.123335
3
0
0
0
1
0
1.00002
0.123335
0
0
0
1
0
1.00002
0.123335
0
0
0
1
0
1.00002
0.123335
3
0
0
0
1
0
1.00002
0.123335
0
0
0
1
0
1.00002
0.123335
0
0
0
1
0
1.00002
0.123335
2
0
0
0
1
0
1.00002
0.123335
0
0
0
1
0
1.00002
0.123335
2
0
0
0
1
0
1.00002
0.123335
0
0
0
1
0
1.00002
0.123335
2
0
0
0
1
0
1.00002
0.123335
0
0
0
1
0
1.00002
0.123335
santahatext
False
False
False
True
True
0.097608
0.05364
0.036053
0
0
0
13
1
15
0
0
0
0
None
7
2
0
0
0
1
-1
0.414788
0.112179
0
0
0
1
-1
0.414788
0.112179
3
0
0
0
1
-1
0.414788
0.112179
0
0
0
1
-1
0.414788
0.112179
0
0
0
1
-1
0.414788
0.112179
3
0
0
0
1
-1
0.414788
0.112179
0
0
0
1
-1
0.414788
0.112179
0
0
0
1
-1
0.414788
0.112179
3
0
0
0
1
-1
0.414788
0.112179
0
0
0
1
-1
0.414788
0.112179
0
0
0
1
-1
0.414788
0.112179
2
0
0
0
1
-1
0.414788
0.112179
0
0
0
1
-1
0.414788
0.112179
2
0
0
0
1
-1
0.414788
0.112179
0
0
0
1
-1
0.414788
0.112179
2
0
0
0
1
-1
0.414788
0.112179
0
0
0
1
-1
0.414788
0.112179
santahat3
False
False
False
True
True
0.044847
0.044847
0.044847
0
0
0
14
0
0
-33
11
0
None
7
2
0
0
0
1
-1
-0.48774
-0.07067
0
0
0
1
-1
-0.48774
-0.07067
3
0
0
0
1
-1
-0.48774
-0.07067
0
0
0
1
-1
-0.48774
-0.07067
0
0
0
1
-1
-0.48774
-0.07067
3
0
0
0
1
-1
-0.48774
-0.07067
0
0
0
1
-1
-0.48774
-0.07067
0
0
0
1
-1
-0.48774
-0.07067
3
0
0
0
1
-1
-0.48774
-0.07067
0
0
0
1
-1
-0.48774
-0.07067
0
0
0
1
-1
-0.48774
-0.07067
2
0
0
0
1
-1
-0.48774
-0.07067
0
0
0
1
-1
-0.48774
-0.07067
2
0
0
0
1
-1
-0.48774
-0.07067
0
0
0
1
-1
-0.48774
-0.07067
2
0
0
0
1
-1
-0.48774
-0.07067
0
0
0
1
-1
-0.48774
-0.07067
goatee
False
False
False
True
False
0.132782
0.159163
0.062434
0
-0.09999
0
2
0
0
-33
11
0
None
7
2
0
0
0
1
0
-0.94895
0.999995
0
0
0
1
0
-0.94895
0.999995
3
0
0
0
1
0
-0.94895
0.999995
0
0
0
1
0
-0.94895
0.999995
0
0
0
1
0
-0.94895
0.999995
3
0
0
0
1
0
-0.94895
0.999995
0
0
0
1
0
-0.94895
0.999995
0
0
0
1
0
-0.94895
0.999995
3
0
0
0
1
0
-0.94895
0.999995
0
0
0
1
0
-0.94895
0.999995
0
0
0
1
0
-0.94895
0.999995
2
0
0
0
1
0
-0.94895
0.999995
0
0
0
1
0
-0.94895
0.999995
2
0
0
0
1
0
-0.94895
0.999995
0
0
0
1
0
-0.94895
0.999995
2
0
0
0
1
0
-0.94895
0.999995
0
0
0
1
0
-0.94895
0.999995
sideburn
False
True
False
True
False
0.062434
0.080021
0.044847
0
0
0
2
0
0
-33
11
0
None
7
2
0
0
0
1
-1
-0.69933
0.172218
0
0
0
1
-1
-0.69933
0.172218
3
0
0
0
1
-1
-0.69933
0.172218
0
0
0
1
-1
-0.69933
0.172218
0
0
0
1
-1
-0.69933
0.172218
3
0
0
0
1
-1
-0.69933
0.172218
0
0
0
1
-1
-0.69933
0.172218
0
0
0
1
-1
-0.69933
0.172218
3
0
0
0
1
-1
-0.69933
0.172218
0
0
0
1
-1
-0.69933
0.172218
0
0
0
1
-1
-0.69933
0.172218
2
0
0
0
1
-1
-0.69933
0.172218
0
0
0
1
-1
-0.69933
0.172218
2
0
0
0
1
-1
-0.69933
0.172218
0
0
0
1
-1
-0.69933
0.172218
2
0
0
0
1
-1
-0.69933
0.172218
0
0
0
1
-1
-0.69933
0.172218
belly
False
False
False
False
False
0.132782
0.132782
0.132782
0
0
0
0
0
0
0
0
0
None
7
2
0
0
0
1
-0.13146
-1
-0.46018
0
0
0
1
-0.13146
-1
-0.46018
3
0
0
0
1
-0.13146
-1
-0.46018
0
0
0
1
-0.13146
-1
-0.46018
0
0
0
1
-0.13146
-1
-0.46018
3
0
0
0
1
-0.13146
-1
-0.46018
0
0
0
1
-0.13146
-1
-0.46018
0
0
0
1
-0.13146
-1
-0.46018
3
0
0
0
1
-0.13146
-1
-0.46018
0
0
0
1
-0.13146
-1
-0.46018
0
0
0
1
-0.13146
-1
-0.46018
2
0
0
0
1
-0.13146
-1
-0.46018
0
0
0
1
-0.13146
-1
-0.46018
2
-0.67559
0
0
0.737277
-0.13146
-1
-0.46018
-0.67559
0
0
0.737277
-0.13146
-1
-0.46018
2
0
0
0
1
-0.13146
-1
-0.46018
0
0
0
1
-0.13146
-1
-0.46018
belt
False
False
False
True
False
0.211
0.121
0.041
0
-0.02
0
0
0
0
-12
-24
0
None
7
2
0
0
0
1
0.049678
0.164527
-0.99999
0
0
0
1
0.049678
0.164527
-0.99999
3
0
0
0
1
0.049678
0.164527
-0.99999
0
0
0
1
0.049678
0.164527
-0.99999
0
0
0
1
0.049678
0.164527
-0.99999
3
0
0
0
1
0.049678
0.164527
-0.99999
0
0
0
1
0.049678
0.164527
-0.99999
0
0
0
1
0.049678
0.164527
-0.99999
3
0
0
0
1
0.049678
0.164527
-0.99999
0
0
0
1
0.049678
0.164527
-0.99999
0
0
0
1
0.049678
0.164527
-0.99999
2
0
0
0
1
0.049678
0.164527
-0.99999
0
0
0
1
0.049678
0.164527
-0.99999
2
0
0
0
1
0.049678
0.164527
-0.99999
0
0
0
1
0.049678
0.164527
-0.99999
2
0
0
0
1
0.049678
0.164527
-0.99999
0
0
0
1
0.049678
0.164527
-0.99999
eyebrow
False
True
False
True
False
0.061
0.031
0.011
0
0
0
2
0
0
-33
11
0
None
7
2
0
0
0.173648
0.984807
-0.87461
0.673612
1.000009
0
0
0.173648
0.984807
-0.87461
0.673612
1.000009
3
0
0
0.173648
0.984807
-0.87461
0.673612
1.000009
0
0
0.173648
0.984807
-0.87461
0.673612
1.000009
0
0
0.173648
0.984807
-0.87461
0.673612
1.000009
3
0
0
0.173648
0.984807
-0.87461
0.673612
1.000009
0
0
0.173648
0.984807
-0.87461
0.673612
1.000009
0
0
0.173648
0.984807
-0.87461
0.673612
1.000009
3
0
0
0.173648
0.984807
-0.87461
0.673612
1.000009
0
0
0.173648
0.984807
-0.87461
0.673612
1.000009
0
0
0.173648
0.984807
-0.87461
0.673612
1.000009
2
0
0
0.173648
0.984807
-0.87461
0.673612
1.000009
0
0
0.173648
0.984807
-0.87461
0.673612
1.000009
2
0
0
0.173648
0.984807
-0.87461
0.673612
1.000009
0
0
0.173648
0.984807
-0.87461
0.673612
1.000009
2
0
0
0.173648
0.984807
-0.87461
0.673612
1.000009
0
0
0.173648
0.984807
-0.87461
0.673612
1.000009
