30
0.218647
0.090196
0.172549
0.090196
perk_poison_sting
false
0.975169
pinching
pincher
escorpião
beliscando
pitada
скорпион
щипающий
ущипнуть
kalajengking
yang mencubit
mencubit
escorpión
que pellizco
farfullar
แมงป่อง
การบีบ
หยิก
beliscanda
щипающая
que pellizco
F
M
M
щипающoe
false
Venom
Bug Meat
?
?
?
21
torso
False
False
False
False
False
0.181
0.131
0.261
0
0
0
-1
5
1
4
5
12
15
0
0
0
0
None
7
2
0.052335
0
0
0.998629
0
0
0
0.052335
0
0
0.998629
0
0
0
3
0.104528
0
0
0.994522
0
0
0
-0.03489
0
0
0.99939
0
0
0
0.034899
0
0
0.99939
0
0
0
3
0.052208
0.06966
0.00365
0.996197
0
0
0
0.052335
0
0
0.998629
0
0
0
0.051945
-0.1217
-0.00637
0.991185
0
0
0
3
0.267238
0
0
0.96363
0
-0.2
-0.28
0.267238
0
0
0.96363
0
0
0.18
-0.07845
0
0
0.996917
0
0
0.22
2
-0.45399
0
0
0.891006
0
0.2
0.38
-0.45399
0
0
0.891006
0
0.22
0.38
2
-0.99862
0
0
0.052336
0
-0.43999
-0.48
-0.99862
0
0
0.052336
0
-0.45999
-0.48
2
-0.20791
0
0
0.978147
0
0
0
-0.3746
0
0
0.927183
0
0
0
neck
False
False
False
True
False
0.080999
0.051
0.061
0
0
0
0
1
2
0
0
0
0
None
7
2
0
0
0
1
0
0.521605
1.000001
0
0
0
1
0
0.521605
1.000001
3
0
0
0
1
0
0.521605
1.000001
0
0
0
1
0
0.521605
1.000001
0
0
0
1
0
0.521605
1.000001
3
0
0
0
1
0
0.521605
1.000001
0
0
0
1
0
0.521605
1.000001
0
0
0
1
0
0.521605
1.000001
3
0
0
0
1
0
0.521605
1.000001
0
0
0
1
0
0.521605
1.000001
0
0
0
1
0
0.521605
1.000001
2
0.173648
0
0
0.984807
0
-0.67556
0.999999
0.173648
0
0
0.984807
0
-0.67556
0.999999
2
0
0
0
1
0
0.521605
1.000001
0
0
0
1
0
0.521605
1.000001
2
0
0
0
1
0
0.521605
1.000001
0
0
0
1
0
0.521605
1.000001
head
False
False
False
False
False
0.100999
0.101
0.051
0
0
-0.04
1
2
3
19
0
0
0
0
None
7
2
-0.17364
0
0
0.984807
0
0.429763
0.999983
-0.17364
0
0
0.984807
0
0.587647
1.000025
3
-0.17364
0
0
0.984807
0
0.429763
0.999983
-0.17364
0
0
0.984807
0
0.429763
0.999983
-0.17364
0
0
0.984807
0
0.429763
0.999983
3
-0.17364
0
0
0.984807
0
0.429763
0.999983
-0.17364
0
0
0.984807
0
0.429763
0.999983
-0.17364
0
0
0.984807
0
0.429763
0.999983
3
0.216439
0
0
0.976295
0
0.429763
0.999983
-0.17364
0
0
0.984807
0
0.429763
0.999983
-0.17364
0
0
0.984807
0
0.429763
0.999983
2
-0.04361
0
0
0.999048
0
-0.35308
0.999997
-0.04361
0
0
0.999048
0
-0.35308
0.999997
2
-0.9848
0
0
-0.17364
0
0.429763
0.999983
-0.9848
0
0
-0.17364
0
0.429763
0.999983
2
-0.17364
0
0
0.984807
0
0.429763
0.999983
-0.17364
0
0
0.984807
0
0.429763
0.999983
eyes
True
True
False
True
False
0.06
0.06
0.05
0
0
0.01
2
0
0
0
0
0
SeriousEye
7
2
0
0
-0.25881
0.965925
-0.79994
0.36176
0.999994
0
0
-0.25881
0.965925
-0.79994
0.36176
0.999994
3
0
0
-0.25881
0.965925
-0.79994
0.36176
0.999994
0
0
-0.25881
0.965925
-0.79994
0.36176
0.999994
0
0
-0.25881
0.965925
-0.79994
0.36176
0.999994
3
0
0
-0.25881
0.965925
-0.79994
0.36176
0.999994
0
0
-0.25881
0.965925
-0.79994
0.36176
0.999994
0
0
-0.25881
0.965925
-0.79994
0.36176
0.999994
3
0
0
-0.25881
0.965925
-0.79994
0.36176
0.999994
0
0
-0.25881
0.965925
-0.79994
0.36176
0.999994
0
0
-0.25881
0.965925
-0.79994
0.36176
0.999994
2
0
0
-0.25881
0.965925
-0.79944
0.407778
1.000008
0
0
-0.25881
0.965925
-0.79944
0.407778
1.000008
2
0
0
-0.25881
0.965925
-0.79994
0.36176
0.999994
0
0
-0.25881
0.965925
-0.79994
0.36176
0.999994
2
0
0
-0.25881
0.965925
-0.79994
0.36176
0.999994
0
0
-0.25881
0.965925
-0.79994
0.36176
0.999994
shoulder
False
True
False
False
False
0.081000
0.091
0.091000
0
0
-0.02
0
1
6
0
0
0
0
None
7
2
-0.57221
0.398674
-0.37107
0.613128
-0.99999
0.171853
0.561002
-0.57221
0.398674
-0.37107
0.613128
-0.99999
0.171853
0.561002
3
-0.57221
0.398674
-0.37107
0.613128
-0.99999
-0.08505
0.387131
-0.57221
0.398674
-0.37107
0.613128
-0.99999
0.171853
0.561002
-0.57221
0.398674
-0.37107
0.613128
-0.99999
-0.13619
0.732624
3
-0.57221
0.398674
-0.37107
0.613128
-1
-0.12633
0.628194
-0.57221
0.398674
-0.37107
0.613128
-0.99999
0.310964
0.503308
-0.57221
0.398674
-0.37107
0.613128
-0.99999
-0.09112
0.396705
3
-0.30502
0.609664
-0.4929
0.540664
-0.99999
0.171853
0.561002
-0.8204
0.539417
-0.07529
0.174035
-1
0.206864
0.819821
-0.8204
0.539417
-0.07529
0.174035
-1
0.206864
0.819821
2
-0.69533
0.240947
-0.13193
0.664115
-1
-0.1705
0.561079
-0.69533
0.240947
-0.13193
0.664115
-1
-0.1705
0.561079
2
-0.61312
-0.37107
-0.39867
-0.57221
-0.99999
0.171853
0.561002
-0.61312
-0.37107
-0.39867
-0.57221
-0.99999
0.171853
0.561002
2
-0.32255
0.654263
-0.68353
-0.02616
-0.99999
0.171853
0.561002
-0.09277
0.45462
-0.88369
-0.06154
-1
0.551894
0.485081
hip
False
True
False
False
False
0.061000
0.061000
0.141
0
0
0
0
1
8
0
0
0
0
None
7
2
-0.25539
0.438381
-0.72264
0.469443
-0.94975
0.328422
-0.99999
-0.25539
0.438381
-0.72264
0.469443
-0.94976
-0.04838
-0.99999
3
-0.25539
0.438381
-0.72264
0.469443
-1
0.278043
-0.73924
-0.25539
0.438381
-0.72264
0.469443
-0.99999
-0.18129
-0.43046
-0.25539
0.438381
-0.72264
0.469443
-0.99999
-0.19929
-0.86341
3
-0.43012
0.505926
-0.59129
0.4576
-0.99999
-0.28316
-0.81568
-0.15769
0.529628
-0.74069
0.382096
-0.99999
0.352283
-0.77644
-0.38859
0.340753
-0.66063
0.544465
-1
-0.11464
-0.86961
3
-0.25539
0.438381
-0.72264
0.469443
-0.94975
0.328422
-0.99999
-0.25539
0.438381
-0.72264
0.469443
-0.94975
0.328422
-0.99999
-0.25539
0.438381
-0.72264
0.469443
-0.94975
0.328422
-0.99999
2
-0.41313
0.497885
-0.58663
0.487117
-0.94975
0.328422
-0.99999
-0.41313
0.497885
-0.58663
0.487117
-0.94975
0.328422
-0.99999
2
-0.46944
-0.72264
-0.43838
-0.25539
-0.94975
0.328422
-0.99999
-0.46944
-0.72264
-0.43838
-0.25539
-0.94975
0.328422
-0.99999
2
-0.25539
0.438381
-0.72264
0.469443
-0.94975
0.328422
-0.99999
-0.25539
0.438381
-0.72264
0.469443
-0.94975
0.328422
-0.99999
arm
False
False
False
False
False
0.031
0.041000
0.061000
0
0
-0.08
4
1
7
0
0
0
0
None
7
2
-0.99513
0.004865
-0.06958
0.069586
-0.44363
0
-1
-0.99513
0.014503
-0.06823
-0.06958
-0.44363
0
-1
3
-0.99513
0.004865
-0.06958
0.069586
-0.44363
0
-1
-0.99513
0.004865
-0.06958
0.069586
-0.44363
0
-1
-0.99513
0.004865
-0.06958
0.069586
-0.44363
0
-1
3
-0.99513
0.004865
-0.06958
0.069586
-0.44363
0
-1
-0.99513
0.004865
-0.06958
0.069586
-0.44363
0
-1
-0.99513
0.004865
-0.06958
0.069586
-0.44363
0
-1
3
-0.78354
0.052425
-0.58722
-0.19615
-0.44363
0
-1
-0.99513
0.004865
-0.06958
0.069586
-0.44363
0
-1
-0.99513
0.004865
-0.06958
0.069586
-0.44363
0
-1
2
-0.87248
-0.02499
-0.06512
0.483629
-0.44363
0
-1
-0.87248
-0.02499
-0.06512
0.483629
-0.44363
0
-1
2
-0.06958
-0.06958
-0.00486
-0.99513
-0.44363
0
-1
-0.06958
-0.06958
-0.00486
-0.99513
-0.44363
0
-1
2
-0.69296
0.056434
-0.041
-0.71758
-0.44363
0
-1
-0.3656
0.067829
-0.01628
-0.92815
-0.44363
0
-1
hand
False
False
False
False
False
0.041
0.111
0.091
0
-0.02
0.06
6
2
10
11
0
0
-1
0
None
7
2
0.054968
-0.12899
-0.27057
0.952431
0.420371
-0.2989
-0.99999
-0.16069
-0.06482
-0.29266
0.940385
0.278637
-0.29523
-0.99997
3
0.054968
-0.12899
-0.27057
0.952431
0.420371
-0.2989
-0.99999
0.054968
-0.12899
-0.27057
0.952431
0.420371
-0.2989
-0.99999
0.054968
-0.12899
-0.27057
0.952431
0.420371
-0.2989
-0.99999
3
0.054968
-0.12899
-0.27057
0.952431
0.420371
-0.2989
-0.99999
0.054968
-0.12899
-0.27057
0.952431
0.420371
-0.2989
-0.99999
0.054968
-0.12899
-0.27057
0.952431
0.420371
-0.2989
-0.99999
3
0.054968
-0.12899
-0.27057
0.952431
0.420371
-0.2989
-0.99999
-0.21036
0.199077
-0.19053
0.937981
0.420371
-0.2989
-0.99999
-0.21036
0.199077
-0.19053
0.937981
0.420371
-0.2989
-0.99999
2
0.349216
0.199564
-0.17992
0.89769
0.420371
-0.2989
-0.99999
0.349216
0.199564
-0.17992
0.89769
0.420371
-0.2989
-0.99999
2
-0.95243
-0.27057
0.128997
0.054968
0.420371
-0.2989
-0.99999
-0.95243
-0.27057
0.128997
0.054968
0.420371
-0.2989
-0.99999
2
-0.79734
0.169828
-0.247
0.523819
0.420371
-0.2989
-0.99999
-0.92841
0.244067
-0.17402
0.219521
0.420371
-0.2989
-0.99999
leg
False
False
False
False
False
0.031
0.041
0.161
0
0
-0.16
5
1
9
0
0
-2
0
None
7
2
-0.62932
0
0
0.777146
-0.33145
0
-1
-0.62932
0
0
0.777146
-0.33145
0
-1
3
-0.64967
0.105035
-0.0913
0.747364
-0.51499
-0.27413
-1
-0.80901
0
0
0.587785
-0.33145
0
-1
-0.46233
0.111618
-0.13302
0.869533
-0.33145
0
-1
3
-0.59851
0.240151
-0.19447
0.739109
-0.33145
0
-1
-0.52476
0.096677
-0.10011
0.839794
-0.33145
0
-1
-0.69482
-0.17979
0.186178
0.670988
-0.33145
0
-1
3
-0.62932
0
0
0.777146
-0.33145
0
-1
-0.62932
0
0
0.777146
-0.33145
0
-1
-0.62932
0
0
0.777146
-0.33145
0
-1
2
-0.96126
0
0
0.275637
-0.33145
0
-1
-0.96126
0
0
0.275637
-0.33145
0
-1
2
-0.77714
0
0
-0.62932
-0.33145
0
-1
-0.77714
0
0
-0.62932
-0.33145
0
-1
2
-0.62932
0
0
0.777146
-0.33145
0
-1
-0.62932
0
0
0.777146
-0.33145
0
-1
foot
False
False
False
False
False
0.031
0.041
0.041
0
0
0
8
0
0
0
-6
0
None
7
2
0
0
0
1
-0.07332
0
-0.99999
0
0
0
1
-0.07332
0
-0.99999
3
0
0
0
1
-0.07332
0
-0.99999
0
0
0
1
-0.07332
0
-0.99999
0
0
0
1
-0.07332
0
-0.99999
3
0
0
0
1
-0.07332
0
-0.99999
0
0
0
1
-0.07332
0
-0.99999
0
0
0
1
-0.07332
0
-0.99999
3
0
0
0
1
-0.07332
0
-0.99999
0
0
0
1
-0.07332
0
-0.99999
0
0
0
1
-0.07332
0
-0.99999
2
0
0
0
1
-0.07332
0
-0.99999
0
0
0
1
-0.07332
0
-0.99999
2
-1
0
0
0
-0.07332
0
-0.99999
-1
0
0
0
-0.07332
0
-0.99999
2
0
0
0
1
-0.07332
0
-0.99999
0
0
0
1
-0.07332
0
-0.99999
finger
False
False
False
True
False
0.031
0.041
0.111
0
0
0.02
7
0
0
0
-2
0
None
7
2
0.156434
0
0
0.987688
0.058123
-0.57342
1.000001
-0.06975
0
0
0.997564
0.057834
-0.38874
1.000008
3
0.156434
0
0
0.987688
0.058123
-0.57342
1.000001
0.156434
0
0
0.987688
0.058123
-0.57342
1.000001
0.156434
0
0
0.987688
0.058123
-0.57342
1.000001
3
0.156434
0
0
0.987688
0.058123
-0.57342
1.000001
-0.10452
0
0
0.994522
0.058003
-0.46897
0.999996
0.156434
0
0
0.987688
0.058123
-0.57342
1.000001
3
0.156434
0
0
0.987688
0.058123
-0.57342
1.000001
0.594822
0
0
0.803856
0.058123
-0.57342
1.000001
-0.3173
0
0
0.948323
0.058128
-0.46895
0.999986
2
-0.27563
0
0
0.961261
0.058123
-0.57342
1.000001
-0.27563
0
0
0.961261
0.058123
-0.57342
1.000001
2
0.156434
0
0
0.987688
0.058123
-0.57342
1.000001
0.156434
0
0
0.987688
0.058123
-0.57342
1.000001
2
0.156434
0
0
0.987688
0.058123
-0.57342
1.000001
0.156434
0
0
0.987688
0.058123
-0.57342
1.000001
finger2
False
False
False
True
False
0.031
0.041
0.111
0
0
0.04
7
0
0
0
-2
0
None
7
2
-0.12186
0
0
0.992546
0
0.681212
1.000002
-0.12186
0
0
0.992546
0
0.510784
0.999994
3
-0.12186
0
0
0.992546
0
0.681212
1.000002
-0.12186
0
0
0.992546
0
0.681212
1.000002
-0.12186
0
0
0.992546
0
0.681212
1.000002
3
-0.12186
0
0
0.992546
0
0.681212
1.000002
-0.12186
0
0
0.992546
0
0.479568
0.999995
-0.12186
0
0
0.992546
0
0.681212
1.000002
3
-0.12186
0
0
0.992546
0
0.681212
1.000002
-0.52991
0
0
0.848048
0
0.681212
1.000002
-0.03489
0
0
0.99939
0
0.681212
1.000002
2
0.224951
0
0
0.97437
0
0.681212
1.000002
0.224951
0
0
0.97437
0
0.681212
1.000002
2
-0.12186
0
0
0.992546
0
0.681212
1.000002
-0.12186
0
0
0.992546
0
0.681212
1.000002
2
-0.12186
0
0
0.992546
0
0.681212
1.000002
-0.12186
0
0
0.992546
0
0.681212
1.000002
extrahip
False
True
False
False
False
0.051000
0.051
0.101
0
0
-0.09999
0
1
13
0
0
0
0
None
7
2
0.195333
0.633704
-0.1698
0.728993
-0.99999
0.346903
-0.19432
0.195333
0.633704
-0.1698
0.728993
-0.99999
0.135414
-0.19432
3
0.195333
0.633704
-0.1698
0.728993
-1
-0.1079
-0.34206
0.195333
0.633704
-0.1698
0.728993
-0.99999
0.457957
-0.09074
0.195333
0.633704
-0.1698
0.728993
-0.99999
-0.07831
0.106705
3
0.069527
0.628006
-0.07924
0.771034
-0.99999
0.346903
-0.19432
0.195333
0.633704
-0.1698
0.728993
-0.99999
0.346903
-0.19432
0.087488
0.638945
-0.08508
0.759509
-0.99999
0.346903
-0.19432
3
0.195333
0.633704
-0.1698
0.728993
-0.99999
0.346903
-0.19432
0.195333
0.633704
-0.1698
0.728993
-0.99999
0.346903
-0.19432
0.195333
0.633704
-0.1698
0.728993
-0.99999
0.346903
-0.19432
2
0.209389
0.694829
-0.15213
0.670988
-0.99999
0.346903
-0.19432
0.209389
0.694829
-0.15213
0.670988
-0.99999
0.346903
-0.19432
2
-0.72899
-0.1698
-0.6337
0.195333
-0.99999
0.346903
-0.19432
-0.72899
-0.1698
-0.6337
0.195333
-0.99999
0.346903
-0.19432
2
0.195333
0.633704
-0.1698
0.728993
-0.99999
0.346903
-0.19432
0.195333
0.633704
-0.1698
0.728993
-0.99999
0.346903
-0.19432
extraleg
False
False
False
False
False
0.051
0.041
0.191
0
0
-0.16
12
1
14
0
0
-2
0
None
7
2
-0.52173
0.612399
0.351911
0.478459
0.06854
-0.20954
-1
-0.52173
0.612399
0.351911
0.478459
0.06854
-0.20954
-1
3
-0.35559
0.38623
0.534688
0.662182
0.06854
-0.20954
-1
-0.47495
0.549525
0.412871
0.549525
0.06854
-0.20954
-1
-0.545
0.644283
0.31466
0.434574
0.06854
-0.20954
-1
3
-0.37315
0.667132
0.214894
0.607871
0.06854
-0.20954
-1
-0.52173
0.612399
0.351911
0.478459
0.06854
-0.20954
-1
-0.60592
0.515709
0.478644
0.371206
0.06854
-0.20954
-1
3
-0.52173
0.612399
0.351911
0.478459
0.06854
-0.20954
-1
-0.52173
0.612399
0.351911
0.478459
0.06854
-0.20954
-1
-0.52173
0.612399
0.351911
0.478459
0.06854
-0.20954
-1
2
-0.61292
0.521715
0.476117
0.354194
0.06854
-0.20954
-1
-0.61292
0.521715
0.476117
0.354194
0.06854
-0.20954
-1
2
-0.47845
0.351911
-0.61239
-0.52173
0.06854
-0.20954
-1
-0.47845
0.351911
-0.61239
-0.52173
0.06854
-0.20954
-1
2
-0.52173
0.612399
0.351911
0.478459
0.06854
-0.20954
-1
-0.52173
0.612399
0.351911
0.478459
0.06854
-0.20954
-1
extrafoot
False
False
False
False
False
0.041
0.031
0.041
0
0
0
13
0
0
0
-6
0
None
7
2
0
0
0
1
0.229582
-0.20479
-0.99999
0
0
0
1
0.229582
-0.20479
-0.99999
3
0
0
0
1
0.229582
-0.20479
-0.99999
0
0
0
1
0.229582
-0.20479
-0.99999
0
0
0
1
0.229582
-0.20479
-0.99999
3
0
0
0
1
0.229582
-0.20479
-0.99999
0
0
0
1
0.229582
-0.20479
-0.99999
0
0
0
1
0.229582
-0.20479
-0.99999
3
0
0
0
1
0.229582
-0.20479
-0.99999
0
0
0
1
0.229582
-0.20479
-0.99999
0
0
0
1
0.229582
-0.20479
-0.99999
2
0
0
0
1
0.229582
-0.20479
-0.99999
0
0
0
1
0.229582
-0.20479
-0.99999
2
-1
0
0
0
0.229582
-0.20479
-0.99999
-1
0
0
0
0.229582
-0.20479
-0.99999
2
0
0
0
1
0.229582
-0.20479
-0.99999
0
0
0
1
0.229582
-0.20479
-0.99999
tail
False
False
False
True
False
0.151
0.101
0.171
0
0
-0.09999
0
1
16
0
0
0
0
None
7
2
0.224951
0
0
0.97437
-0.0756
0.122026
-0.99999
0.34202
0
0
0.939692
-0.0756
0.122026
-0.99999
3
0.224951
0
0
0.97437
-0.0756
0.122026
-0.99999
0.224951
0
0
0.97437
-0.0756
0.122026
-0.99999
0.224951
0
0
0.97437
-0.0756
0.122026
-0.99999
3
0.224951
0
0
0.97437
-0.0756
0.122026
-0.99999
0.224951
0
0
0.97437
-0.0756
0.122026
-0.99999
0.224951
0
0
0.97437
-0.0756
0.122026
-0.99999
3
0.350207
0
0
0.936672
-0.0756
0.122026
-0.99999
0.649448
0
0
0.760405
-0.0756
0.122026
-0.99999
0.224951
0
0
0.97437
-0.0756
0.122026
-0.99999
2
0.743145
0
0
0.66913
-0.0756
0.122026
-0.99999
0.743145
0
0
0.66913
-0.0756
0.122026
-0.99999
2
-0.29237
0
0
0.956304
-0.0756
0.122026
-0.99999
-0.29237
0
0
0.956304
-0.0756
0.122026
-0.99999
2
0.224951
0
0
0.97437
-0.0756
0.122026
-0.99999
0.224951
0
0
0.97437
-0.0756
0.122026
-0.99999
tailext
False
False
False
False
False
0.070999
0.081000
0.231
0
0
-0.18
15
1
17
0
0
-3
0
None
7
2
0.5
0
0
0.866025
-0.06928
0.238127
-0.99999
0.642787
0
0
0.766044
-0.06928
0.238127
-0.99999
3
0.5
0
0
0.866025
-0.06928
0.238127
-0.99999
0.5
0
0
0.866025
-0.06928
0.238127
-0.99999
0.5
0
0
0.866025
-0.06928
0.238127
-0.99999
3
0.5
0
0
0.866025
-0.06928
0.238127
-0.99999
0.5
0
0
0.866025
-0.06928
0.238127
-0.99999
0.5
0
0
0.866025
-0.06928
0.238127
-0.99999
3
0.737277
0
0
0.67559
-0.06928
0.238127
-0.99999
0.953717
0
0
0.300705
-0.06928
0.238127
-0.99999
0.5
0
0
0.866025
-0.06928
0.238127
-0.99999
2
0.67559
0
0
0.737277
-0.06928
0.238127
-0.99999
0.67559
0
0
0.737277
-0.06928
0.238127
-0.99999
2
-0.9848
0
0
0.173648
-0.06928
0.238127
-0.99999
-0.9848
0
0
0.173648
-0.06928
0.238127
-0.99999
2
0.5
0
0
0.866025
-0.06928
0.238127
-0.99999
0.5
0
0
0.866025
-0.06928
0.238127
-0.99999
scorpionext
False
False
False
False
False
0.041
0.181
0.051
0
0.04
0
16
1
18
0
0
-3
0
None
7
2
0.515038
0
0
0.857167
0.168918
0.955808
-1
0.515038
0
0
0.857167
0.168918
0.955808
-1
3
0.515038
0
0
0.857167
0.168918
0.955808
-1
0.515038
0
0
0.857167
0.168918
0.955808
-1
0.515038
0
0
0.857167
0.168918
0.955808
-1
3
0.515038
0
0
0.857167
0.168918
0.955808
-1
0.515038
0
0
0.857167
0.168918
0.955808
-1
0.515038
0
0
0.857167
0.168918
0.955808
-1
3
0.515038
0
0
0.857167
0.168918
0.955808
-1
0.515038
0
0
0.857167
0.168918
0.955808
-1
0.515038
0
0
0.857167
0.168918
0.955808
-1
2
0.515038
0
0
0.857167
0.168918
0.955808
-1
0.515038
0
0
0.857167
0.168918
0.955808
-1
2
-0.98162
0
0
0.190809
0.168918
0.955808
-1
-0.98162
0
0
0.190809
0.168918
0.955808
-1
2
0.515038
0
0
0.857167
0.168918
0.955808
-1
0.515038
0
0
0.857167
0.168918
0.955808
-1
scorpionsting
False
False
False
False
False
0.041
0.031
0.101
0
0
0.08
17
0
0
0
-3
0
None
7
2
0.5
0
0
0.866025
-0.02767
0.999995
0.022244
0.5
0
0
0.866025
-0.02767
0.999995
0.022244
3
0.5
0
0
0.866025
-0.02767
0.999995
0.022244
0.5
0
0
0.866025
-0.02767
0.999995
0.022244
0.5
0
0
0.866025
-0.02767
0.999995
0.022244
3
0.5
0
0
0.866025
-0.02767
0.999995
0.022244
0.5
0
0
0.866025
-0.02767
0.999995
0.022244
0.5
0
0
0.866025
-0.02767
0.999995
0.022244
3
0.5
0
0
0.866025
-0.02767
0.999995
0.022244
0.043619
0
0
0.999048
-0.02767
0.999995
0.022244
0.5
0
0
0.866025
-0.02767
0.999995
0.022244
2
0.5
0
0
0.866025
-0.02767
0.999995
0.022244
0.5
0
0
0.866025
-0.02767
0.999995
0.022244
2
-0.86602
0
0
0.5
-0.02767
0.999995
0.022244
-0.86602
0
0
0.5
-0.02767
0.999995
0.022244
2
0.5
0
0
0.866025
-0.02767
0.999995
0.022244
0.5
0
0
0.866025
-0.02767
0.999995
0.022244
snout
False
False
False
True
False
0.070999
0.061
0.021
0
0
0
2
1
20
0
0
0
0
None
7
2
0
0
0
1
0.044204
-0.51588
1
0
0
0
1
0.044204
-0.51588
1
3
0
0
0
1
0.044204
-0.51588
1
0
0
0
1
0.044204
-0.51588
1
0
0
0
1
0.044204
-0.51588
1
3
0
0
0
1
0.044204
-0.51588
1
0
0
0
1
0.044204
-0.51588
1
0
0
0
1
0.044204
-0.51588
1
3
0
0
0
1
0.044204
-0.51588
1
0
0
0
1
0.044204
-0.51588
1
0
0
0
1
0.044204
-0.51588
1
2
0
0
0
1
0.044204
-0.51588
1
0
0
0
1
0.044204
-0.51588
1
2
0
0
0
1
0.044204
-0.51588
1
0
0
0
1
0.044204
-0.51588
1
2
0
0
0
1
0.044204
-0.51588
1
0
0
0
1
0.044204
-0.51588
1
mouth
True
False
False
True
False
0.07
0.09
0.05
0
0
0.01
19
0
0
0
0
0
SharkMouoth
7
2
0
0
0
1
-0.17432
-0.042
1.000047
0
0
0
1
-0.17432
-0.042
1.000047
3
0
0
0
1
-0.17432
-0.042
1.000047
0
0
0
1
-0.17432
-0.042
1.000047
0
0
0
1
-0.17432
-0.042
1.000047
3
0
0
0
1
-0.17432
-0.042
1.000047
0
0
0
1
-0.17432
-0.042
1.000047
0
0
0
1
-0.17432
-0.042
1.000047
3
0
0
0
1
-0.17432
-0.042
1.000047
0
0
0
1
-0.17432
-0.042
1.000047
0
0
0
1
-0.17432
-0.042
1.000047
2
0
0
0
1
-0.17432
-0.042
1.000047
0
0
0
1
-0.17432
-0.042
1.000047
2
0
0
0
1
-0.17432
-0.042
1.000047
0
0
0
1
-0.17432
-0.042
1.000047
2
0
0
0
1
-0.17432
-0.042
1.000047
0
0
0
1
-0.17432
-0.042
1.000047
