30
0.414660
0.925490
0.925490
0.776470
perk_screech
false
0.816332
annoying
squawker
gaivota
irritante
guincho
чайка
надоедливый
визжать
camar
mengganggu
memekik
gaviota
molesto
chillido
นกนางนวล
น่ารำคาญ
กรีด
irritante
надоедливая
molesta
M
M
M
надоедливoe
false
Feathers
Uncooked Meat
Bones
?
?
12
torso
False
False
False
False
False
0.141
0.131
0.281
0
0
0
-1
4
1
5
6
7
0
0
0
0
None
7
2
-0.06104
0
0
0.998134
0
0
0
-0.10452
0
0
0.994522
0
0.02
0
3
0.026176
0
0
0.999657
0
0
0
-0.1478
0
0
0.989015
0
0
0
-0.06104
0
0
0.998134
0
0
0
3
-0.0174
0.069745
-0.00121
0.997412
0
0
0
-0.13917
0
0
0.990268
0
0
0
-0.01732
-0.12185
0.002126
0.992395
0
0
0
3
0.113203
0
0
0.993571
0
-0.16
-0.32
-0.10452
0
0
0.994522
0
0
0.46
-0.1478
0
0
0.989015
0
0.099999
0.5
2
-0.51503
0
0
0.857167
0
0.04
0.18
-0.55193
0
0
0.833885
0
0.04
0.18
2
-0.99984
0
0
-0.01745
0
-0.18
-0.55999
-0.99965
0
0
0.026177
0
-0.24
-0.55999
2
-0.27563
0
0
0.961261
0
0
0
-0.43837
0
0
0.898794
0
0
0
neck
False
False
False
True
False
0.090999
0.081
0.151
0
0
-0.02
0
1
2
0
0
0
0
None
7
2
-0.60876
0
0
0.793353
0
0.999995
0.844532
-0.64278
0
0
0.766044
0
0.999991
0.810768
3
-0.60876
0
0
0.793353
0
0.999995
0.844532
-0.60876
0
0
0.793353
0
0.999995
0.844532
-0.60876
0
0
0.793353
0
0.999995
0.844532
3
-0.7071
0
0
0.707106
0
0.882483
0.999998
-0.7071
0
0
0.707106
0
0.882483
0.999998
-0.7071
0
0
0.707106
0
0.882483
0.999998
3
-0.38268
0
0
0.923879
0
0.862262
0.999995
-0.3007
0
0
0.953716
0
0.651698
0.999998
-0.3007
0
0
0.953716
0
0.651698
0.999998
2
-0.17364
0
0
0.984807
0
0.183858
0.999999
-0.17364
0
0
0.984807
0
0.183858
0.999999
2
-0.04361
0
0
0.999048
0
-0.11617
0.999994
-0.04361
0
0
0.999048
0
-0.11617
0.999994
2
-0.7071
0
0
0.707106
0
0.882483
0.999998
-0.53729
0
0
0.843391
0
-0.34823
0.999999
head
False
False
False
False
False
0.101
0.091
0.101
0
0
0
1
2
3
4
0
0
0
0
None
7
2
0
0
0
1
0
-0.52036
1.000003
0
0
0
1
0
-0.52036
1.000003
3
0
0
0
1
0
-0.52036
1.000003
0
0
0
1
0
-0.52036
1.000003
0
0
0
1
0
-0.52036
1.000003
3
-0.08715
0
0
0.996194
0
-0.52036
1.000003
-0.08715
0
0
0.996194
0
-0.52036
1.000003
-0.08715
0
0
0.996194
0
-0.52036
1.000003
3
0.642787
0
0
0.766044
0
-0.52036
1.000003
0.461748
0
0
0.88701
0
-0.34874
1.00001
-0.04361
0
0
0.999048
0
0.548784
0.999997
2
0
0
0
1
0
-0.52036
1.000003
0
0
0
1
0
-0.52036
1.000003
2
-0.84339
0
0
0.537299
0
-0.99999
0.944433
-0.84339
0
0
0.537299
0
-0.99999
0.944433
2
-0.08715
0
0
0.996194
0
-0.52036
1.000003
-0.08715
0
0
0.996194
0
-0.52036
1.000003
snout
False
False
False
True
False
0.041
0.040999
0.091
0
0
0.08
2
1
11
-7
26
4
0
None
7
2
0.043555
-0.00235
0
0.999048
0.026195
-0.4211
1.000005
0.043555
-0.00235
0
0.999048
0.026195
-0.4211
1.000005
3
0.043555
-0.00235
0
0.999048
0.026195
-0.4211
1.000005
0.043555
-0.00235
0
0.999048
0.026195
-0.4211
1.000005
0.043555
-0.00235
0
0.999048
0.026195
-0.4211
1.000005
3
0.087092
-0.00237
0
0.996197
0.026198
-0.64649
0.999998
0.087092
-0.00237
0
0.996197
0.026198
-0.64649
0.999998
0.087092
-0.00237
0
0.996197
0.026198
-0.64649
0.999998
3
0.043555
-0.00235
0
0.999048
0.026195
-0.4211
1.000005
0.043555
-0.00235
0
0.999048
0.026195
-0.4211
1.000005
0.043555
-0.00235
0
0.999048
0.026195
-0.4211
1.000005
2
0.043555
-0.00235
0
0.999048
0.026195
-0.4211
1.000005
0.043555
-0.00235
0
0.999048
0.026195
-0.4211
1.000005
2
0.043555
-0.00235
0
0.999048
0.026195
-0.4211
1.000005
0.043555
-0.00235
0
0.999048
0.026195
-0.4211
1.000005
2
0.087092
-0.00237
0
0.996197
0.026198
-0.64649
0.999998
0.087092
-0.00237
0
0.996197
0.026198
-0.64649
0.999998
eyes
True
True
False
True
False
0.05
0.05
0.05
0
0
0.01
2
0
0
0
0
0
SeagullEye
7
2
-0.01629
-0.35831
0.006254
0.933438
-0.99999
0.062732
0.876879
-0.01629
-0.35831
0.006254
0.933438
-0.99999
0.062732
0.876879
3
-0.01629
-0.35831
0.006254
0.933438
-0.99999
0.062732
0.876879
-0.01629
-0.35831
0.006254
0.933438
-0.99999
0.062732
0.876879
-0.01629
-0.35831
0.006254
0.933438
-0.99999
0.062732
0.876879
3
-0.01713
-0.19077
0.00333
0.981477
-0.99999
0.065221
0.97827
-0.01713
-0.19077
0.00333
0.981477
-0.99999
0.065221
0.97827
-0.01713
-0.19077
0.00333
0.981477
-0.99999
0.065221
0.97827
3
-0.01629
-0.35831
0.006254
0.933438
-0.99999
0.062732
0.876879
-0.01629
-0.35831
0.006254
0.933438
-0.99999
0.062732
0.876879
-0.01629
-0.35831
0.006254
0.933438
-0.99999
0.062732
0.876879
2
-0.01629
-0.35831
0.006254
0.933438
-0.99999
0.062732
0.876879
-0.01629
-0.35831
0.006254
0.933438
-0.99999
0.062732
0.876879
2
-0.01629
-0.35831
0.006254
0.933438
-0.99999
0.062732
0.876879
-0.01629
-0.35831
0.006254
0.933438
-0.99999
0.062732
0.876879
2
-0.01713
-0.19077
0.00333
0.981477
-0.99999
0.065221
0.97827
-0.01713
-0.19077
0.00333
0.981477
-0.99999
0.065221
0.97827
shoulder
False
True
False
False
False
0.031
0.031
0.091000
0
0
0
0
1
10
0
-5
-11
0
None
7
2
-0.7604
0
0
0.649448
-0.99999
0.319675
0.547375
-0.7604
0
0
0.649448
-0.99999
0.319675
0.547375
3
-0.80961
0.56296
-0.05223
0.15772
-0.99999
0.409102
0.413463
-0.43514
0.878709
-0.0561
-0.18807
-0.99999
0.788911
0.547376
-0.96831
0.17074
0.031644
0.179467
-1
0.319674
0.547384
3
-0.78801
0
0
0.615661
-1
-0.12285
0.607957
-0.73063
0.230631
-0.29519
0.570831
-1
0.165835
0.607966
-0.78801
0
0
0.615661
-1
-0.12285
0.607957
3
-0.92313
0.177333
0.312011
-0.13793
-0.99999
0.724238
0.703158
-0.80879
-0.09292
0.285988
-0.50539
-0.99999
0.401916
0.787282
-0.38321
0.356841
0.169888
-0.83483
-0.99999
0.401916
0.787282
2
-0.95105
0
0
0.309017
-0.99999
0.11406
0.757791
-0.95105
0
0
0.309017
-0.99999
0.11406
0.757791
2
-0.64944
0
0
-0.7604
-0.99999
0.319675
0.547375
-0.64944
0
0
-0.7604
-0.99999
0.319675
0.547375
2
0.351568
0.115692
0.280422
-0.88565
-0.99999
0.319106
0.620856
0.601617
0.026012
0.302233
-0.73894
-0.99999
0.973687
0.521256
hip
False
True
True
False
False
0.041
0.071000
0.041
0
0
0.02
0
1
8
0
0
0
0
None
7
2
-0.66262
0
0
0.748955
-0.45969
-1
-0.16905
-0.66262
0
0
0.748955
-0.45969
-1
-0.16905
3
-0.66262
0
0
0.748955
-0.41225
-1
-0.73292
-0.83388
0
0
0.551936
-0.49982
-1
-0.0363
-0.66262
0
0
0.748955
-0.45969
-1
-0.16905
3
-0.55502
0.101034
-0.06814
0.822858
-0.71076
-1
-0.20779
-0.55919
0
0
0.829037
-0.66801
-1
-0.24567
-0.55375
-0.11537
0.077824
0.820969
-0.45969
-1
-0.16905
3
-0.66262
0
0
0.748955
-0.67779
-0.99999
-0.35514
-0.66262
0
0
0.748955
-0.61782
-1
-0.35964
-0.66262
0
0
0.748955
-0.61782
-1
-0.35964
2
-0.94832
0
0
0.317304
-0.54048
-0.99999
-0.35008
-0.94832
0
0
0.317304
-0.54048
-0.99999
-0.35008
2
-0.74895
0
0
-0.66261
-0.45969
-1
-0.16905
-0.74895
0
0
-0.66261
-0.45969
-1
-0.16905
2
-0.55919
0
0
0.829037
-0.45969
-1
-0.16905
-0.55919
0
0
0.829037
-0.45969
-1
-0.16905
tail
False
False
False
False
False
0.091
0.081000
0.121001
0
0
0.099999
0
0
0
-5
-18
0
None
7
2
-0.99965
0
0
0.026176
0.035806
0.402111
-0.99999
-0.99965
0
0
0.026176
0.035806
0.402111
-0.99999
3
-0.99965
0
0
0.026176
0.035806
0.402111
-0.99999
-0.99965
0
0
0.026176
0.035806
0.402111
-0.99999
-0.99965
0
0
0.026176
0.035806
0.402111
-0.99999
3
-0.99756
0
0
0.069756
0.035806
0.624753
-1
-0.99756
0
0
0.069756
0.035806
0.624753
-1
-0.99756
0
0
0.069756
0.035806
0.624753
-1
3
-0.99965
0
0
0.026176
0.035806
0.402111
-0.99999
-0.99965
0
0
0.026176
0.035806
0.402111
-0.99999
-0.99965
0
0
0.026176
0.035806
0.402111
-0.99999
2
-0.99965
0
0
0.026176
0.035806
0.402111
-0.99999
-0.99965
0
0
0.026176
0.035806
0.402111
-0.99999
2
-0.02617
0
0
-0.99965
0.035806
0.402111
-0.99999
-0.02617
0
0
-0.99965
0.035806
0.402111
-0.99999
2
-0.99756
0
0
0.069756
0.035806
0.624753
-1
-0.99756
0
0
0.069756
0.035806
0.624753
-1
leg
False
False
True
False
False
0.021
0.021
0.121
0
0
-0.12
6
1
9
-7
26
4
0
None
7
2
-0.69465
0
0
0.719339
-0.33145
0.240073
-1
-0.69465
0
0
0.719339
-0.33145
0.240073
-1
3
-0.4848
0
0
0.874619
-0.33145
0.240073
-1
-0.83388
0
0
0.551937
-0.33145
0.240073
-1
-0.69465
0
0
0.719339
-0.33145
0.240073
-1
3
-0.61775
0.148286
-0.12008
0.762867
-0.33145
0.240073
-1
-0.42261
0
0
0.906307
-0.33145
0.240073
-1
-0.61556
-0.16157
0.130843
0.760163
-0.33145
0.240073
-1
3
-0.89879
0
0
0.438371
-0.33145
0.240073
-1
-0.52249
0
0
0.85264
-0.33145
0.240073
-1
-0.52249
0
0
0.85264
-0.33145
0.240073
-1
2
-0.97237
0
0
0.233445
-0.33145
0.240073
-1
-0.97237
0
0
0.233445
-0.33145
0.240073
-1
2
-0.71933
0
0
-0.69465
-0.33145
0.240073
-1
-0.71933
0
0
-0.69465
-0.33145
0.240073
-1
2
-0.62932
0
0
0.777146
-0.33145
0.240073
-1
-0.62932
0
0
0.777146
-0.33145
0.240073
-1
foot
False
False
True
False
False
0.061
0.021
0.090999
0
0
0.02
8
0
-7
26
4
0
None
7
2
0
-0.10452
0
0.994522
-0.07331
-0.9606
-1
0
-0.10452
0
0.994522
-0.07331
-0.9606
-1
3
0
-0.10452
0
0.994522
-0.07331
-0.9606
-1
0
-0.10452
0
0.994522
-0.07331
-0.9606
-1
0
-0.10452
0
0.994522
-0.07331
-0.9606
-1
3
0
-0.10452
0
0.994522
-0.07331
-0.9606
-1
0.274127
-0.10047
0.028811
0.955995
-0.07331
-0.9606
-1
0
-0.10452
0
0.994522
-0.07331
-0.9606
-1
3
0
-0.10452
0
0.994522
-0.07331
-0.9606
-1
0.215254
-0.10205
0.022624
0.970947
-0.07331
-0.9606
-1
0.215254
-0.10205
0.022624
0.970947
-0.07331
-0.9606
-1
2
-0.57043
-0.08562
-0.05995
0.814664
-0.07331
-0.9606
-1
-0.57043
-0.08562
-0.05995
0.814664
-0.07331
-0.9606
-1
2
-0.99452
0
0.104528
0
-0.07331
-0.9606
-1
-0.99452
0
0.104528
0
-0.07331
-0.9606
-1
2
0
-0.10452
0
0.994522
-0.07331
-0.9606
-1
0
-0.10452
0
0.994522
-0.07331
-0.9606
-1
wing
False
False
False
True
False
0.031
0.191
0.091000
0
0.18
0
5
0
0
-5
-11
0
None
7
2
-0.03485
0.001826
0.052304
0.998021
-0.99997
0.232651
0.038231
-0.03485
0.001826
0.052304
0.998021
-0.99997
0.232651
0.038231
3
-0.03485
0.001826
0.052304
0.998021
-0.99997
0.232651
0.038231
-0.03485
0.001826
0.052304
0.998021
-0.99997
0.232651
0.038231
-0.03485
0.001826
0.052304
0.998021
-0.99997
0.232651
0.038231
3
-0.03425
0.006659
0.190692
0.981029
-1.00003
0.106261
0.038239
-0.06823
0
0.207911
0.975764
-1.00001
0.262701
0.038213
-0.03485
0.001826
0.052304
0.998021
-1.00003
0.106261
0.038239
3
-0.03485
0.001826
0.052304
0.998021
-0.99997
0.232651
0.038231
-0.03485
0.001826
0.052304
0.998021
-0.99997
0.232651
0.038231
-0.03485
0.001826
0.052304
0.998021
-0.99997
0.232651
0.038231
2
-0.03485
0.001826
0.052304
0.998021
-0.99997
0.232651
0.038231
-0.03485
0.001826
0.052304
0.998021
-0.99997
0.232651
0.038231
2
-0.03485
0.001826
0.052304
0.998021
-0.99997
0.232651
0.038231
-0.03485
0.001826
0.052304
0.998021
-0.99997
0.232651
0.038231
2
-0.03485
0.001826
0.052304
0.998021
-1.00003
0.106261
0.038239
-0.03485
0.001826
0.052304
0.998021
-1.00003
0.106261
0.038239
mouth
True
False
False
False
False
0.079999
0.09
0.05
0
0
0.01
3
0
0
0
0
0
PlainMouth
7
2
0
0
0
1
-0.16677
-0.29761
0.999998
0
0
0
1
-0.16677
-0.29761
0.999998
3
0
0
0
1
-0.16677
-0.29761
0.999998
0
0
0
1
-0.16677
-0.29761
0.999998
0
0
0
1
-0.16677
-0.29761
0.999998
3
0
0
0
1
-0.16677
-0.46082
0.99999
0
0
0
1
-0.16677
-0.46082
0.99999
0
0
0
1
-0.16677
-0.46082
0.99999
3
0
0
0
1
-0.16677
-0.29761
0.999998
0
0
0
1
-0.16677
-0.29761
0.999998
0
0
0
1
-0.16677
-0.29761
0.999998
2
0
0
0
1
-0.16677
-0.29761
0.999998
0
0
0
1
-0.16677
-0.29761
0.999998
2
-1
0
0
0
-0.16677
-0.29761
0.999998
-1
0
0
0
-0.16677
-0.29761
0.999998
2
0
0
0
1
-0.16677
-0.46082
0.99999
0
0
0
1
-0.16677
-0.46082
0.99999
