30
0.724339
0.854902
0.756862
0.2
perk_sprint
false
0.049803
swimming
horse
cavalo marinho
nadando
égua
морской конек
плавающий
лошадь
seahorse
yang berenang
kuda
caballito de mar
nadando
caballo
ม้าน้ํา
ว่ายน้ำ
ม้า
nadanda
плавания
nadanda
F
F
F
плавающoe
false
Uncooked Meat
Bones
Scales
?
?
14
torso
False
False
False
False
False
0.120091
0.171194
0.196746
0
0
0
-1
3
1
5
12
0
0
0
0
None
7
2
-0.65605
0
0
0.754709
0
0
0
-0.69465
0
0
0.719339
0
0
0
3
-0.60181
0
0
0.798635
0
0
0
-0.71933
0
0
0.694658
0
0
0
-0.66913
0
0
0.743144
0
0
0
3
-0.65446
0.052645
-0.04576
0.752871
0
0
0
-0.65605
0
0
0.754709
0
0
0
-0.65356
-0.06577
0.057179
0.751837
0
0
0
3
-0.39874
0
0
0.91706
0
0.12
-0.28
-0.27563
0
0
0.961261
0
-0.16
0.18
-0.27563
0
0
0.961261
0
-0.16
0.26
2
-0.65605
0
0
0.754709
0
-0.09999
0.06
-0.68835
0
0
0.725374
0
-0.09999
0.06
2
-0.99965
0
0
0.026176
0
0
-0.44
-0.99965
0
0
0.026176
0
-0.02
-0.44
2
-0.77714
0
0
0.62932
0
0
0
-0.82903
0
0
0.559192
0
0
0
neck
False
False
False
True
False
0.068988
0.111574
0.196746
0
0
0.12
0
2
2
6
0
0
0
0
None
7
2
-0.24192
0
0
0.970295
-0.04002
-0.05167
0.999999
-0.13917
0
0
0.990268
-0.04002
-0.05167
0.999999
3
-0.34202
0
0
0.939692
-0.04002
-0.05167
0.999999
0.173648
0
0
0.984807
-0.04002
-0.44078
0.999996
-0.24192
0
0
0.970295
-0.04002
-0.05167
0.999999
3
-0.24192
0
0
0.970295
-0.04002
-0.05167
0.999999
-0.24192
0
0
0.970295
-0.04002
-0.05167
0.999999
-0.24192
0
0
0.970295
-0.04002
-0.05167
0.999999
3
0.233445
0
0
0.972369
-0.04002
-0.05167
0.999999
0.104528
0
0
0.994522
-0.04002
-0.05167
0.999999
-0.40673
0
0
0.913545
-0.04002
-0.05167
0.999999
2
-0.28401
0
0
0.958819
-0.04002
-0.05167
0.999999
-0.28401
0
0
0.958819
-0.04002
-0.05167
0.999999
2
-0.06975
0
0
0.997564
-0.04002
-0.05167
0.999999
-0.06975
0
0
0.997564
-0.04002
-0.05167
0.999999
2
-0.24192
0
0
0.970295
-0.04002
-0.05167
0.999999
-0.24192
0
0
0.970295
-0.04002
-0.05167
0.999999
head
False
False
False
False
False
0.111574
0.103057
0.162677
0
0
0
1
3
3
4
7
0
0
0
0
None
7
2
0.052335
0
0
0.998629
-0.09944
-0.76719
1.000001
-0.06975
0
0
0.997564
-0.09944
-0.76719
1.000001
3
0.052335
0
0
0.998629
-0.09944
-0.76719
1.000001
0.052335
0
0
0.998629
-0.09944
-0.76719
1.000001
0.052335
0
0
0.998629
-0.09944
-0.76719
1.000001
3
0.052335
0
0
0.998629
-0.09944
-0.76719
1.000001
0.052335
0
0
0.998629
-0.09944
-0.76719
1.000001
0.052335
0
0
0.998629
-0.09944
-0.76719
1.000001
3
0.580703
0
0
0.814115
-0.09944
-0.76719
1.000001
0.430511
0
0
0.902585
-0.09944
-0.76719
1.000001
-0.16504
0
0
0.986285
-0.09944
-0.76719
1.000001
2
0.052335
0
0
0.998629
-0.09944
-0.76719
1.000001
0.052335
0
0
0.998629
-0.09944
-0.76719
1.000001
2
-0.7009
0
0
0.71325
-0.09944
-0.76719
1.000001
-0.7009
0
0
0.71325
-0.09944
-0.76719
1.000001
2
0.052335
0
0
0.998629
-0.09944
-0.76719
1.000001
0.052335
0
0
0.998629
-0.09944
-0.76719
1.000001
snout
False
False
False
True
False
0.03492
0.060471
0.196746
0
0
0.12
2
2
11
13
0
0
-3
0
None
7
2
0.406677
-0.00242
0
0.913568
0.026193
-0.40019
1
0.374546
-0.00242
0
0.927205
0.026193
-0.40019
1
3
0.406677
-0.00242
0
0.913568
0.026193
-0.40019
1
0.325507
-0.00243
0
0.945536
0.026193
-0.40019
1
0.406677
-0.00242
0
0.913568
0.026193
-0.40019
1
3
0.406677
-0.00242
0
0.913568
0.026193
-0.40019
1
0.406677
-0.00242
0
0.913568
0.026193
-0.40019
1
0.406677
-0.00242
0
0.913568
0.026193
-0.40019
1
3
0.406677
-0.00242
0
0.913568
0.026193
-0.40019
1
0.406677
-0.00242
0
0.913568
0.026193
-0.40019
1
0.406677
-0.00242
0
0.913568
0.026193
-0.40019
1
2
0.406677
-0.00242
0
0.913568
0.026193
-0.40019
1
0.406677
-0.00242
0
0.913568
0.026193
-0.40019
1
2
0.406677
-0.00242
0
0.913568
0.026193
-0.40019
1
0.406677
-0.00242
0
0.913568
0.026193
-0.40019
1
2
0.406677
-0.00242
0
0.913568
0.026193
-0.40019
1
0.406677
-0.00242
0
0.913568
0.026193
-0.40019
1
eyes
True
True
False
True
False
0.051102
0.051102
0.042585
0
0
0.01
2
0
0
0
0
0
DerpyEye
7
2
-0.03371
-0.25866
0.009032
0.965337
-0.97625
0.141823
1.000006
-0.03371
-0.25866
0.009032
0.965337
-0.97625
0.141823
1.000006
3
-0.03371
-0.25866
0.009032
0.965337
-0.97625
0.141823
1.000006
-0.03371
-0.25866
0.009032
0.965337
-0.97625
0.141823
1.000006
-0.03371
-0.25866
0.009032
0.965337
-0.97625
0.141823
1.000006
3
-0.03371
-0.25866
0.009032
0.965337
-0.97625
0.141823
1.000006
-0.03371
-0.25866
0.009032
0.965337
-0.97625
0.141823
1.000006
-0.03371
-0.25866
0.009032
0.965337
-0.97625
0.141823
1.000006
3
-0.03371
-0.25866
0.009032
0.965337
-0.97625
0.141823
1.000006
-0.03371
-0.25866
0.009032
0.965337
-0.97625
0.141823
1.000006
-0.03371
-0.25866
0.009032
0.965337
-0.97625
0.141823
1.000006
2
-0.03371
-0.25866
0.009032
0.965337
-0.97625
0.141823
1.000006
-0.03371
-0.25866
0.009032
0.965337
-0.97625
0.141823
1.000006
2
-0.03371
-0.25866
0.009032
0.965337
-0.97625
0.141823
1.000006
-0.03371
-0.25866
0.009032
0.965337
-0.97625
0.141823
1.000006
2
-0.03371
-0.25866
0.009032
0.965337
-0.97625
0.141823
1.000006
-0.03371
-0.25866
0.009032
0.965337
-0.97625
0.141823
1.000006
tail
False
False
False
False
False
0.086023
0.128609
0.18823
0
0
0.04
0
1
8
0
0
-2
0
None
7
2
-0.891
0
0
-0.45399
0.035806
0.603539
-1
-0.82903
0
0
-0.55919
0.035802
0.327417
-1
3
-0.891
0
0
-0.45399
0.035806
0.603539
-1
-0.891
0
0
-0.45399
0.035806
0.603539
-1
-0.891
0
0
-0.45399
0.035806
0.603539
-1
3
-0.87747
0.078834
0.154721
-0.44709
0.035806
0.603539
-1
-0.891
0
0
-0.45399
0.035806
0.603539
-1
-0.87747
-0.07883
-0.15472
-0.44709
0.035806
0.603539
-1
3
-0.99254
0
0
-0.12186
0.035806
0.603539
-1
-0.99254
0
0
-0.12186
0.035806
0.603539
-1
-0.99254
0
0
-0.12186
0.035806
0.603539
-1
2
-0.46947
0
0
-0.88294
0.035806
0.603539
-1
-0.46947
0
0
-0.88294
0.035806
0.603539
-1
2
-0.09584
0
0
-0.99539
0.035806
0.603539
-1
-0.09584
0
0
-0.99539
0.035806
0.603539
-1
2
-0.891
0
0
-0.45399
0.035806
0.603539
-1
-0.891
0
0
-0.45399
0.035806
0.603539
-1
neckmane
False
False
False
True
False
0.051954
0.077506
0.188229
0
0
0
1
0
0
0
0
0
None
7
2
0
0
0
1
0
0.999999
0.487859
0
0
0
1
0
0.999999
0.487859
3
0
0
0
1
0
0.999999
0.487859
0
0
0
1
0
0.999999
0.487859
0
0
0
1
0
0.999999
0.487859
3
0
0
0
1
0
0.999999
0.487859
0
0
0
1
0
0.999999
0.487859
0
0
0
1
0
0.999999
0.487859
3
0
0
0
1
0
0.999999
0.487859
0
0
0
1
0
0.999999
0.487859
0
0
0
1
0
0.999999
0.487859
2
0
0
0
1
0
0.999999
0.487859
0
0
0
1
0
0.999999
0.487859
2
0
0
0
1
0
0.999999
0.487859
0
0
0
1
0
0.999999
0.487859
2
0
0
0
1
0
0.999999
0.487859
0
0
0
1
0
0.999999
0.487859
headcrest
False
False
False
False
True
0.103057
0.026403
0.103057
0
0
0
2
0
0
0
-10
0
None
7
2
0.224951
0
0
0.97437
0
1.00001
0.30902
0.224951
0
0
0.97437
0
1.00001
0.30902
3
0.224951
0
0
0.97437
0
1.00001
0.30902
0.224951
0
0
0.97437
0
1.00001
0.30902
0.224951
0
0
0.97437
0
1.00001
0.30902
3
0.224951
0
0
0.97437
0
1.00001
0.30902
0.224951
0
0
0.97437
0
1.00001
0.30902
0.224951
0
0
0.97437
0
1.00001
0.30902
3
0.224951
0
0
0.97437
0
1.00001
0.30902
0.224951
0
0
0.97437
0
1.00001
0.30902
0.224951
0
0
0.97437
0
1.00001
0.30902
2
0.224951
0
0
0.97437
0
1.00001
0.30902
0.224951
0
0
0.97437
0
1.00001
0.30902
2
-0.5664
0
0
0.824126
0
1.00001
0.30902
-0.5664
0
0
0.824126
0
1.00001
0.30902
2
0.224951
0
0
0.97437
0
1.00001
0.30902
0.224951
0
0
0.97437
0
1.00001
0.30902
tailext
False
False
False
False
False
0.077506
0.068989
0.171195
0
0
-0.08
5
1
9
0
0
-5
0
None
7
2
-0.78801
0
0
0.615661
0
0.205837
0.999998
-0.78801
0
0
0.615661
0
0.205837
0.999998
3
-0.80889
0.014119
0.010258
0.587695
0
0.205837
0.999998
-0.78801
0
0
0.615661
0
0.205837
0.999998
-0.78801
0
0
0.615661
0
0.205837
0.999998
3
-0.78034
0.085683
-0.10966
0.609669
0
0.205837
0.999998
-0.78801
0
0
0.615661
0
0.205837
0.999998
-0.77079
-0.128
0.163836
0.602207
0
0.205837
0.999998
3
-0.78801
0
0
0.615661
0
0.205837
0.999998
-0.5664
0
0
0.824126
0
0.205837
0.999998
-0.3338
0
0
0.942641
0
0.205837
0.999998
2
-0.99939
0
0
-0.03489
0
0.205837
0.999998
-0.99939
0
0
-0.03489
0
0.205837
0.999998
2
-0.98628
0
0
-0.16504
0
0.205837
0.999998
-0.98628
0
0
-0.16504
0
0.205837
0.999998
2
-0.78801
0
0
0.615661
0
0.205837
0.999998
-0.78801
0
0
0.615661
0
0.205837
0.999998
tailext2
False
False
False
False
False
0.060471
0.051954
0.128609
0
0
-0.02
8
1
10
0
0
-6
0
None
7
2
-0.97437
0
0
0.224951
0.116125
-0.57325
-1
-0.9063
0
0
0.422618
0.116129
-0.35768
-0.99999
3
-0.99376
0.065123
0.024998
0.086943
0.116125
-0.57325
-1
-0.97437
0
0
0.224951
0.116125
-0.57325
-1
-0.97437
0
0
0.224951
0.116125
-0.57325
-1
3
-0.97437
0
0
0.224951
0.116125
-0.57325
-1
-0.97437
0
0
0.224951
0.116125
-0.57325
-1
-0.97437
0
0
0.224951
0.116125
-0.57325
-1
3
-0.97437
0
0
0.224951
0.116125
-0.57325
-1
-0.97437
0
0
0.224951
0.116125
-0.57325
-1
-0.41469
0
0
0.909961
0.116125
-0.57325
-1
2
-0.891
0
0
-0.45399
0.116125
-0.57325
-1
-0.891
0
0
-0.45399
0.116125
-0.57325
-1
2
-0.82412
0
0
-0.5664
0.116125
-0.57325
-1
-0.82412
0
0
-0.5664
0.116125
-0.57325
-1
2
-0.97437
0
0
0.224951
0.116125
-0.57325
-1
-0.97437
0
0
0.224951
0.116125
-0.57325
-1
tailext3
False
False
False
True
False
0.060471
0.043437
0.094539
0
0
-0.06
9
0
0
0
-8
0
None
7
2
-0.61566
0
0
0.78801
0.037101
-0.21681
-1
-0.61566
0
0
0.78801
0.037101
-0.21681
-1
3
-0.68199
0
0
0.731353
0.037101
-0.21681
-1
-0.61566
0
0
0.78801
0.037101
-0.21681
-1
-0.61566
0
0
0.78801
0.037101
-0.21681
-1
3
-0.61566
0
0
0.78801
0.037101
-0.21681
-1
-0.61566
0
0
0.78801
0.037101
-0.21681
-1
-0.61566
0
0
0.78801
0.037101
-0.21681
-1
3
-0.61566
0
0
0.78801
0.037101
-0.21681
-1
-0.61566
0
0
0.78801
0.037101
-0.21681
-1
-0.61566
0
0
0.78801
0.037101
-0.21681
-1
2
-0.61566
0
0
0.78801
0.037101
-0.21681
-1
-0.61566
0
0
0.78801
0.037101
-0.21681
-1
2
-0.61566
0
0
0.78801
0.037101
-0.21681
-1
-0.61566
0
0
0.78801
0.037101
-0.21681
-1
2
-0.61566
0
0
0.78801
0.037101
-0.21681
-1
-0.61566
0
0
0.78801
0.037101
-0.21681
-1
seahorsehorn
False
False
False
True
False
0.026403
0.060471
0.026403
0
0
0
3
0
0
0
-9
0
None
7
2
0
0
0
1
0
0.999995
0.822104
0
0
0
1
0
0.999995
0.822104
3
0
0
0
1
0
0.999995
0.822104
0
0
0
1
0
0.999995
0.822104
0
0
0
1
0
0.999995
0.822104
3
0
0
0
1
0
0.999995
0.822104
0
0
0
1
0
0.999995
0.822104
0
0
0
1
0
0.999995
0.822104
3
0
0
0
1
0
0.999995
0.822104
0
0
0
1
0
0.999995
0.822104
0
0
0
1
0
0.999995
0.822104
2
0
0
0
1
0
0.999995
0.822104
0
0
0
1
0
0.999995
0.822104
2
0
0
0
1
0
0.999995
0.822104
0
0
0
1
0
0.999995
0.822104
2
0
0
0
1
0
0.999995
0.822104
0
0
0
1
0
0.999995
0.822104
seahorsewing
False
True
False
True
False
0.026403
0.068989
0.171194
0
0.06
0
0
0
0
0
-10
0
None
7
2
0
0
0.190809
0.981627
-0.46069
1.000004
-0.07535
0.033241
-0.02041
0.453102
0.890604
-0.46069
1.000004
-0.07535
3
0
0
0.190809
0.981627
-0.46069
1.000004
-0.07535
0
0
0.469471
0.882947
-0.46069
1.000004
-0.07535
0
0
0.190809
0.981627
-0.46069
1.000004
-0.07535
3
0
0
0.190809
0.981627
-0.46069
1.000004
-0.07535
0.031736
-0.02268
0.514124
0.856828
-0.46069
1.000004
-0.07535
0
0
0.190809
0.981627
-0.46069
1.000004
-0.07535
3
0
0
0.190809
0.981627
-0.46069
1.000004
-0.07535
0
0
0.190809
0.981627
-0.46069
1.000004
-0.07535
0
0
0.190809
0.981627
-0.46069
1.000004
-0.07535
2
0
0
0.190809
0.981627
-0.46069
1.000004
-0.07535
0
0
0.190809
0.981627
-0.46069
1.000004
-0.07535
2
0
0
0.190809
0.981627
-0.46069
1.000004
-0.07535
0
0
0.190809
0.981627
-0.46069
1.000004
-0.07535
2
0
0
0.190809
0.981627
-0.46069
1.000004
-0.07535
0
0
0.190809
0.981627
-0.46069
1.000004
-0.07535
mouth
True
False
False
True
False
0.042585
0.076654
0.042585
0
0
0.01
3
0
0
0
0
0
HorseMouth
7
2
0
0
0
1
-0.04916
0.142078
0.999998
0
0
0
1
-0.04916
0.142078
0.999998
3
0
0
0
1
-0.04916
0.142078
0.999998
0
0
0
1
-0.04916
0.142078
0.999998
0
0
0
1
-0.04916
0.142078
0.999998
3
0
0
0
1
-0.04916
0.142078
0.999998
0
0
0
1
-0.04916
0.142078
0.999998
0
0
0
1
-0.04916
0.142078
0.999998
3
0
0
0
1
-0.04916
0.142078
0.999998
0
0
0
1
-0.04916
0.142078
0.999998
0
0
0
1
-0.04916
0.142078
0.999998
2
0
0
0
1
-0.04916
0.142078
0.999998
0
0
0
1
-0.04916
0.142078
0.999998
2
0
0
0
1
-0.04916
0.142078
0.999998
0
0
0
1
-0.04916
0.142078
0.999998
2
0
0
0
1
-0.04916
0.142078
0.999998
0
0
0
1
-0.04916
0.142078
0.999998
