30
0.350399
0.301960
0.325490
0.509804
perk_rage
false
0.225745
great-white
chomper
tubarão
grande-branco
mastigar
акула
Большая-белая
грызть
hiu
putih besar
penggigit
tiburón
gran-blanco
masticar
ฉลาม
สีขาว
กัด
grande-branca
большой-белый
gran-blanco
M
M
M
большое-белое 
false
Scales
Sharp Tooth
Uncooked Meat
Bones
?
13
torso
False
False
False
False
False
0.247744
0.236002
0.482572
0
0
0
-1
5
1
4
5
6
10
0
0
0
0
None
7
2
0.017435
-0.04361
0
0.998896
0
0
0
0.017435
0.043612
0
0.998896
0
0
0
3
0.017435
-0.04361
0
0.998896
0
0
0
0.017428
0.052327
0
0.998477
0
0
0
0.017409
-0.06974
-0.00121
0.997412
0
0
0
3
0.017409
0.069745
0.001217
0.997412
0
0
0
-0.1212
-0.10324
-0.01635
0.987108
0
0
0
0.016776
-0.27559
-0.00481
0.961115
0
0
0
3
0.190627
-0.04308
0.006823
0.980692
0
-0.14
-0.3
-0.02615
-0.04353
-0.00266
0.998705
0
0
0.18
-0.19917
-0.04241
-0.01018
0.978992
0
0
0.22
2
-0.522
-0.03637
-0.02407
0.851828
0
0.12
0.52
-0.55866
-0.03528
-0.02563
0.828248
0
0.12
0.52
2
-0.99889
0
0.043612
0.017435
0
-0.43999
-0.57999
-0.99889
0
0.043612
0.017435
0
-0.45999
-0.57999
2
-0.15643
0
0
0.987688
0
0
0
-0.28401
0
0
0.958819
0
0
0
neck
False
False
False
True
False
0.095105
0.118588
0.071622
0
0
0
0
1
2
0
0
0
0
None
7
2
0.052335
0
0
0.998629
-0.05528
-0.08989
0.999998
0.052335
0
0
0.998629
-0.05528
-0.08989
0.999998
3
0.052335
0
0
0.998629
-0.05528
-0.08989
0.999998
0.052335
0
0
0.998629
-0.05528
-0.08989
0.999998
0.052335
0
0
0.998629
-0.05528
-0.08989
0.999998
3
0.052335
0
0
0.998629
-0.05528
-0.08989
0.999998
0.052335
0
0
0.998629
-0.05528
-0.08989
0.999998
0.052335
0
0
0.998629
-0.05528
-0.08989
0.999998
3
0.052335
0
0
0.998629
-0.05528
-0.08989
0.999998
0.052335
0
0
0.998629
-0.05528
-0.08989
0.999998
0.052335
0
0
0.998629
-0.05528
-0.08989
0.999998
2
0.095845
0
0
0.995396
-0.05528
-0.76538
1.000002
0.095845
0
0
0.995396
-0.05528
-0.76538
1.000002
2
0.052335
0
0
0.998629
-0.05528
-0.08989
0.999998
0.052335
0
0
0.998629
-0.05528
-0.08989
0.999998
2
0.052335
0
0
0.998629
-0.05528
-0.08989
0.999998
0.052335
0
0
0.998629
-0.05528
-0.08989
0.999998
head
False
False
False
False
False
0.177295
0.165554
0.212519
0
0
0
1
2
3
11
0
2
-3
0
None
7
2
0.13841
-0.10351
-0.01454
0.984843
0.059263
0.346405
1.000001
0.138643
0.086307
0.012129
0.986499
0.059263
0.346405
1.000001
3
0.137459
0.154912
0.021771
0.978076
0.469008
0.406997
0.999988
0.034747
0.011034
0.025083
0.99902
0.126127
0.620282
1.000001
0.13841
-0.10351
-0.01454
0.984843
0.059263
0.346405
1.000001
3
0.13443
0.2563
0.03602
0.956525
0.059263
0.346405
1.000001
0.13841
-0.10351
-0.01454
0.984843
0.059263
0.346405
1.000001
0.125088
-0.4341
-0.061
0.890047
0.059263
0.346405
1.000001
3
0.504758
-0.10119
0.026171
0.856909
0.059263
0.346405
1.000001
0.678262
-0.09313
0.047454
0.727347
0.059263
0.346405
1.000001
-0.48972
-0.07326
-0.07455
0.865587
0.059263
0.346405
1.000001
2
0.182207
-0.01737
-0.00167
0.983105
0.059262
0.224682
1.000032
0.182207
-0.01737
-0.00167
0.983105
0.059262
0.224682
1.000032
2
-0.98484
-0.01454
0.103511
0.13841
0.059263
0.346405
1.000001
-0.98484
-0.01454
0.103511
0.13841
0.059263
0.346405
1.000001
2
0.13841
-0.10351
-0.01454
0.984843
0.059263
0.346405
1.000001
0.13841
-0.10351
-0.01454
0.984843
0.059263
0.346405
1.000001
eyes
True
True
False
True
False
0.070448
0.070448
0.058707
0
0
0.01
2
0
0
0
0
0
SeriousEye
7
2
0
0
-0.3007
0.953717
-0.79999
0.331468
1.000009
0
0
-0.3007
0.953717
-0.79999
0.331468
1.000009
3
0
0
-0.3007
0.953717
-0.79999
0.331468
1.000009
0
0
-0.3007
0.953717
-0.79999
0.331468
1.000009
0
0
-0.3007
0.953717
-0.79999
0.331468
1.000009
3
0
0
-0.3007
0.953717
-0.79999
0.331468
1.000009
0
0
-0.3007
0.953717
-0.79999
0.331468
1.000009
0
0
-0.3007
0.953717
-0.79999
0.331468
1.000009
3
0
0
-0.3007
0.953717
-0.79999
0.331468
1.000009
0
0
-0.3007
0.953717
-0.79999
0.331468
1.000009
0
0
-0.3007
0.953717
-0.79999
0.331468
1.000009
2
0
0
-0.3007
0.953717
-0.79999
0.331468
1.000009
0
0
-0.3007
0.953717
-0.79999
0.331468
1.000009
2
0
0
-0.3007
0.953717
-0.79999
0.331468
1.000009
0
0
-0.3007
0.953717
-0.79999
0.331468
1.000009
2
0
0
-0.3007
0.953717
-0.79999
0.331468
1.000009
0
0
-0.3007
0.953717
-0.79999
0.331468
1.000009
shoulder
False
True
True
False
False
0.036398
0.04814
0.153813
0
0
-0.08
0
1
9
0
0
-4
0
None
7
2
-0.87811
0.469185
-0.01638
0.092293
-1
0.016223
0.357011
-0.77245
0.628116
0.001527
0.093724
-1
0.256592
0.298963
3
-0.87758
0.451428
-0.0496
0.153585
-1
-0.42873
0.096222
-0.73852
0.667682
0.00643
0.093515
-1
0.135045
0.264015
-0.89395
0.438254
-0.01959
0.091665
-0.99999
-0.35531
0.465746
3
-0.88173
0.465972
0.057214
-0.0462
-1
-0.31579
0.357007
-0.69014
0.717573
0.012938
0.092839
-1
0.293495
0.357015
-0.81865
0.446493
-0.14507
0.330758
-1
-0.10272
0.180942
3
-0.87811
0.469185
-0.01638
0.092293
-1
0.016223
0.357011
-0.69283
0.667859
-0.26787
-0.04671
-1
0.016223
0.357011
-0.69283
0.667859
-0.26787
-0.04671
-1
0.016223
0.357011
2
-0.98221
0.036231
0.16259
0.086617
-1
-0.28749
0.357005
-0.98221
0.036231
0.16259
0.086617
-1
-0.28749
0.357005
2
-0.09229
-0.01638
-0.46918
-0.87811
-1
0.016223
0.357011
-0.09229
-0.01638
-0.46918
-0.87811
-1
0.016223
0.357011
2
0.308183
0.949536
-0.03423
0.047238
-0.99999
0.866676
0.357035
0.295174
0.826442
-0.46881
-0.1004
-0.99999
0.995201
0.185002
tail
False
False
False
False
False
0.130329
0.177297
0.259487
0
0.02
0.2
0
2
7
8
0
0
-4
0
None
7
2
-0.99026
0
-0.13917
0
-0.05379
0.140535
-1
-0.98768
0
0.156434
0
-0.05379
0.140535
-1
3
-0.97814
0
0.207911
0
-0.05379
0.140535
-1
-0.99558
-0.02693
0.034766
0.08289
-0.05379
0.140535
-1
-0.99026
0
-0.13917
0
-0.05379
0.140535
-1
3
-0.93358
0
0.358367
0
-0.05379
0.140535
-1
-0.98891
0.007283
-0.13898
-0.05182
-0.05379
0.140535
-1
-0.86602
0
-0.5
0
0.246696
0.141602
-1
3
-0.95652
0.03602
-0.13443
-0.2563
-0.05379
0.140535
-1
-0.99026
0
-0.13917
0
-0.05379
0.140535
-1
-0.99026
0
-0.13917
0
-0.05379
0.140535
-1
2
-0.91488
-0.05325
-0.12857
0.378959
-0.05379
0.140535
-1
-0.91488
-0.05325
-0.12857
0.378959
-0.05379
0.140535
-1
2
0
-0.13917
0
-0.99026
-0.05379
0.140535
-1
0
-0.13917
0
-0.99026
-0.05379
0.140535
-1
2
-0.99026
0
-0.13917
0
-0.05379
0.140535
-1
-0.99026
0
-0.13917
0
-0.05379
0.140535
-1
backfin
False
True
False
True
False
0.036398
0.189037
0.118588
0
0.12
0
0
0
0
-1
3
0
None
7
2
-0.1908
0
0
0.981627
0.018038
1.000004
-0.24204
-0.1908
0
0
0.981627
0.018038
1.000004
-0.24204
3
-0.1908
0
0
0.981627
0.018038
1.000004
-0.24204
-0.1908
0
0
0.981627
0.018038
1.000004
-0.24204
-0.1908
0
0
0.981627
0.018038
1.000004
-0.24204
3
-0.1908
0
0
0.981627
0.018038
1.000004
-0.24204
-0.1908
0
0
0.981627
0.018038
1.000004
-0.24204
-0.1908
0
0
0.981627
0.018038
1.000004
-0.24204
3
-0.1908
0
0
0.981627
0.018038
1.000004
-0.24204
-0.1908
0
0
0.981627
0.018038
1.000004
-0.24204
-0.1908
0
0
0.981627
0.018038
1.000004
-0.24204
2
-0.1908
0
0
0.981627
0.018038
1.000004
-0.24204
-0.1908
0
0
0.981627
0.018038
1.000004
-0.24204
2
-0.1908
0
0
0.981627
0.018038
1.000004
-0.24204
-0.1908
0
0
0.981627
0.018038
1.000004
-0.24204
2
-0.1908
0
0
0.981627
0.018038
1.000004
-0.24204
-0.1908
0
0
0.981627
0.018038
1.000004
-0.24204
tailext
False
False
False
True
False
0.024656
0.095106
0.247746
0
0
0.08
5
0
0
0
-4
0
None
7
2
0.275637
0
0
0.961261
0
-0.79841
1.000001
0.275637
0
0
0.961261
0
-0.83187
0.999995
3
0.275637
0
0
0.961261
0
-0.83187
0.999995
0.275637
0
0
0.961261
0
-0.83187
0.999995
0.275637
0
0
0.961261
0
-0.83187
0.999995
3
0.275637
0
0
0.961261
0
-0.83187
0.999995
0.275637
0
0
0.961261
0
-0.83187
0.999995
0.275637
0
0
0.961261
0
-0.83187
0.999995
3
0.275637
0
0
0.961261
0
-0.79841
1.000001
0.275637
0
0
0.961261
0
-0.79841
1.000001
0.275637
0
0
0.961261
0
-0.79841
1.000001
2
0.275637
0
0
0.961261
0
-0.79841
1.000001
0.275637
0
0
0.961261
0
-0.79841
1.000001
2
0.275637
0
0
0.961261
0
-0.79841
1.000001
0.275637
0
0
0.961261
0
-0.79841
1.000001
2
0.275637
0
0
0.961261
0
-0.83187
0.999995
0.275637
0
0
0.961261
0
-0.83187
0.999995
tailfin2
False
False
False
False
False
0.024656
0.095104
0.177295
0
0
-0.06
5
0
0
0
-4
0
None
7
2
-0.27563
0
0
0.961261
0
0.381771
0.999995
-0.27563
0
0
0.961261
0
0.381771
0.999995
3
-0.27563
0
0
0.961261
0
0.381771
0.999995
-0.27563
0
0
0.961261
0
0.381771
0.999995
-0.27563
0
0
0.961261
0
0.381771
0.999995
3
-0.27563
0
0
0.961261
0
0.381771
0.999995
-0.27563
0
0
0.961261
0
0.381771
0.999995
-0.27563
0
0
0.961261
0
0.381771
0.999995
3
-0.27563
0
0
0.961261
0
0.381771
0.999995
-0.27563
0
0
0.961261
0
0.381771
0.999995
-0.27563
0
0
0.961261
0
0.381771
0.999995
2
-0.27563
0
0
0.961261
0
0.381771
0.999995
-0.27563
0
0
0.961261
0
0.381771
0.999995
2
-0.96126
0
0
-0.27563
0
0.381771
0.999995
-0.96126
0
0
-0.27563
0
0.381771
0.999995
2
-0.27563
0
0
0.961261
0
0.381771
0.999995
-0.27563
0
0
0.961261
0
0.381771
0.999995
wing
False
False
True
True
False
0.024656
0.189037
0.095106
0
0.14
0
4
0
0
0
-4
0
None
7
2
0
0
0
1
-0.17827
1.000005
-0.1875
0
0
0
1
-0.17827
1.000005
-0.1875
3
0
0
0
1
-0.17827
1.000005
-0.1875
0
0
0
1
-0.17827
1.000005
-0.1875
0
0
0
1
-0.17827
1.000005
-0.1875
3
0
0
0
1
-0.17827
1.000005
-0.1875
0
0
0
1
-0.17827
1.000005
-0.1875
0
0
0
1
-0.17827
1.000005
-0.1875
3
0
0
0
1
-0.17827
1.000005
-0.1875
0
0
0
1
-0.17827
1.000005
-0.1875
0
0
0
1
-0.17827
1.000005
-0.1875
2
0
0
0
1
-0.17827
1.000005
-0.1875
0
0
0
1
-0.17827
1.000005
-0.1875
2
0
0
0
1
-0.17827
1.000005
-0.1875
0
0
0
1
-0.17827
1.000005
-0.1875
2
0
0
0
1
-0.17827
1.000005
-0.1875
0
0
0
1
-0.17827
1.000005
-0.1875
bottomfin
False
True
False
True
False
0.024656
0.106847
0.083364
0
0
0
0
0
0
0
0
0
None
7
2
0.469471
0
0
0.882947
-0.45268
-1
-0.6085
0.469471
0
0
0.882947
-0.45268
-1
-0.6085
3
0.469471
0
0
0.882947
-0.45268
-1
-0.6085
0.469471
0
0
0.882947
-0.45268
-1
-0.6085
0.469471
0
0
0.882947
-0.45268
-1
-0.6085
3
0.469471
0
0
0.882947
-0.45268
-1
-0.6085
0.469471
0
0
0.882947
-0.45268
-1
-0.6085
0.469471
0
0
0.882947
-0.45268
-1
-0.6085
3
0.469471
0
0
0.882947
-0.45268
-1
-0.6085
0.469471
0
0
0.882947
-0.45268
-1
-0.6085
0.469471
0
0
0.882947
-0.45268
-1
-0.6085
2
0.469471
0
0
0.882947
-0.45268
-1
-0.6085
0.469471
0
0
0.882947
-0.45268
-1
-0.6085
2
0.469471
0
0
0.882947
-0.45268
-1
-0.6085
0.469471
0
0
0.882947
-0.45268
-1
-0.6085
2
0.469471
0
0
0.882947
-0.45268
-1
-0.6085
0.469471
0
0
0.882947
-0.45268
-1
-0.6085
snout
False
False
False
True
False
0.111
0.091
0.050999
0
0
0
2
1
12
0
2
-3
0
None
7
2
0
0
0
1
-0.01037
-0.38014
1.000001
0
0
0
1
-0.01037
-0.38014
1.000001
3
0
0
0
1
-0.01037
-0.38014
1.000001
0
0
0
1
-0.01037
-0.38014
1.000001
0
0
0
1
-0.01037
-0.38014
1.000001
3
0
0
0
1
-0.01037
-0.38014
1.000001
0
0
0
1
-0.01037
-0.38014
1.000001
0
0
0
1
-0.01037
-0.38014
1.000001
3
0
0
0
1
-0.01037
-0.38014
1.000001
0
0
0
1
-0.01037
-0.38014
1.000001
0
0
0
1
-0.01037
-0.38014
1.000001
2
0
0
0
1
-0.01037
-0.38014
1.000001
0
0
0
1
-0.01037
-0.38014
1.000001
2
0
0
0
1
-0.01037
-0.38014
1.000001
0
0
0
1
-0.01037
-0.38014
1.000001
2
0
0
0
1
-0.01037
-0.38014
1.000001
0
0
0
1
-0.01037
-0.38014
1.000001
mouth
True
False
False
True
False
0.12
0.13
0.05
0
0
0.01
11
0
0
0
0
0
SharkMouoth
7
2
0
0
0
1
-0.07854
-0.15984
0.999987
0
0
0
1
-0.07854
-0.15984
0.999987
3
0
0
0
1
-0.07854
-0.15984
0.999987
0
0
0
1
-0.07854
-0.15984
0.999987
0
0
0
1
-0.07854
-0.15984
0.999987
3
0
0
0
1
-0.07854
-0.15984
0.999987
0
0
0
1
-0.07854
-0.15984
0.999987
0
0
0
1
-0.07854
-0.15984
0.999987
3
0
0
0
1
-0.07854
-0.15984
0.999987
0
0
0
1
-0.07854
-0.15984
0.999987
0
0
0
1
-0.07854
-0.15984
0.999987
2
0
0
0
1
-0.07854
-0.15984
0.999987
0
0
0
1
-0.07854
-0.15984
0.999987
2
0
0
0
1
-0.07854
-0.15984
0.999987
0
0
0
1
-0.07854
-0.15984
0.999987
2
0
0
0
1
-0.07854
-0.15984
0.999987
0
0
0
1
-0.07854
-0.15984
0.999987
