30
0.398360
0.976470
0.470588
0.152941
perk_summon_pack
false
0.313249
bork
sheeb
shiba inu
latindo
shiba
сиба ину
лающий
шиба
shiba inu
yang menggonggong
shiba
shiba inu
ladrando
shiba
ชิบะอินุ
เห่า
ชิบะ
latindo
лающая
ladranda
F
F
F
лающее
false
Sharp Tooth
Fur
Uncooked Meat
Bones
?
17
torso
False
False
False
False
False
0.131
0.151
0.251
0
0
0
-1
4
1
5
6
7
0
0
0
0
None
7
2
-0.02617
0
0
0.999657
0
0
0
-0.02617
0
0
0.999657
0
0
0
3
0.104528
0
0
0.994521
0
0
0
-0.1132
0
0
0.993571
0
0
0
-0.02617
0
0
0.999657
0
0
0
3
0.017386
0.087142
0.001521
0.996043
0
0
0
-0.12186
0
0
0.992546
0
0
0
0.017322
-0.12185
-0.00212
0.992395
0
0
0
3
0.104528
0
0
0.994521
0
-0.02
-0.12
0.061048
0
0
0.998134
0
0
0.2
-0.24192
0
0
0.970295
0
0
0.26
2
-0.3665
0
0
0.930417
0
0.099999
0.18
-0.40673
0
0
0.913545
0
0.099999
0.18
2
-0.99813
0
0
0.061048
0
-0.32
-0.48
-0.99813
0
0
0.061048
0
-0.34
-0.48
2
-0.24192
0
0
0.970295
0
0
0
-0.40673
0
0
0.913545
0
0
0
neck
False
False
False
True
False
0.091
0.091000
0.141
0
0
-0.04
0
1
2
0
-13
9
0
None
7
2
-0.49242
0
0
0.870355
0.001739
0.576474
1.000002
-0.49242
0
0
0.870355
0.001739
0.576474
1.000002
3
-0.49242
0
0
0.870355
0.001739
0.576474
1.000002
-0.49242
0
0
0.870355
0.001739
0.576474
1.000002
-0.49242
0
0
0.870355
0.001739
0.576474
1.000002
3
-0.52991
0
0
0.848048
-0.02029
0.999999
0.893208
-0.52991
0
0
0.848048
-0.02029
0.999999
0.893208
-0.52991
0
0
0.848048
-0.02029
0.999999
0.893208
3
-0.20791
0
0
0.978147
0.001739
0.480628
1.000005
-0.12186
0
0
0.992546
0.001739
0.576474
1.000002
-0.49242
0
0
0.870355
0.001739
0.866336
1.000001
2
-0.16504
0
0
0.986285
0.001739
0.02115
1
-0.16504
0
0
0.986285
0.001739
0.02115
1
2
-0.16504
0
0
0.986285
0.00174
-0.16526
0.999995
-0.16504
0
0
0.986285
0.00174
-0.16526
0.999995
2
-0.03489
0
0
0.99939
-0.02271
0.230347
0.999997
-0.03489
0
0
0.99939
-0.02271
0.230347
0.999997
head
False
False
False
False
False
0.121
0.111
0.091
0
0
-0.02
1
5
3
4
12
13
16
0
0
0
0
None
7
2
0.008726
0
0
0.999962
0
-0.47214
1
0.008726
0
0
0.999962
0
-0.47214
1
3
0.008726
0
0
0.999962
0
-0.47214
1
0.095845
0
0
0.995396
0
-0.47214
1
0.095845
0
0
0.995396
0
-0.47214
1
3
-0.12186
0
0
0.992546
0
-0.05643
0.999997
-0.12186
0
0
0.992546
0
-0.05643
0.999997
-0.12186
0
0
0.992546
0
-0.05643
0.999997
3
0.469471
0
0
0.882947
0
-0.47214
1
0.139173
0
0
0.990268
0
-0.3619
1.000002
-0.45399
0
0
0.891006
0
-0.47214
1
2
0.052336
0
0
0.998629
0
-0.47214
1
0.052336
0
0
0.998629
0
-0.47214
1
2
-0.99539
0
0
0.095846
0
-0.28289
0.999999
-0.99539
0
0
0.095846
0
-0.28289
0.999999
2
-0.12186
0
0
0.992546
0
-0.05643
0.999997
-0.12186
0
0
0.992546
0
-0.05643
0.999997
snout
False
False
False
True
False
0.041
0.051
0.051
0
0
0.04
2
2
14
15
0
-10
9
0
None
7
2
0.034835
-0.00234
0
0.99939
0.026193
-0.4255
1.000007
0.034835
-0.00234
0
0.99939
0.026193
-0.4255
1.000007
3
0.034835
-0.00234
0
0.99939
0.026193
-0.4255
1.000007
0.034835
-0.00234
0
0.99939
0.026193
-0.4255
1.000007
0.034835
-0.00234
0
0.99939
0.026193
-0.4255
1.000007
3
0.034835
-0.00234
0
0.99939
0.026194
-0.59795
1.000007
0.034835
-0.00234
0
0.99939
0.026194
-0.59795
1.000007
0.034835
-0.00234
0
0.99939
0.026194
-0.59795
1.000007
3
0.034835
-0.00234
0
0.99939
0.026193
-0.4255
1.000007
0.034835
-0.00234
0
0.99939
0.026193
-0.4255
1.000007
0.034835
-0.00234
0
0.99939
0.026193
-0.4255
1.000007
2
0.034835
-0.00234
0
0.99939
0.026193
-0.4255
1.000007
0.034835
-0.00234
0
0.99939
0.026193
-0.4255
1.000007
2
0.034835
-0.00234
0
0.99939
0.026193
-0.4255
1.000007
0.034835
-0.00234
0
0.99939
0.026193
-0.4255
1.000007
2
0.034835
-0.00234
0
0.99939
0.026194
-0.59795
1.000007
0.034835
-0.00234
0
0.99939
0.026194
-0.59795
1.000007
eyes
True
True
False
True
False
0.05
0.04
0.05
0
0
0.01
2
0
0
0
0
0
BlackEye
7
2
0.088885
-0.03961
-0.03961
0.994465
-0.66254
-0.03573
0.999995
0.088885
-0.03961
-0.03961
0.994465
-0.66254
-0.03573
0.999995
3
0.088885
-0.03961
-0.03961
0.994465
-0.66254
-0.03573
0.999995
0.088885
-0.03961
-0.03961
0.994465
-0.66254
-0.03573
0.999995
0.088885
-0.03961
-0.03961
0.994465
-0.66254
-0.03573
0.999995
3
0.088885
-0.03961
-0.03961
0.994465
-0.52637
0.117918
1.000007
0.088885
-0.03961
-0.03961
0.994465
-0.52637
0.117918
1.000007
0.088885
-0.03961
-0.03961
0.994465
-0.52637
0.117918
1.000007
3
0.088885
-0.03961
-0.03961
0.994465
-0.66254
-0.03573
0.999995
0.088885
-0.03961
-0.03961
0.994465
-0.66254
-0.03573
0.999995
0.088885
-0.03961
-0.03961
0.994465
-0.66254
-0.03573
0.999995
2
0.088885
-0.03961
-0.03961
0.994465
-0.66254
-0.03573
0.999995
0.088885
-0.03961
-0.03961
0.994465
-0.66254
-0.03573
0.999995
2
0.088885
-0.03961
-0.03961
0.994465
-0.66254
-0.03573
0.999995
0.088885
-0.03961
-0.03961
0.994465
-0.66254
-0.03573
0.999995
2
0.088885
-0.03961
-0.03961
0.994465
-0.52637
0.117918
1.000007
0.088885
-0.03961
-0.03961
0.994465
-0.52637
0.117918
1.000007
shoulder
False
True
True
False
False
0.041
0.061000
0.101
0.02
0
0
0
1
8
0
0
-6
0
None
7
2
-0.7009
0
0
0.71325
-0.99878
-0.99999
0.600932
-0.7009
0
0
0.71325
-0.99878
-0.99999
0.600932
3
-0.45399
0
0
0.891006
-0.99878
-0.99999
0.600932
-0.60181
0
0
0.798635
-0.99878
-0.99999
0.600932
-0.86162
0
0
0.507538
-0.99999
-0.99718
0.805522
3
-0.73821
0.136402
-0.15691
0.641722
-1
-0.8175
0.683639
-0.66913
0
0
0.743144
-1
-0.43013
0.545969
-0.5944
-0.12493
0.094144
0.788803
-0.99273
-0.99999
0.325328
3
-0.3338
0
0
0.942641
-0.99878
-0.99999
0.600932
-0.25037
0
0
0.968147
-0.99878
-0.99999
0.600932
-0.7009
0
0
0.71325
-0.99878
-0.99999
0.600932
2
-0.60181
0
0
0.798635
-0.79349
-0.99999
0.445098
-0.66913
0
0
0.743144
-0.80522
-0.99999
0.498455
2
-0.77162
0
0
-0.63607
-0.99878
-0.99999
0.600932
-0.77162
0
0
-0.63607
-0.99878
-0.99999
0.600932
2
-0.54256
0.073094
0.047468
-0.83547
-1
0.381152
0.545962
-0.26622
0.055437
0.067251
-0.95996
-1
0.947803
0.427673
hip
False
True
True
False
False
0.061
0.081000
0.131
0
0
0
0
1
10
0
0
-6
0
None
7
2
-0.55076
0.044337
-0.02961
0.832956
-0.99999
-0.60624
-0.78232
-0.55076
0.044337
-0.02961
0.832956
-0.99999
-0.77589
-0.78233
3
-0.74758
0.050492
-0.01713
0.662026
-0.99999
-0.60624
-0.78232
-0.55076
0.044337
-0.02961
0.832956
-0.99999
-0.60624
-0.78232
-0.43732
0.040092
-0.03514
0.897719
-0.99999
-0.60624
-0.78232
3
-0.49957
0.145179
-0.14165
0.842188
-1
-0.73568
-0.71863
-0.51558
0.011644
-0.06176
0.85453
-1
-0.32168
-0.71861
-0.5521
-0.19237
0.100913
0.804979
-1
-0.73568
-0.71863
3
-0.55076
0.044337
-0.02961
0.832956
-0.99999
-0.60624
-0.78232
-0.39775
0.038521
-0.03686
0.915941
-0.99999
-0.60624
-0.78232
-0.55076
0.044337
-0.02961
0.832956
-0.99999
-0.60624
-0.78232
2
-0.98982
0.059207
-0.11301
0.062932
-0.99999
-0.60624
-0.78232
-0.98982
0.059207
-0.11301
0.062932
-0.99999
-0.60624
-0.78232
2
-0.87778
-0.02563
-0.04675
-0.47607
-0.99999
-0.60624
-0.78232
-0.87778
-0.02563
-0.04675
-0.47607
-0.99999
-0.60624
-0.78232
2
-0.51558
0.011644
-0.06176
0.85453
-1
-0.73568
-0.71863
-0.51558
0.011644
-0.06176
0.85453
-1
-0.73568
-0.71863
tail
False
False
False
False
False
0.061
0.151
0.141
0
0
0.1
0
0
0
-13
9
0
None
7
2
-0.93456
-0.02517
0.251367
0.250526
0.035806
0.519276
-0.99999
-0.9669
0.051322
-0.04129
0.246501
0.035806
0.519276
-0.99999
3
-0.92271
-0.03608
0.291893
0.249189
0.035806
0.519276
-0.99999
-0.96417
0.062026
-0.08343
0.244028
0.035806
0.519276
-0.99999
-0.96682
0.029643
0.043131
0.250037
0.035806
0.519276
-0.99999
3
-0.90913
-0.04137
0.359982
0.205344
0.035806
0.519276
-0.99999
-0.97609
0.049284
-0.05796
0.20359
0.035806
0.519276
-0.99999
-0.87585
0.124916
-0.43474
0.168148
0.035804
0.726443
-1
3
-0.96682
0.029643
0.043131
0.250037
0.035806
0.519276
-0.99999
-0.96682
0.029643
0.043131
0.250037
0.035806
0.519276
-0.99999
-0.96682
0.029643
0.043131
0.250037
0.035806
0.519276
-0.99999
2
-0.93456
-0.02517
0.251367
0.250526
0.035806
0.519276
-0.99999
-0.93456
-0.02517
0.251367
0.250526
0.035806
0.519276
-0.99999
2
-0.33102
0.248216
0.046989
-0.90917
0.035806
0.519276
-0.99999
-0.33102
0.248216
0.046989
-0.90917
0.035806
0.519276
-0.99999
2
-0.9768
0.027733
0.044383
0.207626
0.035806
0.519276
-0.99999
-0.9768
0.027733
0.044383
0.207626
0.035806
0.519276
-0.99999
arm
False
False
True
False
False
0.031
0.041000
0.051000
0
0
-0.04
5
1
9
0
-12
5
0
None
7
2
-0.72468
-0.03266
0.028903
0.687699
0.114077
0
-0.99998
-0.72468
-0.03266
0.028903
0.687699
0.114077
0
-0.99998
3
-0.522
-0.02407
0.036373
0.851828
0.114077
0
-0.99998
-0.59425
-0.02715
0.034136
0.803091
0.114077
0
-0.99998
-0.93269
-0.04124
0.014201
0.358026
0.114077
0
-0.99998
3
-0.78828
0.132222
-0.18198
0.57272
-0.1378
-0.25164
-0.99999
-0.52991
0
0
0.848048
-0.13782
0.136962
-0.99999
-0.6861
-0.11252
0.108668
0.710483
-0.13781
0
-1
3
-0.72468
-0.03266
0.028903
0.687699
0.114077
0
-0.99998
-0.44577
-0.02081
0.038333
0.894082
0.114077
0
-0.99998
-0.72468
-0.03266
0.028903
0.687699
0.114077
0
-0.99998
2
-0.72468
-0.03266
0.028903
0.687699
0.114077
0
-0.99998
-0.72468
-0.03266
0.028903
0.687699
0.114077
0
-0.99998
2
-0.74824
0.025945
0.035063
-0.66198
0.114077
0
-0.99998
-0.74824
0.025945
0.035063
-0.66198
0.114077
0
-0.99998
2
-0.57885
0.140484
0.102067
-0.79672
-0.13781
0
-1
-0.22989
0.09073
0.148059
-0.95759
-0.13781
0
-1
hand
False
False
True
False
False
0.041
0.031
0.051
0
-0.02
0
8
0
0
-8
-7
0
None
7
2
0
0.130526
0
0.991444
0.191498
-0.41204
-1
0
0.130526
0
0.991444
0.191498
-0.41204
-1
3
0
0.130526
0
0.991444
0.191498
-0.41204
-1
0
0.130526
0
0.991444
0.191498
-0.41204
-1
0
0.130526
0
0.991444
0.191498
-0.41204
-1
3
0
0.130526
0
0.991444
0.191498
-0.41204
-1
0.207911
0
0
0.978147
0.191498
-0.41204
-1
0.207911
0
0
0.978147
0.191498
-0.41204
-1
3
0
0.130526
0
0.991444
0.191498
-0.41204
-1
0
0.130526
0
0.991444
0.191498
-0.41204
-1
0
0.130526
0
0.991444
0.191498
-0.41204
-1
2
0
0.130526
0
0.991444
0.191498
-0.41204
-1
0
0.130526
0
0.991444
0.191498
-0.41204
-1
2
-0.98767
0.011376
-0.13002
0.08641
0.191498
-0.41204
-1
-0.98767
0.011376
-0.13002
0.08641
0.191498
-0.41204
-1
2
-0.96592
0
0
-0.25881
0.191498
-0.41204
-1
-0.96592
0
0
-0.25881
0.191498
-0.41204
-1
leg
False
False
True
False
False
0.041
0.041
0.081
0
0
-0.06
6
1
11
0
-12
5
0
None
7
2
-0.69465
0
0
0.719339
0.135457
-0.19593
-0.99999
-0.69465
0
0
0.719339
0.135457
-0.19593
-0.99999
3
-0.83388
0
0
0.551937
0.135457
-0.19593
-0.99999
-0.69465
0
0
0.719339
0.135457
-0.19593
-0.99999
-0.44619
0
0
0.894934
0.135457
-0.19593
-0.99999
3
-0.68189
0.137256
-0.13254
0.706123
-0.04329
0
-0.99999
-0.51503
0
0
0.857167
-0.04329
0
-0.99999
-0.70841
-0.12062
0.124912
0.684104
-0.04329
0
-0.99999
3
-0.69465
0
0
0.719339
0.135457
-0.19593
-0.99999
-0.55919
0
0
0.829037
0.135457
-0.19593
-0.99999
-0.69465
0
0
0.719339
0.135457
-0.19593
-0.99999
2
-0.99129
0.002277
-0.1305
0.017302
0.135457
-0.19593
-0.99999
-0.99129
0.002277
-0.1305
0.017302
0.135457
-0.19593
-0.99999
2
-0.77714
0
0
-0.62932
0.135457
-0.19593
-0.99999
-0.77714
0
0
-0.62932
0.135457
-0.19593
-0.99999
2
-0.69465
0
0
0.719339
-0.04329
0
-0.99999
-0.69465
0
0
0.719339
-0.04329
0
-0.99999
foot
False
False
True
False
False
0.041
0.031
0.051
0
0
0
10
0
0
-8
-7
0
None
7
2
0
-0.08715
0
0.996194
0.016865
-0.21362
-0.99999
0
-0.08715
0
0.996194
0.016865
-0.21362
-0.99999
3
0
-0.08715
0
0.996194
0.016865
-0.21362
-0.99999
0
-0.08715
0
0.996194
0.016865
-0.21362
-0.99999
0.299561
-0.08312
0.026208
0.950087
0.016865
-0.21362
-0.99999
3
0
-0.08715
0
0.996194
0.016867
-0.30397
-0.99999
0.241921
0
0
0.970295
0.016867
-0.30397
-0.99999
0.241921
0
0
0.970295
0.016867
-0.30397
-0.99999
3
0
-0.08715
0
0.996194
0.016865
-0.21362
-0.99999
0
-0.08715
0
0.996194
0.016865
-0.21362
-0.99999
0
-0.08715
0
0.996194
0.016865
-0.21362
-0.99999
2
-0.70441
-0.06162
-0.06162
0.704415
0.016865
-0.21362
-0.99999
-0.70441
-0.06162
-0.06162
0.704415
0.016865
-0.21362
-0.99999
2
-0.9924
-0.00759
0.086824
0.086824
0.016865
-0.21362
-0.99999
-0.9924
-0.00759
0.086824
0.086824
0.016865
-0.21362
-0.99999
2
0
-0.08715
0
0.996194
0.016867
-0.30397
-0.99999
0
-0.08715
0
0.996194
0.016867
-0.30397
-0.99999
ear
False
True
False
True
True
0.041
0.061000
0.021
-0.02
-0.02
0
2
0
0
-2
-13
0
None
7
2
0.033382
0.01671
-0.99771
0.05627
-1
0.963204
-0.32347
0.033382
0.01671
-0.99771
0.05627
-1
0.963204
-0.32347
3
0.033382
0.01671
-0.99771
0.05627
-1
0.963204
-0.32347
0.033382
0.01671
-0.99771
0.05627
-1
0.963204
-0.32347
0.033382
0.01671
-0.99771
0.05627
-1
0.963204
-0.32347
3
0
0
-0.69465
0.719339
-0.85414
0.999997
-0.3401
0
0
-0.69465
0.719339
-0.85414
0.999997
-0.3401
0
0
-0.69465
0.719339
-0.85414
0.999997
-0.3401
3
0.033382
0.01671
-0.99771
0.05627
-1
0.963204
-0.32347
0.033382
0.01671
-0.99771
0.05627
-1
0.963204
-0.32347
0.033382
0.01671
-0.99771
0.05627
-1
0.963204
-0.32347
2
0.033382
0.01671
-0.99771
0.05627
-1
0.963204
-0.32347
0.033382
0.01671
-0.99771
0.05627
-1
0.963204
-0.32347
2
0.033382
0.01671
-0.99771
0.05627
-1
0.963204
-0.32347
0.033382
0.01671
-0.99771
0.05627
-1
0.963204
-0.32347
2
0
0
-0.69465
0.719339
-0.85414
0.999997
-0.3401
0
0
-0.69465
0.719339
-0.85414
0.999997
-0.3401
sideburns
False
True
False
False
False
0.061
0.070998
0.061
-0.02
0
0.02
2
0
0
-12
10
0
None
7
2
0.065459
0.386689
-0.0131
0.91979
-1.00001
-0.0079
-0.4904
0.065459
0.386689
-0.0131
0.91979
-1.00001
-0.0079
-0.4904
3
0.065459
0.386689
-0.0131
0.91979
-1.00001
-0.0079
-0.4904
0.065459
0.386689
-0.0131
0.91979
-1.00001
-0.0079
-0.4904
0.065459
0.386689
-0.0131
0.91979
-1.00001
-0.0079
-0.4904
3
0.045717
0.42261
-0.0106
0.905095
-0.99999
-0.29874
-0.13587
0.045717
0.42261
-0.0106
0.905095
-0.99999
-0.29874
-0.13587
0.045717
0.42261
-0.0106
0.905095
-0.99999
-0.29874
-0.13587
3
0.065459
0.386689
-0.0131
0.91979
-1.00001
-0.0079
-0.4904
0.065459
0.386689
-0.0131
0.91979
-1.00001
-0.0079
-0.4904
0.065459
0.386689
-0.0131
0.91979
-1.00001
-0.0079
-0.4904
2
0.065459
0.386689
-0.0131
0.91979
-1.00001
-0.0079
-0.4904
0.065459
0.386689
-0.0131
0.91979
-1.00001
-0.0079
-0.4904
2
-0.91058
0.02065
-0.38635
0.145375
-1.00001
-0.0079
-0.4904
-0.91058
0.02065
-0.38635
0.145375
-1.00001
-0.0079
-0.4904
2
0.045717
0.42261
-0.0106
0.905095
-0.99999
-0.29874
-0.13587
0.045717
0.42261
-0.0106
0.905095
-0.99999
-0.29874
-0.13587
mouth
True
False
False
True
False
0.07
0.05
0.05
0
0
0.01
3
0
0
0
0
0
CowMouth
7
2
0
0
0
1
0.028035
-0.41182
0.999998
0
0
0
1
0.028035
-0.41182
0.999998
3
0
0
0
1
0.028035
-0.41182
0.999998
0
0
0
1
0.028035
-0.41182
0.999998
0
0
0
1
0.028035
-0.41182
0.999998
3
0
0
0
1
0.028037
-0.25077
0.999987
0
0
0
1
0.028037
-0.25077
0.999987
0
0
0
1
0.028037
-0.25077
0.999987
3
0
0
0
1
0.028035
-0.41182
0.999998
0
0
0
1
0.028035
-0.41182
0.999998
0
0
0
1
0.028035
-0.41182
0.999998
2
0
0
0
1
0.028035
-0.41182
0.999998
0
0
0
1
0.028035
-0.41182
0.999998
2
0
0
0
1
0.028035
-0.41182
0.999998
0
0
0
1
0.028035
-0.41182
0.999998
2
0
0
0
1
0.028037
-0.25077
0.999987
0
0
0
1
0.028037
-0.25077
0.999987
snouttip
False
False
False
True
False
0.031
0.021
0.021
0
0
0
3
0
0
-2
-19
0
None
7
2
-0.08715
0
0
0.996194
0
0.614076
1.000031
-0.08715
0
0
0.996194
0
0.614076
1.000031
3
-0.08715
0
0
0.996194
0
0.614076
1.000031
-0.08715
0
0
0.996194
0
0.614076
1.000031
-0.08715
0
0
0.996194
0
0.614076
1.000031
3
-0.08715
0
0
0.996194
0
0.794088
0.999999
-0.08715
0
0
0.996194
0
0.794088
0.999999
-0.08715
0
0
0.996194
0
0.794088
0.999999
3
-0.08715
0
0
0.996194
0
0.614076
1.000031
-0.08715
0
0
0.996194
0
0.614076
1.000031
-0.08715
0
0
0.996194
0
0.614076
1.000031
2
-0.08715
0
0
0.996194
0
0.614076
1.000031
-0.08715
0
0
0.996194
0
0.614076
1.000031
2
-0.08715
0
0
0.996194
0
0.614076
1.000031
-0.08715
0
0
0.996194
0
0.614076
1.000031
2
-0.08715
0
0
0.996194
0
0.794088
0.999999
-0.08715
0
0
0.996194
0
0.794088
0.999999
eyebrow
False
True
False
True
False
0.011
0.011
0.011
0
0
0
2
0
0
-10
9
0
None
7
2
0
0
0.043619
0.999048
-0.51776
0.257368
1.000001
0
0
0.043619
0.999048
-0.51776
0.257368
1.000001
3
0
0
0.043619
0.999048
-0.51776
0.257368
1.000001
0
0
0.043619
0.999048
-0.51776
0.257368
1.000001
0
0
0.043619
0.999048
-0.51776
0.257368
1.000001
3
0
0
0.043619
0.999048
-0.51776
0.257368
1.000001
0
0
0.043619
0.999048
-0.51776
0.257368
1.000001
0
0
0.043619
0.999048
-0.51776
0.257368
1.000001
3
0
0
0.043619
0.999048
-0.51776
0.257368
1.000001
0
0
0.043619
0.999048
-0.51776
0.257368
1.000001
0
0
0.043619
0.999048
-0.51776
0.257368
1.000001
2
0
0
0.043619
0.999048
-0.51776
0.257368
1.000001
0
0
0.043619
0.999048
-0.51776
0.257368
1.000001
2
0
0
0.043619
0.999048
-0.51776
0.257368
1.000001
0
0
0.043619
0.999048
-0.51776
0.257368
1.000001
2
0
0
0.043619
0.999048
-0.51776
0.257368
1.000001
0
0
0.043619
0.999048
-0.51776
0.257368
1.000001
