30
0.301567
0.019607
0.019607
0.019607
perk_toxic_plume
false
0.224167
stank
pooter
o jaritataca
fedorento
fedorenta
скунс
вонючий
вонючка
sigung
bau
kotoran
zorrino
apestoso
hombre caca
สกั๊งค์
เหม็น
เซ่อ
fedorenta
вонючая
apestosa
F
M
M
вонючее
false
Fur
Uncooked Meat
Bones
?
?
17
torso
False
False
False
False
False
0.181
0.111
0.291
0
0
0
-1
4
1
5
6
15
0
0
22
0
skunkbody
7
2
0.078459
0
0
0.996917
0
0
0
0.034899
0
0
0.99939
0
0
0
3
0.078459
0
0
0.996917
0
0
0
-0.09584
0
0
0.995396
0
0
0
-0.09584
0
0
0.995396
0
0
0
3
-0.13841
0.103511
-0.01454
0.984843
0
0
0
-0.25881
0
0
0.965925
0
0
0
-0.13661
-0.18895
0.026555
0.972074
0
0
0
3
0.165047
0
0
0.986285
0
0
0
-0.13917
0
0
0.990268
0
0.02
0.26
0.078459
0
0
0.996917
0
0
0.26
2
-0.46947
0
0
0.882947
0
0.18
0.32
-0.50753
0
0
0.861629
0
0.18
0.32
2
-0.99939
0
0
0.034899
0
-0.4
-0.48
-0.99939
0
0
0.034899
0
-0.42
-0.48
2
-0.30901
0
0
0.951056
0
0
0
-0.46947
0
0
0.882947
0
0
0
neck
False
False
False
True
False
0.080999
0.061
0.061
0
0
0.04
0
1
2
0
0
0
0
None
7
2
0.043619
0
0
0.999048
0
0.175041
1.000002
0.043619
0
0
0.999048
0
0.175041
1.000002
3
0.043619
0
0
0.999048
0
0.175041
1.000002
0.043619
0
0
0.999048
0
0.175041
1.000002
0.043619
0
0
0.999048
0
0.175041
1.000002
3
-0.25881
0
0
0.965925
0
0.439558
0.999992
-0.25881
0
0
0.965925
0
0.439558
0.999992
-0.25881
0
0
0.965925
0
0.439558
0.999992
3
0.043619
0
0
0.999048
0
0.175041
1.000002
0.043619
0
0
0.999048
0
0.175041
1.000002
0.043619
0
0
0.999048
0
0.175041
1.000002
2
0.422618
0
0
0.906307
0
-0.27472
0.999996
0.422618
0
0
0.906307
0
-0.27472
0.999996
2
0.043619
0
0
0.999048
0
0.175041
1.000002
0.043619
0
0
0.999048
0
0.175041
1.000002
2
-0.25881
0
0
0.965925
0
0.439558
0.999992
-0.25881
0
0
0.965925
0
0.439558
0.999992
head
False
False
False
False
False
0.111
0.081
0.070998
0
0
0
1
4
3
4
11
14
0
0
17
0
skunkhead
7
2
0.069756
0
0
0.997564
0
0.294348
1.000005
0.069756
0
0
0.997564
0
0.294348
1.000005
3
0.069756
0
0
0.997564
0
0.294348
1.000005
0.069756
0
0
0.997564
0
0.294348
1.000005
0.069756
0
0
0.997564
0
0.294348
1.000005
3
0.069756
0
0
0.997564
0
-0.02349
1.000006
0.069756
0
0
0.997564
0
-0.02349
1.000006
0.069756
0
0
0.997564
0
-0.02349
1.000006
3
0.366501
0
0
0.930417
0
0.294348
1.000005
-0.06104
0
0
0.998134
0
0.294348
1.000005
0.069756
0
0
0.997564
0
0.294348
1.000005
2
0.113203
0
0
0.993571
0
0.294348
1.000005
0.113203
0
0
0.993571
0
0.294348
1.000005
2
-0.99965
0
0
0.026177
0
0.294348
1.000005
-0.99965
0
0
0.026177
0
0.294348
1.000005
2
0.069756
0
0
0.997564
0
-0.02349
1.000006
0.069756
0
0
0.997564
0
-0.02349
1.000006
snout
False
False
False
True
False
0.060998
0.051
0.051
0
0
0.04
2
2
12
13
0
0
0
0
None
7
2
0.060984
-0.00236
0
0.998135
0.026194
-0.35758
1.000001
0.060984
-0.00236
0
0.998135
0.026194
-0.35758
1.000001
3
0.060984
-0.00236
0
0.998135
0.026194
-0.35758
1.000001
0.060984
-0.00236
0
0.998135
0.026194
-0.35758
1.000001
0.060984
-0.00236
0
0.998135
0.026194
-0.35758
1.000001
3
0.017388
-0.00233
0
0.999845
0.026194
-0.56612
0.999999
0.017388
-0.00233
0
0.999845
0.026194
-0.56612
0.999999
0.017388
-0.00233
0
0.999845
0.026194
-0.56612
0.999999
3
0.060984
-0.00236
0
0.998135
0.026194
-0.35758
1.000001
0.060984
-0.00236
0
0.998135
0.026194
-0.35758
1.000001
0.060984
-0.00236
0
0.998135
0.026194
-0.35758
1.000001
2
0.060984
-0.00236
0
0.998135
0.026194
-0.35758
1.000001
0.060984
-0.00236
0
0.998135
0.026194
-0.35758
1.000001
2
0.060984
-0.00236
0
0.998135
0.026194
-0.35758
1.000001
0.060984
-0.00236
0
0.998135
0.026194
-0.35758
1.000001
2
0.017388
-0.00233
0
0.999845
0.026194
-0.56612
0.999999
0.017388
-0.00233
0
0.999845
0.026194
-0.56612
0.999999
eyes
True
True
False
True
False
0.04
0.04
0.05
0
0
0.01
2
0
0
0
0
0
DerpyEye
7
2
-0.03463
-0.12179
0.004253
0.991941
-0.82729
0.198532
1.000003
-0.03463
-0.12179
0.004253
0.991941
-0.82729
0.198532
1.000003
3
-0.03463
-0.12179
0.004253
0.991941
-0.82729
0.198532
1.000003
-0.03463
-0.12179
0.004253
0.991941
-0.82729
0.198532
1.000003
-0.03463
-0.12179
0.004253
0.991941
-0.82729
0.198532
1.000003
3
-0.03463
-0.12179
0.004253
0.991941
-0.8284
0.134037
1.000002
-0.03463
-0.12179
0.004253
0.991941
-0.8284
0.134037
1.000002
-0.03463
-0.12179
0.004253
0.991941
-0.8284
0.134037
1.000002
3
-0.03463
-0.12179
0.004253
0.991941
-0.82729
0.198532
1.000003
-0.03463
-0.12179
0.004253
0.991941
-0.82729
0.198532
1.000003
-0.03463
-0.12179
0.004253
0.991941
-0.82729
0.198532
1.000003
2
-0.03463
-0.12179
0.004253
0.991941
-0.82729
0.198532
1.000003
-0.03463
-0.12179
0.004253
0.991941
-0.82729
0.198532
1.000003
2
-0.03463
-0.12179
0.004253
0.991941
-0.82729
0.198532
1.000003
-0.03463
-0.12179
0.004253
0.991941
-0.82729
0.198532
1.000003
2
-0.03463
-0.12179
0.004253
0.991941
-0.8284
0.134037
1.000002
-0.03463
-0.12179
0.004253
0.991941
-0.8284
0.134037
1.000002
shoulder
False
True
False
False
False
0.031
0.051000
0.091000
0
0
0
0
1
7
0
0
0
0
None
7
2
-0.46947
0
0
0.882947
-1
-0.74163
0.636011
-0.46947
0
0
0.882947
-1
-0.74163
0.636011
3
-0.46947
0
0
0.882947
-1
-0.74163
0.636011
-0.94264
0
0
0.333807
-1
-0.78875
0.791501
-0.64944
0
0
0.760406
-0.99999
-0.81003
0.686883
3
-0.78118
0.125124
-0.16604
0.588664
-1
-0.42887
0.635993
-0.79863
0
0
0.601815
-1
-0.25314
0.63598
-0.79086
-0.08375
0.111148
0.595958
-1
-0.46371
0.636011
3
-0.1626
0.383798
-0.02715
0.908582
-1
-0.7295
0.758245
-0.93667
0
0
-0.3502
-1
-0.52697
0.896173
-0.9563
0
0
0.292371
-1
-0.81282
0.863626
2
-0.43051
0
0
0.902585
-0.46708
-1
0.233959
-0.43051
0
0
0.902585
-0.46708
-1
0.233959
2
-0.86162
0
0
-0.50753
-1
-0.74163
0.636011
-0.86162
0
0
-0.50753
-1
-0.74163
0.636011
2
-0.52186
0.147262
0.092019
-0.83516
-1
0.101354
0.669011
-0.28793
0.118427
0.126998
-0.94177
-1
0.393691
0.444711
hip
False
True
True
False
False
0.051
0.081000
0.101
0
0
0
0
1
9
0
0
0
0
None
7
2
-0.55919
0
0
0.829037
-1
-0.54598
-0.71996
-0.55919
0
0
0.829037
-1
-0.54598
-0.71996
3
-0.83388
0
0
0.551936
-1
-0.65042
-0.63906
-0.40673
0
0
0.913545
-1
-0.54598
-0.71996
-0.55919
0
0
0.829037
-1
-0.54598
-0.71996
3
-0.6861
0.14291
-0.06362
0.710483
-1
-0.74427
-0.6056
-0.64268
0.015409
-0.00819
0.765927
-1
-0.35058
-0.77789
-0.55069
-0.14396
0.097102
0.816442
-0.9573
-0.88662
-1
3
-0.62932
0
0
0.777146
-0.92301
-1
-0.72894
-0.44619
0
0
0.894934
-1
-0.54598
-0.71996
-0.55919
0
0
0.829037
-1
-0.54598
-0.71996
2
-0.99984
0
0
0.017452
-1
-0.54598
-0.71996
-0.99984
0
0
0.017452
-1
-0.54598
-0.71996
2
-0.80385
0
0
-0.59482
-1
-0.54598
-0.71996
-0.80385
0
0
-0.59482
-1
-0.54598
-0.71996
2
-0.55919
0
0
0.829037
-1
-0.54598
-0.71996
-0.55919
0
0
0.829037
-1
-0.54598
-0.71996
arm
False
False
False
False
False
0.031
0.041000
0.061000
0
0
0
5
1
8
0
0
0
0
None
7
2
-0.76604
0
0
0.642787
0.123267
-0.36356
-0.99999
-0.76604
0
0
0.642787
0.123267
-0.36356
-0.99999
3
-0.49999
0
0
0.866025
0.123272
-0.09068
-1
-0.965
0.018434
0.039532
0.258572
0.123267
-0.36356
-0.99999
-0.84339
0
0
0.537299
0.123267
-0.36356
-0.99999
3
-0.87542
0.109381
-0.23456
0.408217
0.123267
-0.36356
-0.99999
-0.9063
0
0
0.422618
0.123266
-0.38314
-0.99999
-0.88307
-0.09506
0.203874
0.411786
0.507095
-0.46844
-1.00002
3
-0.87832
-0.13024
-0.33399
0.316265
0.041167
-0.69604
-1
-0.9848
0
0
-0.17364
0.123267
-0.36356
-0.99999
-0.99904
0
0
0.043619
0.123267
-0.36356
-0.99999
2
-0.76604
0
0
0.642787
0.123267
-0.36356
-0.99999
-0.76604
0
0
0.642787
0.123267
-0.36356
-0.99999
2
-0.60876
0
0
-0.79335
0.123267
-0.36356
-0.99999
-0.60876
0
0
-0.79335
0.123267
-0.36356
-0.99999
2
-0.48296
0.224143
0.129409
-0.83651
0.123267
-0.36356
-0.99999
-0.12607
0.157559
0.205334
-0.95766
0.123261
-0.17219
-1
hand
False
False
False
False
False
0.041
0.031
0.031
0
-0.02
0
7
0
0
0
0
0
None
7
2
-0.00872
0
0
0.999961
0.191485
-0.51756
-1.00001
-0.00872
0
0
0.999961
0.191485
-0.51756
-1.00001
3
0.250379
0
0
0.968147
0.191506
-0.24472
-0.99999
0.250379
0
0
0.968147
0.191485
-0.51756
-1.00001
-0.05233
0
0
0.998629
0.191485
-0.51756
-1.00001
3
0.374606
0
0
0.927183
0.191485
-0.51756
-1.00001
0.374606
0
0
0.927183
0.191485
-0.51756
-1.00001
0.374606
0
0
0.927183
0.191485
-0.51756
-1.00001
3
-0.00806
-0.38266
0.003339
0.923844
0.191485
-0.51756
-1.00001
-0.891
0
0
0.453989
0.191485
-0.51756
-1.00001
-0.891
0
0
0.453989
0.191485
-0.51756
-1.00001
2
-0.00872
0
0
0.999961
0.191485
-0.51756
-1.00001
-0.00872
0
0
0.999961
0.191485
-0.51756
-1.00001
2
-0.99862
0
0
-0.05233
0.191485
-0.51756
-1.00001
-0.99862
0
0
-0.05233
0.191485
-0.51756
-1.00001
2
0.956304
0
0
-0.29237
0.19151
-0.30419
-0.99999
0.956304
0
0
-0.29237
0.19151
-0.30419
-0.99999
leg
False
False
True
False
False
0.031
0.041
0.071
0
0
-0.06
6
1
10
0
0
0
0
None
7
2
-0.86602
0
0
0.5
0.172207
0.582535
-1.00001
-0.86602
0
0
0.5
0.172207
0.582535
-1.00001
3
-0.92387
0
0
0.382683
0.172183
0.269645
-1
-0.53729
0
0
0.843391
0.172207
0.582535
-1.00001
-0.79335
0
0
0.608761
0.172207
0.582535
-1.00001
3
-0.84863
0.117286
-0.21158
0.470408
0.172207
0.582535
-1.00001
-0.86602
0
0
0.5
0.172207
0.582535
-1.00001
-0.85286
-0.08682
0.150383
0.492404
0.172207
0.582535
-1.00001
3
-0.86602
0
0
0.5
0.172207
0.582535
-1.00001
-0.64278
0
0
0.766044
0.172207
0.582535
-1.00001
-0.86602
0
0
0.5
0.172207
0.582535
-1.00001
2
-0.99904
0
0
0.043619
0.172207
0.582535
-1.00001
-0.99904
0
0
0.043619
0.172207
0.582535
-1.00001
2
-0.46174
0
0
-0.88701
0.172207
0.582535
-1.00001
-0.46174
0
0
-0.88701
0.172207
0.582535
-1.00001
2
-0.86602
0
0
0.5
0.172207
0.582535
-1.00001
-0.86602
0
0
0.5
0.172207
0.582535
-1.00001
foot
False
False
True
False
False
0.041
0.031
0.091
0
0
0.04
9
0
0
0
0
0
None
7
2
0
-0.15643
0
0.987688
0.328644
0.551306
-0.99999
0
-0.15643
0
0.987688
0.328644
0.551306
-0.99999
3
0
-0.15643
0
0.987688
0.328644
0.551306
-0.99999
0.456063
-0.13875
0.072233
0.87609
0.328644
0.551306
-0.99999
0.17151
-0.15405
0.027164
0.972683
0.328644
0.551306
-0.99999
3
0
-0.15643
0
0.987688
0.328644
0.551306
-0.99999
0
-0.15643
0
0.987688
0.328644
0.551306
-0.99999
0
-0.15643
0
0.987688
0.328644
0.551306
-0.99999
3
0
-0.15643
0
0.987688
0.328644
0.551306
-0.99999
0.377972
-0.14452
0.059864
0.912505
0.328644
0.551306
-0.99999
0
-0.15643
0
0.987688
0.328644
0.551306
-0.99999
2
-0.53068
-0.13193
-0.08405
0.833007
0.328644
0.551306
-0.99999
-0.53068
-0.13193
-0.08405
0.833007
0.328644
0.551306
-0.99999
2
-0.98674
0.006823
0.156285
-0.04308
0.328644
0.551306
-0.99999
-0.98674
0.006823
0.156285
-0.04308
0.328644
0.551306
-0.99999
2
0
-0.15643
0
0.987688
0.328644
0.551306
-0.99999
0
-0.15643
0
0.987688
0.328644
0.551306
-0.99999
ear
False
True
False
True
False
0.031
0.031
0.031
0
0
0
2
0
0
0
0
0
None
7
2
0.3377
-0.13229
-0.43453
0.824398
-0.99998
0.205598
-0.83457
0.3377
-0.13229
-0.43453
0.824398
-0.99998
0.205598
-0.83457
3
0.3377
-0.13229
-0.43453
0.824398
-0.99998
0.205598
-0.83457
0.3377
-0.13229
-0.43453
0.824398
-0.99998
0.205598
-0.83457
0.3377
-0.13229
-0.43453
0.824398
-0.99998
0.205598
-0.83457
3
0.3377
-0.13229
-0.43453
0.824398
-0.69825
1.000007
-0.53034
0.3377
-0.13229
-0.43453
0.824398
-0.69825
1.000007
-0.53034
0.3377
-0.13229
-0.43453
0.824398
-0.69825
1.000007
-0.53034
3
0.3377
-0.13229
-0.43453
0.824398
-0.99998
0.205598
-0.83457
0.3377
-0.13229
-0.43453
0.824398
-0.99998
0.205598
-0.83457
0.3377
-0.13229
-0.43453
0.824398
-0.99998
0.205598
-0.83457
2
0.3377
-0.13229
-0.43453
0.824398
-0.99998
0.205598
-0.83457
0.3377
-0.13229
-0.43453
0.824398
-0.99998
0.205598
-0.83457
2
0.3377
-0.13229
-0.43453
0.824398
-0.99998
0.205598
-0.83457
0.3377
-0.13229
-0.43453
0.824398
-0.99998
0.205598
-0.83457
2
0.3377
-0.13229
-0.43453
0.824398
-0.69825
1.000007
-0.53034
0.3377
-0.13229
-0.43453
0.824398
-0.69825
1.000007
-0.53034
mouth
True
False
False
True
False
0.079998
0.05
0.05
0
0
0.01
3
0
0
0
0
0
CowMouth
7
2
0
0
0
1
-0.20649
-0.07804
0.999995
0
0
0
1
-0.20649
-0.07804
0.999995
3
0
0
0
1
-0.20649
-0.07804
0.999995
0
0
0
1
-0.20649
-0.07804
0.999995
0
0
0
1
-0.20649
-0.07804
0.999995
3
0
0
0
1
-0.29918
-0.24922
1.000033
0
0
0
1
-0.29918
-0.24922
1.000033
0
0
0
1
-0.29918
-0.24922
1.000033
3
0
0
0
1
-0.20649
-0.07804
0.999995
0
0
0
1
-0.20649
-0.07804
0.999995
0
0
0
1
-0.20649
-0.07804
0.999995
2
0
0
0
1
-0.20649
-0.07804
0.999995
0
0
0
1
-0.20649
-0.07804
0.999995
2
0
0
0
1
-0.20649
-0.07804
0.999995
0
0
0
1
-0.20649
-0.07804
0.999995
2
0
0
0
1
-0.29918
-0.24922
1.000033
0
0
0
1
-0.29918
-0.24922
1.000033
snouttip
False
False
False
True
False
0.031
0.021
0.021
0
0
0
3
0
0
11
15
0
None
7
2
-0.08715
0
0
0.996194
-0.08045
0.923485
1.000003
-0.08715
0
0
0.996194
-0.08045
0.923485
1.000003
3
-0.08715
0
0
0.996194
-0.08045
0.923485
1.000003
-0.08715
0
0
0.996194
-0.08045
0.923485
1.000003
-0.08715
0
0
0.996194
-0.08045
0.923485
1.000003
3
-0.08715
0
0
0.996194
-0.08045
0.923485
1.000003
-0.08715
0
0
0.996194
-0.08045
0.923485
1.000003
-0.08715
0
0
0.996194
-0.08045
0.923485
1.000003
3
-0.08715
0
0
0.996194
-0.08045
0.923485
1.000003
-0.08715
0
0
0.996194
-0.08045
0.923485
1.000003
-0.08715
0
0
0.996194
-0.08045
0.923485
1.000003
2
-0.08715
0
0
0.996194
-0.08045
0.923485
1.000003
-0.08715
0
0
0.996194
-0.08045
0.923485
1.000003
2
-0.08715
0
0
0.996194
-0.08045
0.923485
1.000003
-0.08715
0
0
0.996194
-0.08045
0.923485
1.000003
2
-0.08715
0
0
0.996194
-0.08045
0.923485
1.000003
-0.08715
0
0
0.996194
-0.08045
0.923485
1.000003
headcrest
False
False
False
True
True
0.101
0.021
0.051
0
0
0
2
0
0
0
17
0
None
7
2
0
0
0
1
0.013095
1.000017
-0.0956
0
0
0
1
0.013095
1.000017
-0.0956
3
0
0
0
1
0.013095
1.000017
-0.0956
0
0
0
1
0.013095
1.000017
-0.0956
0
0
0
1
0.013095
1.000017
-0.0956
3
0
0
0
1
0.013095
1.000017
-0.0956
0
0
0
1
0.013095
1.000017
-0.0956
0
0
0
1
0.013095
1.000017
-0.0956
3
0
0
0
1
0.013095
1.000017
-0.0956
0
0
0
1
0.013095
1.000017
-0.0956
0
0
0
1
0.013095
1.000017
-0.0956
2
0
0
0
1
0.013095
1.000017
-0.0956
0
0
0
1
0.013095
1.000017
-0.0956
2
0
0
0
1
0.013095
1.000017
-0.0956
0
0
0
1
0.013095
1.000017
-0.0956
2
0
0
0
1
0.013095
1.000017
-0.0956
0
0
0
1
0.013095
1.000017
-0.0956
tail
False
False
False
False
False
0.101
0.081000
0.241001
0
0
0.18
0
1
16
0
0
0
0
None
7
2
-0.76604
0
0
0.642787
0
0.132818
-0.99999
-0.60876
0
0
0.793353
0
0.132818
-0.99999
3
-0.88701
0
0
0.461748
0
0.132818
-0.99999
-0.67559
0
0
0.737277
0
0.132818
-0.99999
-0.76604
0
0
0.642787
0
0.132818
-0.99999
3
-0.76604
0
0
0.642787
0
0.132818
-0.99999
-0.76604
0
0
0.642787
0
0.132818
-0.99999
-0.76604
0
0
0.642787
0
0.132818
-0.99999
3
-0.5
0
0
0.866025
0
0.132818
-0.99999
-0.76604
0
0
0.642787
0
0.132818
-0.99999
-0.76604
0
0
0.642787
0
0.132818
-0.99999
2
-0.7071
0
0
0.707106
0
0.132818
-0.99999
-0.7071
0
0
0.707106
0
0.132818
-0.99999
2
0.043619
0
0
-0.99904
0
0.132818
-0.99999
0.043619
0
0
-0.99904
0
0.132818
-0.99999
2
-0.76604
0
0
0.642787
0
0.132818
-0.99999
-0.76604
0
0
0.642787
0
0.132818
-0.99999
tailext
False
False
False
True
False
0.090999
0.161
0.151
0
0.08
0.02
15
0
0
0
0
0
None
7
2
0.258819
0
0
0.965925
0
0.999995
0.642812
0.258819
0
0
0.965925
0
0.999995
0.642812
3
0.258819
0
0
0.965925
0
0.999995
0.642812
0.258819
0
0
0.965925
0
0.999995
0.642812
0.258819
0
0
0.965925
0
0.999995
0.642812
3
0.258819
0
0
0.965925
0
0.999995
0.642812
0.258819
0
0
0.965925
0
0.999995
0.642812
0.258819
0
0
0.965925
0
0.999995
0.642812
3
0.258819
0
0
0.965925
0
0.999995
0.642812
0.258819
0
0
0.965925
0
0.999995
0.642812
0.258819
0
0
0.965925
0
0.999995
0.642812
2
0.258819
0
0
0.965925
0
0.999995
0.642812
0.258819
0
0
0.965925
0
0.999995
0.642812
2
0.258819
0
0
0.965925
0
0.999995
0.642812
0.258819
0
0
0.965925
0
0.999995
0.642812
2
0.258819
0
0
0.965925
0
0.999995
0.642812
0.258819
0
0
0.965925
0
0.999995
0.642812
