30
0.571250
0.070588
0.525490
0.525490
perk_disguise
false
0.753616
slippery
playground
o escorregador
escorregadio
Parque infantil
спускной желоб
скользкий
игровая площадка
slide
licin
tempat bermain
tobogán
resbaladizo
patio de juegos
สไลด์พลาสติก
ลื่น
สนามเด็กเล่น
escorregadia
скользкая
resbaladiza
M
F
M
скользкoe
false
Metal Bar
?
?
?
?
14
torso
False
False
False
False
False
0.201
0.021
0.521
0
0
0
-1
5
1
5
6
11
13
0
0
0
0
None
7
2
0.414692
0
0
0.909961
0
0
0
0.414692
0
0
0.909961
0
0
0
3
0.414692
0
0
0.909961
0
0
0
0.414692
0
0
0.909961
0
0
0
0.414692
0
0
0.909961
0
0
0
3
0.414692
0
0
0.909961
0
0
0
0.414692
0
0
0.909961
0
0
0
0.414692
0
0
0.909961
0
0
0
3
0.566406
0
0
0.824126
0
-0.24
-0.06
0.250379
0
0
0.968147
0
0.24
0.32
0.165047
0
0
0.986285
0
0.24
0.32
2
0.374606
0
0
0.927184
0
0.24
-0.16
0.374606
0
0
0.927184
0
0.24
-0.16
2
-0.99691
0
0
0.078458
0
-0.16
-0.48
-0.99691
0
0
0.078458
0
-0.18
-0.48
2
0.414692
0
0
0.909961
0
0
0
0.414692
0
0
0.909961
0
0
0
neck
False
False
False
True
False
0.171
0.021
0.090999
0
0
0.06
0
1
2
0
0
0
0
None
7
2
-0.35986
0.006966
-0.01726
0.93282
0.043801
-0.21363
1.000004
-0.35986
0.006966
-0.01726
0.93282
0.043801
-0.21363
1.000004
3
-0.35986
0.006966
-0.01726
0.93282
0.043801
-0.21363
1.000004
-0.35986
0.006966
-0.01726
0.93282
0.043801
-0.21363
1.000004
-0.35986
0.006966
-0.01726
0.93282
0.043801
-0.21363
1.000004
3
-0.35986
0.006966
-0.01726
0.93282
0.043801
-0.21363
1.000004
-0.35986
0.006966
-0.01726
0.93282
0.043801
-0.21363
1.000004
-0.35986
0.006966
-0.01726
0.93282
0.043801
-0.21363
1.000004
3
-0.35986
0.006966
-0.01726
0.93282
0.043801
-0.21363
1.000004
-0.35986
0.006966
-0.01726
0.93282
0.043801
-0.21363
1.000004
-0.35986
0.006966
-0.01726
0.93282
0.043801
-0.21363
1.000004
2
-0.35986
0.006966
-0.01726
0.93282
0.043801
-0.21363
1.000004
-0.35986
0.006966
-0.01726
0.93282
0.043801
-0.21363
1.000004
2
-0.35986
0.006966
-0.01726
0.93282
0.043801
-0.21363
1.000004
-0.35986
0.006966
-0.01726
0.93282
0.043801
-0.21363
1.000004
2
-0.35986
0.006966
-0.01726
0.93282
0.043801
-0.21363
1.000004
-0.35986
0.006966
-0.01726
0.93282
0.043801
-0.21363
1.000004
head
False
False
False
False
False
0.181
0.021
0.071
0
0
0.02
1
2
3
4
0
0
0
0
None
7
2
-0.24192
0
0
0.970295
0.102959
0.626777
0.999994
-0.24192
0
0
0.970295
0.102959
0.626777
0.999994
3
-0.24192
0
0
0.970295
0.102959
0.626777
0.999994
-0.24192
0
0
0.970295
0.102959
0.626777
0.999994
-0.24192
0
0
0.970295
0.102959
0.626777
0.999994
3
-0.24192
0
0
0.970295
0.102959
0.626777
0.999994
-0.24192
0
0
0.970295
0.102959
0.626777
0.999994
-0.24192
0
0
0.970295
0.102959
0.626777
0.999994
3
-0.24192
0
0
0.970295
0.102959
0.626777
0.999994
-0.24192
0
0
0.970295
0.102959
0.626777
0.999994
-0.24192
0
0
0.970295
0.102959
0.626777
0.999994
2
-0.24192
0
0
0.970295
0.102959
0.626777
0.999994
-0.24192
0
0
0.970295
0.102959
0.626777
0.999994
2
-0.82903
0
0
-0.55919
0.102959
0.626777
0.999994
-0.82903
0
0
-0.55919
0.102959
0.626777
0.999994
2
-0.24192
0
0
0.970295
0.102959
0.626777
0.999994
-0.24192
0
0
0.970295
0.102959
0.626777
0.999994
snout
False
False
False
True
False
0.090999
0.011
0.011
0
0
0.02
2
1
10
0
0
0
0
None
7
2
0.034835
-0.00234
0
0.99939
0.026196
0.289143
1.000001
0.034835
-0.00234
0
0.99939
0.026196
0.289143
1.000001
3
0.034835
-0.00234
0
0.99939
0.026196
0.289143
1.000001
0.034835
-0.00234
0
0.99939
0.026196
0.289143
1.000001
0.034835
-0.00234
0
0.99939
0.026196
0.289143
1.000001
3
0.034835
-0.00234
0
0.99939
0.026196
0.289143
1.000001
0.034835
-0.00234
0
0.99939
0.026196
0.289143
1.000001
0.034835
-0.00234
0
0.99939
0.026196
0.289143
1.000001
3
0.034835
-0.00234
0
0.99939
0.026196
0.289143
1.000001
0.034835
-0.00234
0
0.99939
0.026196
0.289143
1.000001
0.034835
-0.00234
0
0.99939
0.026196
0.289143
1.000001
2
0.034835
-0.00234
0
0.99939
0.026196
0.289143
1.000001
0.034835
-0.00234
0
0.99939
0.026196
0.289143
1.000001
2
0.034835
-0.00234
0
0.99939
0.026196
0.289143
1.000001
0.034835
-0.00234
0
0.99939
0.026196
0.289143
1.000001
2
0.034835
-0.00234
0
0.99939
0.026196
0.289143
1.000001
0.034835
-0.00234
0
0.99939
0.026196
0.289143
1.000001
eyes
True
True
False
True
False
0.04
0.04
0.05
0
0
0.01
2
0
0
0
0
0
RegularEye
7
2
0
0
0
1
-0.80001
0.131735
1.000001
0
0
0
1
-0.80001
0.131735
1.000001
3
0
0
0
1
-0.80001
0.131735
1.000001
0
0
0
1
-0.80001
0.131735
1.000001
0
0
0
1
-0.80001
0.131735
1.000001
3
0
0
0
1
-0.80001
0.131735
1.000001
0
0
0
1
-0.80001
0.131735
1.000001
0
0
0
1
-0.80001
0.131735
1.000001
3
0
0
0
1
-0.80001
0.131735
1.000001
0
0
0
1
-0.80001
0.131735
1.000001
0
0
0
1
-0.80001
0.131735
1.000001
2
0
0
0
1
-0.80001
0.131735
1.000001
0
0
0
1
-0.80001
0.131735
1.000001
2
0
0
0
1
-0.80001
0.131735
1.000001
0
0
0
1
-0.80001
0.131735
1.000001
2
0
0
0
1
-0.80001
0.131735
1.000001
0
0
0
1
-0.80001
0.131735
1.000001
shoulder
False
True
True
False
False
0.031
0.031
0.051
0.02
0
-0.02
0
1
7
0
0
0
0
None
7
2
-0.67559
0
0
0.737277
-0.67926
-0.99999
0.855921
-0.67559
0
0
0.737277
-0.67926
-0.99999
0.855921
3
-0.67559
0
0
0.737277
-0.67926
-0.99999
0.855921
-0.67559
0
0
0.737277
-0.67926
-0.99999
0.855921
-0.67559
0
0
0.737277
-0.67926
-0.99999
0.855921
3
-0.67559
0
0
0.737277
-0.67926
-0.99999
0.855921
-0.67559
0
0
0.737277
-0.67926
-0.99999
0.855921
-0.67559
0
0
0.737277
-0.67926
-0.99999
0.855921
3
-0.67559
0
0
0.737277
-0.67926
-0.99999
0.855921
-0.67559
0
0
0.737277
-0.67926
-0.99999
0.855921
-0.67559
0
0
0.737277
-0.67926
-0.99999
0.855921
2
-0.67559
0
0
0.737277
-0.67926
-0.99999
0.855921
-0.67559
0
0
0.737277
-0.67926
-0.99999
0.855921
2
-0.46174
0
0
-0.88701
-0.67926
-0.99999
0.855921
-0.46174
0
0
-0.88701
-0.67926
-0.99999
0.855921
2
-0.67559
0
0
0.737277
-0.67926
-0.99999
0.855921
-0.67559
0
0
0.737277
-0.67926
-0.99999
0.855921
hip
False
True
False
False
False
0.041
0.041
0.301
0
0
-0.24
0
1
9
0
1
-14
0
None
7
2
-0.62932
0
0
0.777146
-0.72958
0.162651
-0.99999
-0.62932
0
0
0.777146
-0.72958
0.162651
-0.99999
3
-0.62932
0
0
0.777146
-0.72958
0.162651
-0.99999
-0.62932
0
0
0.777146
-0.72958
0.162651
-0.99999
-0.62932
0
0
0.777146
-0.72958
0.162651
-0.99999
3
-0.62932
0
0
0.777146
-0.72958
0.162651
-0.99999
-0.62932
0
0
0.777146
-0.72958
0.162651
-0.99999
-0.62932
0
0
0.777146
-0.72958
0.162651
-0.99999
3
-0.62932
0
0
0.777146
-0.72958
0.162651
-0.99999
-0.62932
0
0
0.777146
-0.72958
0.162651
-0.99999
-0.62932
0
0
0.777146
-0.72958
0.162651
-0.99999
2
-0.7826
0
0
0.622514
-0.72958
0.162651
-0.99999
-0.7826
0
0
0.622514
-0.72958
0.162651
-0.99999
2
-0.51503
0
0
-0.85716
-0.72958
0.162651
-0.99999
-0.51503
0
0
-0.85716
-0.72958
0.162651
-0.99999
2
-0.62932
0
0
0.777146
-0.72958
0.162651
-0.99999
-0.62932
0
0
0.777146
-0.72958
0.162651
-0.99999
arm
False
False
True
False
False
0.031
0.031
0.061
0
0
-0.02
5
1
8
0
1
-14
0
None
7
2
-0.7826
0
0
0.622514
-0.03206
-0.1696
-0.99999
-0.7826
0
0
0.622514
-0.03206
-0.1696
-0.99999
3
-0.7826
0
0
0.622514
-0.03206
-0.1696
-0.99999
-0.7826
0
0
0.622514
-0.03206
-0.1696
-0.99999
-0.7826
0
0
0.622514
-0.03206
-0.1696
-0.99999
3
-0.7826
0
0
0.622514
-0.03206
-0.1696
-0.99999
-0.7826
0
0
0.622514
-0.03206
-0.1696
-0.99999
-0.7826
0
0
0.622514
-0.03206
-0.1696
-0.99999
3
-0.7826
0
0
0.622514
-0.03206
-0.1696
-0.99999
-0.7826
0
0
0.622514
-0.03206
-0.1696
-0.99999
-0.7826
0
0
0.622514
-0.03206
-0.1696
-0.99999
2
-0.59482
0
0
0.803856
-0.03206
-0.1696
-0.99999
-0.59482
0
0
0.803856
-0.03206
-0.1696
-0.99999
2
-0.3173
0
0
-0.94832
-0.03206
-0.1696
-0.99999
-0.3173
0
0
-0.94832
-0.03206
-0.1696
-0.99999
2
-0.7826
0
0
0.622514
-0.03206
-0.1696
-0.99999
-0.7826
0
0
0.622514
-0.03206
-0.1696
-0.99999
hand
False
False
True
False
False
0.040999
0.031
0.031
0
-0.02
0
7
0
0
1
-14
0
None
7
2
0
0
0
1
0.191294
0.206107
-0.99999
0
0
0
1
0.191294
0.206107
-0.99999
3
0
0
0
1
0.191294
0.206107
-0.99999
0
0
0
1
0.191294
0.206107
-0.99999
0
0
0
1
0.191294
0.206107
-0.99999
3
0
0
0
1
0.191294
0.206107
-0.99999
0
0
0
1
0.191294
0.206107
-0.99999
0
0
0
1
0.191294
0.206107
-0.99999
3
0
0
0
1
0.191294
0.206107
-0.99999
0
0
0
1
0.191294
0.206107
-0.99999
0
0
0
1
0.191294
0.206107
-0.99999
2
0
0
0
1
0.191294
0.206107
-0.99999
0
0
0
1
0.191294
0.206107
-0.99999
2
-0.93969
0
0
-0.34201
0.191294
0.206107
-0.99999
-0.93969
0
0
-0.34201
0.191294
0.206107
-0.99999
2
0
0
0
1
0.191294
0.206107
-0.99999
0
0
0
1
0.191294
0.206107
-0.99999
leg
False
False
False
False
False
0.041
0.041
0.261
0
0
-0.18
6
0
0
1
-14
0
None
7
2
-0.62932
0
0
0.777146
-0.06816
0
-1
-0.62932
0
0
0.777146
-0.06816
0
-1
3
-0.62932
0
0
0.777146
-0.06816
0
-1
-0.62932
0
0
0.777146
-0.06816
0
-1
-0.62932
0
0
0.777146
-0.06816
0
-1
3
-0.62932
0
0
0.777146
-0.06816
0
-1
-0.62932
0
0
0.777146
-0.06816
0
-1
-0.62932
0
0
0.777146
-0.06816
0
-1
3
-0.62932
0
0
0.777146
-0.06816
0
-1
-0.62932
0
0
0.777146
-0.06816
0
-1
-0.62932
0
0
0.777146
-0.06816
0
-1
2
-0.89879
0
0
0.438371
-0.06816
0
-1
-0.89879
0
0
0.438371
-0.06816
0
-1
2
-0.51503
0
0
-0.85716
-0.06816
0
-1
-0.51503
0
0
-0.85716
-0.06816
0
-1
2
-0.62932
0
0
0.777146
-0.06816
0
-1
-0.62932
0
0
0.777146
-0.06816
0
-1
mouth
True
False
False
True
False
0.05
0.05
0.049999
0
0
0.01
3
0
0
0
0
0
HorseMouth
7
2
0
0
0
1
-0.12671
-0.30267
1
0
0
0
1
-0.12671
-0.30267
1
3
0
0
0
1
-0.12671
-0.30267
1
0
0
0
1
-0.12671
-0.30267
1
0
0
0
1
-0.12671
-0.30267
1
3
0
0
0
1
-0.12671
-0.30267
1
0
0
0
1
-0.12671
-0.30267
1
0
0
0
1
-0.12671
-0.30267
1
3
0
0
0
1
-0.12671
-0.30267
1
0
0
0
1
-0.12671
-0.30267
1
0
0
0
1
-0.12671
-0.30267
1
2
0
0
0
1
-0.12671
-0.30267
1
0
0
0
1
-0.12671
-0.30267
1
2
0
0
0
1
-0.12671
-0.30267
1
0
0
0
1
-0.12671
-0.30267
1
2
0
0
0
1
-0.12671
-0.30267
1
0
0
0
1
-0.12671
-0.30267
1
penis
False
False
False
False
False
0.191
0.041
0.131
0
0
-0.08
0
1
12
0
0
0
0
None
7
2
0
0
0
1
0.058187
-0.62315
-0.99999
0
0
0
1
0.058187
-0.62315
-0.99999
3
0
0
0
1
0.058187
-0.62315
-0.99999
0
0
0
1
0.058187
-0.62315
-0.99999
0
0
0
1
0.058187
-0.62315
-0.99999
3
0
0
0
1
0.058187
-0.62315
-0.99999
0
0
0
1
0.058187
-0.62315
-0.99999
0
0
0
1
0.058187
-0.62315
-0.99999
3
0
0
0
1
0.058187
-0.62315
-0.99999
0
0
0
1
0.058187
-0.62315
-0.99999
0
0
0
1
0.058187
-0.62315
-0.99999
2
0
0
0
1
0.058187
-0.62315
-0.99999
0
0
0
1
0.058187
-0.62315
-0.99999
2
-0.93969
0
0
-0.34201
0.058187
-0.62315
-0.99999
-0.93969
0
0
-0.34201
0.058187
-0.62315
-0.99999
2
0
0
0
1
0.058187
-0.62315
-0.99999
0
0
0
1
0.058187
-0.62315
-0.99999
limb002
False
True
False
True
False
0.021
0.141
0.131
0
0.099999
0
11
0
0
1
-8
0
None
7
2
0
0
0
1
-0.99999
-0.51108
0.675667
0
0
0
1
-0.99999
-0.51108
0.675667
3
0
0
0
1
-0.99999
-0.51108
0.675667
0
0
0
1
-0.99999
-0.51108
0.675667
0
0
0
1
-0.99999
-0.51108
0.675667
3
0
0
0
1
-0.99999
-0.51108
0.675667
0
0
0
1
-0.99999
-0.51108
0.675667
0
0
0
1
-0.99999
-0.51108
0.675667
3
0
0
0
1
-0.99999
-0.51108
0.675667
0
0
0
1
-0.99999
-0.51108
0.675667
0
0
0
1
-0.99999
-0.51108
0.675667
2
0
0
0
1
-0.99999
-0.51108
0.675667
0
0
0
1
-0.99999
-0.51108
0.675667
2
0
0
0
1
-0.99999
-0.51108
0.675667
0
0
0
1
-0.99999
-0.51108
0.675667
2
0
0
0
1
-0.99999
-0.51108
0.675667
0
0
0
1
-0.99999
-0.51108
0.675667
sidey6
False
True
False
True
False
0.011
0.031
0.430999
0
0
0
0
0
0
0
-6
0
None
7
2
0
0
0
1
-1
0.775189
-0.04463
0
0
0
1
-1
0.775189
-0.04463
3
0
0
0
1
-1
0.775189
-0.04463
0
0
0
1
-1
0.775189
-0.04463
0
0
0
1
-1
0.775189
-0.04463
3
0
0
0
1
-1
0.775189
-0.04463
0
0
0
1
-1
0.775189
-0.04463
0
0
0
1
-1
0.775189
-0.04463
3
0
0
0
1
-1
0.775189
-0.04463
0
0
0
1
-1
0.775189
-0.04463
0
0
0
1
-1
0.775189
-0.04463
2
0
0
0
1
-1
0.775189
-0.04463
0
0
0
1
-1
0.775189
-0.04463
2
0
0
0
1
-1
0.775189
-0.04463
0
0
0
1
-1
0.775189
-0.04463
2
0
0
0
1
-1
0.775189
-0.04463
0
0
0
1
-1
0.775189
-0.04463
