30
0.551930
0.552941
0.509804
0.458823
perk_weaken
false
0.152121
tree
man
preguiça
árvore
homem
ленивец
дереве
человек
kungkang
pohon
pria
pereza
árbol
hombre
สลอธ
ต้นไม้
ชาย
árvore
дереве
arbol
M
M
M
дереве
false
Fur
Uncooked Meat
Bones
?
?
14
torso
False
False
False
False
False
0.194137
0.116868
0.261747
0
0
0
-1
3
1
5
6
0
0
0
0
None
7
2
-0.39073
0
0
0.920504
0
0
0
-0.46947
0
0
0.882947
0
0
0
3
-0.35836
0
0
0.93358
0
0
0
-0.43837
0
0
0.898794
0
0
0
-0.34202
0
0
0.939692
0
0
0
3
-0.38859
0.096218
-0.04084
0.915462
0
0
0
-0.4848
0
0
0.874619
0
0
0
-0.38781
-0.11218
0.047618
0.913643
0
0
0
3
-0.09584
0
0
0.995396
0
-0.04
-0.34
-0.13917
0
0
0.990268
0
0
0.18
0.165047
0
0
0.986285
0
-0.02
0.36
2
-0.64944
0
0
0.760406
0
-0.08
0.16
-0.68199
0
0
0.731353
0
-0.06
0.16
2
-0.99939
0
0
0.034899
0
-0.16
-0.55999
-0.99939
0
0
0.034899
0
-0.18
-0.55999
2
-0.61566
0
0
0.78801
0
0
0
-0.71325
0
0
0.700909
0
0
0
neck
False
False
False
True
False
0.203796
0.116868
0.17482
0
0
0.099999
0
1
2
0
0
-8
0
None
7
2
0.104528
0
0
0.994522
0
-0.05471
1.000001
0.104528
0
0
0.994522
0
-0.05471
1.000001
3
0.104528
0
0
0.994522
0
-0.05471
1.000001
0.104528
0
0
0.994522
0
-0.05471
1.000001
0.104528
0
0
0.994522
0
-0.05471
1.000001
3
0.104528
0
0
0.994522
0
-0.05471
1.000001
0.104528
0
0
0.994522
0
-0.05471
1.000001
0.104528
0
0
0.994522
0
-0.05471
1.000001
3
0.358368
0
0
0.93358
0
-0.05471
1.000001
0.104528
0
0
0.994522
0
-0.05471
1.000001
0.104528
0
0
0.994522
0
-0.05471
1.000001
2
0.317304
0
0
0.948323
0
-0.05471
1.000001
0.477158
0
0
0.878817
0
-0.05471
1.000001
2
0.104528
0
0
0.994522
0
-0.05471
1.000001
0.104528
0
0
0.994522
0
-0.05471
1.000001
2
0.104528
0
0
0.994522
0
-0.05471
1.000001
0.190809
0
0
0.981627
0
-1
0.725799
head
False
False
False
False
False
0.10721
0.097551
0.078234
0
0
0
1
2
3
4
0
0
3
0
None
7
2
0.052335
0
0
0.998629
-0.08748
-0.91924
1.000005
0.052335
0
0
0.998629
-0.08748
-0.91924
1.000005
3
0.052335
0
0
0.998629
-0.08748
-0.91924
1.000005
0.052335
0
0
0.998629
-0.08748
-0.91924
1.000005
0.052335
0
0
0.998629
-0.06544
-0.99999
0.748034
3
0.052335
0
0
0.998629
-0.08748
-0.91924
1.000005
0.052335
0
0
0.998629
-0.08748
-0.91924
1.000005
0.052335
0
0
0.998629
-0.08748
-0.91924
1.000005
3
0.615661
0
0
0.78801
-0.08748
-0.91924
1.000005
0.052335
0
0
0.998629
-0.08745
-0.08496
0.999997
0.052335
0
0
0.998629
-0.08745
-0.08496
0.999997
2
0.139173
0
0
0.990268
-0.08748
-0.91924
1.000005
0.095845
0
0
0.995396
-0.08748
-0.91924
1.000005
2
-0.88294
0
0
0.469471
-0.08748
-0.91924
1.000005
-0.88294
0
0
0.469471
-0.08748
-0.91924
1.000005
2
0.052335
0
0
0.998629
-0.08748
-0.91924
1.000005
0.052335
0
0
0.998629
-0.08748
-0.91924
1.000005
snout
False
False
False
True
False
0.049258
0.049258
0.029941
0
0
0.02
2
1
13
0
0
-5
0
None
7
2
0.173585
-0.00241
0
0.984815
0.026195
-0.41636
1.000007
0.173585
-0.00241
0
0.984815
0.026195
-0.41636
1.000007
3
0.173585
-0.00241
0
0.984815
0.026195
-0.41636
1.000007
0.173585
-0.00241
0
0.984815
0.026195
-0.41636
1.000007
0.173585
-0.00241
0
0.984815
0.026195
-0.41636
1.000007
3
0.173585
-0.00241
0
0.984815
0.026195
-0.41636
1.000007
0.173585
-0.00241
0
0.984815
0.026195
-0.41636
1.000007
0.173585
-0.00241
0
0.984815
0.026195
-0.41636
1.000007
3
0.173585
-0.00241
0
0.984815
0.026195
-0.41636
1.000007
0.173585
-0.00241
0
0.984815
0.026195
-0.41636
1.000007
0.173585
-0.00241
0
0.984815
0.026195
-0.41636
1.000007
2
0.173585
-0.00241
0
0.984815
0.026195
-0.41636
1.000007
0.173585
-0.00241
0
0.984815
0.026195
-0.41636
1.000007
2
0.173585
-0.00241
0
0.984815
0.026195
-0.41636
1.000007
0.173585
-0.00241
0
0.984815
0.026195
-0.41636
1.000007
2
0.173585
-0.00241
0
0.984815
0.026195
-0.41636
1.000007
0.173585
-0.00241
0
0.984815
0.026195
-0.41636
1.000007
eyes
True
True
False
True
False
0.057951
0.057951
0.048292
0
0
0.01
2
0
0
0
0
0
NinjaEye
7
2
-0.01713
-0.19077
0.00333
0.981477
-0.92169
0.270315
1.000002
-0.01713
-0.19077
0.00333
0.981477
-0.92169
0.270315
1.000002
3
-0.01713
-0.19077
0.00333
0.981477
-0.92169
0.270315
1.000002
-0.01713
-0.19077
0.00333
0.981477
-0.92169
0.270315
1.000002
-0.01713
-0.19077
0.00333
0.981477
-0.92169
0.270315
1.000002
3
-0.01713
-0.19077
0.00333
0.981477
-0.92169
0.270315
1.000002
-0.01713
-0.19077
0.00333
0.981477
-0.92169
0.270315
1.000002
-0.01713
-0.19077
0.00333
0.981477
-0.92169
0.270315
1.000002
3
-0.01713
-0.19077
0.00333
0.981477
-0.92169
0.270315
1.000002
-0.01713
-0.19077
0.00333
0.981477
-0.92169
0.270315
1.000002
-0.01713
-0.19077
0.00333
0.981477
-0.92169
0.270315
1.000002
2
-0.01713
-0.19077
0.00333
0.981477
-0.92169
0.270315
1.000002
-0.01713
-0.19077
0.00333
0.981477
-0.92169
0.270315
1.000002
2
-0.01713
-0.19077
0.00333
0.981477
-0.92169
0.270315
1.000002
-0.01713
-0.19077
0.00333
0.981477
-0.92169
0.270315
1.000002
2
-0.01713
-0.19077
0.00333
0.981477
-0.92169
0.270315
1.000002
-0.01713
-0.19077
0.00333
0.981477
-0.92169
0.270315
1.000002
shoulder
False
True
False
False
False
0.049258
0.087893
0.155503
0
0
0
0
1
7
0
0
0
0
None
7
2
-0.77405
0.093348
-0.14739
0.608604
-1
-0.33139
0.63155
-0.77405
0.093348
-0.14739
0.608604
-1
-0.35342
0.527357
3
-0.77405
0.093348
-0.14739
0.608604
-1
-0.33139
0.63155
-0.77405
0.093348
-0.14739
0.608604
-1
-0.33139
0.63155
-0.82415
0.105839
-0.1387
0.538825
-1
-0.33139
0.63155
3
-0.77405
0.093348
-0.14739
0.608604
-1
-0.0928
0.631543
-0.78778
-0.03522
0.016758
0.614713
-1
-0.33139
0.63155
-0.746
0.177141
-0.25369
0.589689
-1
-0.33139
0.63155
3
-0.77405
0.093348
-0.14739
0.608604
-1
-0.33139
0.63155
-0.98186
0.168403
-0.0456
-0.07423
-1
-0.33139
0.63155
-0.95873
0.146895
-0.09413
0.224452
-1
-0.33139
0.63155
2
-0.86797
0.117525
-0.12894
0.464944
-1
-0.33139
0.63155
-0.86797
0.117525
-0.12894
0.464944
-1
-0.33139
0.63155
2
-0.87871
-0.09413
-0.14689
-0.44432
-1
-0.33139
0.63155
-0.87871
-0.09413
-0.14689
-0.44432
-1
-0.33139
0.63155
2
-0.83664
0.170435
0.037306
-0.51921
-1
-0.33139
0.63155
-0.53882
0.1387
0.105839
-0.82415
-1
0.594105
0.515807
hip
False
True
True
False
False
0.049258
0.097551
0.155503
0
0
0
0
1
9
0
0
0
0
None
7
2
-0.66913
0
0
0.743144
-0.82149
-0.47156
-1
-0.74314
0
0
0.66913
-0.82149
-0.47156
-1
3
-0.60181
0
0
0.798635
-0.77698
-0.46472
-0.99999
-0.7071
0
0
0.707106
-1
-0.35909
-0.83087
-0.76604
0
0
0.642787
-1
-0.8775
-0.71735
3
-0.66089
0.116253
-0.10467
0.733995
-0.82149
-0.47156
-1
-0.66913
0
0
0.743144
-0.82149
-0.47156
-1
-0.65896
-0.12904
0.116193
0.731854
-0.82149
-0.47156
-1
3
-0.66913
0
0
0.743144
-0.82149
-0.47156
-1
-0.66913
0
0
0.743144
-0.82149
-0.47156
-1
-0.52991
0
0
0.848048
-0.76031
-0.99999
-0.92539
2
-0.99862
0
0
0.052335
-0.82149
-0.47156
-1
-0.99862
0
0
0.052335
-0.82149
-0.47156
-1
2
-0.9563
0
0
-0.29237
-0.82149
-0.47156
-1
-0.9563
0
0
-0.29237
-0.82149
-0.47156
-1
2
-0.66913
0
0
0.743144
-0.82149
-0.47156
-1
-0.66913
0
0
0.743144
-0.82149
-0.47156
-1
arm
False
False
False
False
False
0.049258
0.078235
0.136186
0
0
-0.12
5
1
8
0
0
0
0
None
7
2
-0.82233
0.070645
-0.10223
0.555271
-0.08259
-0.01553
-1
-0.82233
0.070645
-0.10223
0.555271
-0.08259
-0.01553
-1
3
-0.82233
0.070645
-0.10223
0.555271
-0.08259
-0.01553
-1
-0.82233
0.070645
-0.10223
0.555271
-0.08259
-0.01553
-1
-0.90626
0.087325
-0.08841
0.404039
-0.08259
-0.01553
-1
3
-0.73705
0.055728
-0.11107
0.664314
-0.08259
-0.01553
-1
-0.82425
-0.05607
0.085365
0.556931
-0.08259
-0.01553
-1
-0.79621
0.156639
-0.22962
0.537384
-0.08259
-0.01553
-1
3
-0.9131
0.213617
0.251402
0.239578
-0.08259
-0.01553
-1
-0.94113
0.124118
-0.00619
-0.31437
-0.08259
-0.01553
-1
-0.93802
0.094699
-0.08047
0.323516
-0.08259
-0.01553
-1
2
-0.88137
-0.03416
0.140768
0.449666
-0.08259
-0.01553
-1
-0.88137
-0.03416
0.140768
0.449666
-0.08259
-0.01553
-1
2
-0.85077
-0.0628
-0.10723
-0.51061
-0.08259
-0.01553
-1
-0.85077
-0.0628
-0.10723
-0.51061
-0.08259
-0.01553
-1
2
-0.68963
0.112953
0.051818
-0.71341
-0.08259
-0.01553
-1
-0.36412
0.084525
0.091099
-0.92302
-0.08259
-0.00935
-1
hand
False
False
False
False
False
0.068575
0.049258
0.058917
0
0.02
-0.02
7
1
11
0
0
-3
0
None
7
2
-0.35787
0.051691
-0.00818
0.932301
0.460663
-0.32032
-1
-0.35787
0.051691
-0.00818
0.932301
0.460663
-0.32032
-1
3
-0.35787
0.051691
-0.00818
0.932301
0.460663
-0.32032
-1
-0.35787
0.051691
-0.00818
0.932301
0.460663
-0.32032
-1
-0.35787
0.051691
-0.00818
0.932301
0.460663
-0.32032
-1
3
-0.35787
0.051691
-0.00818
0.932301
0.460663
-0.32032
-1
-0.35787
0.051691
-0.00818
0.932301
0.460663
-0.32032
-1
-0.35787
0.051691
-0.00818
0.932301
0.460663
-0.32032
-1
3
-0.35787
0.051691
-0.00818
0.932301
0.460663
-0.32032
-1
-0.94422
0.039498
0.034335
0.325121
0.460663
-0.32032
-1
-0.51433
0.052327
0
0.855992
0.460663
-0.32032
-1
2
-0.6982
-0.10102
0.169564
0.688151
0.460663
-0.32032
-1
-0.6982
-0.10102
0.169564
0.688151
0.460663
-0.32032
-1
2
-0.99619
0.014425
-0.0503
0.069661
0.460663
-0.32032
-1
-0.99619
0.014425
-0.0503
0.069661
0.460663
-0.32032
-1
2
-0.95994
0.012661
0.050781
-0.27525
0.460663
-0.32032
-1
-0.95994
0.012661
0.050781
-0.27525
0.460663
-0.32032
-1
leg
False
False
True
False
False
0.058917
0.078234
0.087893
0
0
-0.06
6
1
10
0
0
0
0
None
7
2
-0.7309
-0.02552
-0.0238
0.681582
0.110596
0
-1.00001
-0.58742
-0.02959
-0.01849
0.808524
0.110596
0
-1.00001
3
-0.60144
-0.02926
-0.019
0.798149
0.110596
0
-1.00001
-0.60144
-0.02926
-0.019
0.798148
0.110596
0
-1.00001
-0.76557
-0.02424
-0.0251
0.642396
0.110596
0
-1.00001
3
-0.70682
0.128453
-0.1876
0.669855
0.110596
0
-1.00001
-0.58742
-0.02959
-0.01849
0.808524
0.110596
0
-1.00001
-0.71752
-0.17819
0.141227
0.658372
0.110596
0
-1.00001
3
-0.7309
-0.02552
-0.0238
0.681582
0.110596
0
-1.00001
-0.7309
-0.02552
-0.0238
0.681582
0.110596
0
-1.00001
-0.60144
-0.02926
-0.019
0.798149
0.110596
0
-1.00001
2
-0.7309
-0.02552
-0.0238
0.681582
0.110596
0
-1.00001
-0.7309
-0.02552
-0.0238
0.681582
0.110596
0
-1.00001
2
-0.92661
-0.03235
0.013073
-0.37437
0.110596
0
-1.00001
-0.92661
-0.03235
0.013073
-0.37437
0.110596
0
-1.00001
2
-0.7309
-0.02552
-0.0238
0.681582
0.110596
0
-1.00001
-0.52959
-0.03081
-0.01638
0.847531
0.110596
0
-1.00001
foot
False
False
True
False
False
0.068575
0.020283
0.078234
0
0
0.04
9
1
12
0
0
-3
0
None
7
2
0.001521
-0.08714
0.017385
0.996043
-0.07337
0.421068
-0.99999
0.001521
-0.08714
0.017385
0.996043
-0.07337
0.421068
-0.99999
3
0.001521
-0.08714
0.017385
0.996043
-0.07337
0.421068
-0.99999
0.140128
-0.08387
0.029344
0.986137
-0.07337
0.421068
-0.99999
0.001521
-0.08714
0.017385
0.996043
-0.07337
0.421068
-0.99999
3
0.001521
-0.08714
0.017385
0.996043
-0.07337
0.421068
-0.99999
0.157317
-0.08334
0.030804
0.983542
-0.07337
0.421068
-0.99999
0.001521
-0.08714
0.017385
0.996043
-0.07337
0.421068
-0.99999
3
0.001521
-0.08714
0.017385
0.996043
-0.07337
0.421068
-0.99999
0.001521
-0.08714
0.017385
0.996043
-0.07337
0.421068
-0.99999
0.300966
-0.07788
0.042785
0.949485
-0.07337
0.421068
-0.99999
2
0.001521
-0.08714
0.017385
0.996043
-0.07337
0.421068
-0.99999
0.001521
-0.08714
0.017385
0.996043
-0.07337
0.421068
-0.99999
2
-0.90207
-0.02107
0.086325
0.422324
-0.07337
0.421068
-0.99999
-0.90207
-0.02107
0.086325
0.422324
-0.07337
0.421068
-0.99999
2
0.001521
-0.08714
0.017385
0.996043
-0.07337
0.421068
-0.99999
0.001521
-0.08714
0.017385
0.996043
-0.07337
0.421068
-0.99999
claws
False
False
False
True
False
0.049258
0.020283
0.145844
0
0
-0.12
8
0
8
11
6
0
None
7
2
0
0
0
1
0.017301
-0.7773
-0.99999
0
0
0
1
0.017301
-0.7773
-0.99999
3
0
0
0
1
0.017301
-0.7773
-0.99999
0
0
0
1
0.017301
-0.7773
-0.99999
0
0
0
1
0.017301
-0.7773
-0.99999
3
0
0
0
1
0.017301
-0.7773
-0.99999
0
0
0
1
0.017301
-0.7773
-0.99999
0
0
0
1
0.017301
-0.7773
-0.99999
3
0
0
0
1
0.017301
-0.7773
-0.99999
0
0
0
1
0.017301
-0.7773
-0.99999
0
0
0
1
0.017301
-0.7773
-0.99999
2
0
0
0
1
0.017301
-0.7773
-0.99999
0
0
0
1
0.017301
-0.7773
-0.99999
2
0
0
0
1
0.017301
-0.7773
-0.99999
0
0
0
1
0.017301
-0.7773
-0.99999
2
0
0
0
1
0.017301
-0.7773
-0.99999
0
0
0
1
0.017301
-0.7773
-0.99999
footclaws
False
False
True
True
False
0.049258
0.010624
0.087893
0
0
0.08
10
0
8
11
6
0
None
7
2
0
0
0
1
0
-0.10101
0.999983
0
0
0
1
0
-0.10101
0.999983
3
0
0
0
1
0
-0.10101
0.999983
0
0
0
1
0
-0.10101
0.999983
0
0
0
1
0
-0.10101
0.999983
3
0
0
0
1
0
-0.10101
0.999983
0
0
0
1
0
-0.10101
0.999983
0
0
0
1
0
-0.10101
0.999983
3
0
0
0
1
0
-0.10101
0.999983
0
0
0
1
0
-0.10101
0.999983
0
0
0
1
0
-0.10101
0.999983
2
0
0
0
1
0
-0.10101
0.999983
0
0
0
1
0
-0.10101
0.999983
2
0
0
0
1
0
-0.10101
0.999983
0
0
0
1
0
-0.10101
0.999983
2
0
0
0
1
0
-0.10101
0.999983
0
0
0
1
0
-0.10101
0.999983
mouth
True
False
False
True
False
0.067610
0.077267
0.048292
0
0
0.01
3
0
0
0
0
0
HappyMouth
7
2
0
0
0
1
-0.17999
-0.23072
1.000011
0
0
0
1
-0.17999
-0.23072
1.000011
3
0
0
0
1
-0.17999
-0.23072
1.000011
0
0
0
1
-0.17999
-0.23072
1.000011
0
0
0
1
-0.17999
-0.23072
1.000011
3
0
0
0
1
-0.17999
-0.23072
1.000011
0
0
0
1
-0.17999
-0.23072
1.000011
0
0
0
1
-0.17999
-0.23072
1.000011
3
0
0
0
1
-0.17999
-0.23072
1.000011
0
0
0
1
-0.17999
-0.23072
1.000011
0
0
0
1
-0.17999
-0.23072
1.000011
2
0
0
0
1
-0.17999
-0.23072
1.000011
0
0
0
1
-0.17999
-0.23072
1.000011
2
0
0
0
1
-0.17999
-0.23072
1.000011
0
0
0
1
-0.17999
-0.23072
1.000011
2
0
0
0
1
-0.17999
-0.23072
1.000011
0
0
0
1
-0.17999
-0.23072
1.000011
