30
0.083315
0.372549
0.698039
0.329411
perk_defensive_shell
false
0.468688
sludge
slug
caracol
de lama
lesma
улитка
грязный
слизняк
siput
berlendir
siput
caracol
baboso
babosa
หอย ทาก
ตะกอน
กระสุน
de lama
грязная
babosa
F
M
F
грязнoe
false
Bug Meat
?
?
?
?
10
torso
False
False
False
False
False
0.131
0.051
0.261
0
0
0
-1
3
1
4
7
0
0
0
0
None
7
2
0.034899
0
0
0.99939
0
0
0
0.034899
0
0
0.99939
0
0
0
3
0.034814
0.069713
0.002434
0.996956
0
0
0
0.034814
-0.06971
-0.00243
0.996956
0
0
0
0.034899
0
0
0.99939
0
0
0
3
0.034766
0.087102
0.003041
0.995587
0
0
0
0.034899
0
0
0.99939
0
0
0
0.034639
-0.12179
-0.00425
0.991941
0
0
0
3
0.207911
0
0
0.978147
0
-0.08
-0.24
0.078459
0
0
0.996917
0
0
0.18
-0.18223
0
0
0.983254
0
0
0.18
2
-0.22495
0
0
0.97437
0
0.3
0.28
-0.26723
0
0
0.96363
0
0.3
0.28
2
-0.99939
0
0
0.034899
0
-0.79999
-0.48
-0.99939
0
0
0.034899
0
-0.81999
-0.48
2
0.034899
0
0
0.99939
0
0
0
-0.22495
0
0
0.97437
0
0
0
neck
False
False
False
True
False
0.101
0.071
0.101
0
0
0
0
1
2
0
0
0
0
None
7
2
-0.35836
0
0
0.93358
0.017387
0.998414
1.000003
-0.24192
0
0
0.970295
0
0.99837
1
3
-0.35836
0
0
0.93358
0
0.99837
1
-0.35836
0
0
0.93358
0
0.99837
1
-0.35836
0
0
0.93358
0
0.99837
1
3
-0.35836
0
0
0.93358
0
0.99837
1
-0.35836
0
0
0.93358
0
0.99837
1
-0.35836
0
0
0.93358
0
0.99837
1
3
-0.35836
0
0
0.93358
0.017387
0.998414
1.000003
-0.1478
0
0
0.989015
0.017387
0.998414
1.000003
-0.3173
0
0
0.948323
0.017387
0.998414
1.000003
2
-0.27563
0
0
0.961261
0.017387
0.998414
1.000003
-0.27563
0
0
0.961261
0.017387
0.998414
1.000003
2
-0.35836
0
0
0.93358
0.017387
0.998414
1.000003
-0.35836
0
0
0.93358
0.017387
0.998414
1.000003
2
-0.35836
0
0
0.93358
0.017387
0.998414
1.000003
-0.35836
0
0
0.93358
0
0.99837
1
head
False
False
False
False
False
0.081
0.061
0.070998
0
0
0
1
3
3
5
8
0
0
0
0
None
7
2
0.069756
0
0
0.997564
0
-0.01545
0.999995
-0.12186
0
0
0.992546
0
-0.01545
0.999995
3
0.069756
0
0
0.997564
0
-0.01545
0.999995
0.069756
0
0
0.997564
0
-0.01545
0.999995
0.069756
0
0
0.997564
0
-0.01545
0.999995
3
0.069756
0
0
0.997564
0
-0.01545
0.999995
0.069756
0
0
0.997564
0
-0.01545
0.999995
0.069756
0
0
0.997564
0
-0.01545
0.999995
3
0.62932
0
0
0.777145
0
-0.01545
0.999995
-0.10452
0
0
0.994521
0
-0.01545
0.999995
-0.55193
0
0
0.833885
0
-0.01545
0.999995
2
0.069756
0
0
0.997564
0
-0.01545
0.999995
0.069756
0
0
0.997564
0
-0.01545
0.999995
2
-0.99756
0
0
0.069756
0
-0.01545
0.999995
-0.99756
0
0
0.069756
0
-0.01545
0.999995
2
0.069756
0
0
0.997564
0
-0.01545
0.999995
0.069756
0
0
0.997564
0
-0.01545
0.999995
eyes
True
True
False
True
False
0.06
0.059999
0.05
0
0
0.01
2
0
0
0
0
0
DerpyEye
7
2
0
0
0
1
-0.80001
0.131735
1.000001
0
0
0
1
-0.80001
0.131735
1.000001
3
0
0
0
1
-0.80001
0.131735
1.000001
0
0
0
1
-0.80001
0.131735
1.000001
0
0
0
1
-0.80001
0.131735
1.000001
3
0
0
0
1
-0.80001
0.131735
1.000001
0
0
0
1
-0.80001
0.131735
1.000001
0
0
0
1
-0.80001
0.131735
1.000001
3
0
0
0
1
-0.80001
0.131735
1.000001
0
0
0
1
-0.80001
0.131735
1.000001
0
0
0
1
-0.80001
0.131735
1.000001
2
0
0
0
1
-0.80001
0.131735
1.000001
0
0
0
1
-0.80001
0.131735
1.000001
2
0
0
0
1
-0.80001
0.131735
1.000001
0
0
0
1
-0.80001
0.131735
1.000001
2
0
0
0
1
-0.80001
0.131735
1.000001
0
0
0
1
-0.80001
0.131735
1.000001
tail
False
False
False
False
False
0.061
0.041
0.111
0
0
0.04
0
0
0
1
-4
0
None
7
2
-0.97029
0
0.241921
0
0.035806
-0.21538
-1
-0.97014
-0.00422
-0.24188
-0.01693
0.035806
-0.21538
-1
3
-0.98147
0.010983
-0.19077
0.013563
0.035806
-0.21538
-1
-0.97029
0
0.241921
0
0.035806
-0.21538
-1
-0.97029
0
0.241921
0
0.035806
-0.21538
-1
3
-0.92718
0
0.374606
0
0.035806
-0.21538
-1
-0.99756
0
0.069756
0
0.035806
-0.21538
-1
-0.9563
0
-0.29237
0
0.224524
-0.21671
-1
3
-0.97029
0
0.241921
0
0.035806
-0.21538
-1
-0.97029
0
0.241921
0
0.035806
-0.21538
-1
-0.97029
0
0.241921
0
0.035806
-0.21538
-1
2
-0.97029
0
0.241921
0
0.035806
-0.21538
-1
-0.97029
0
0.241921
0
0.035806
-0.21538
-1
2
-0.16849
0.238246
-0.042
-0.95555
0.035806
-0.21538
-1
-0.16849
0.238246
-0.042
-0.95555
0.035806
-0.21538
-1
2
-0.97029
0
0.241921
0
0.035806
-0.21538
-1
-0.97029
0
0.241921
0
0.035806
-0.21538
-1
waspantler
False
True
False
True
True
0.021
0.031
0.041
0
0
0
2
1
6
0
1
-1
0
None
7
2
-0.12186
0
0
0.992546
-0.63107
0.999999
-0.03767
-0.12186
0
0
0.992546
-0.63107
0.999999
-0.03767
3
-0.12186
0
0
0.992546
-0.63107
0.999999
-0.03767
-0.12186
0
0
0.992546
-0.63107
0.999999
-0.03767
-0.12186
0
0
0.992546
-0.63107
0.999999
-0.03767
3
-0.12186
0
0
0.992546
-0.63107
0.999999
-0.03767
-0.12186
0
0
0.992546
-0.63107
0.999999
-0.03767
-0.12186
0
0
0.992546
-0.63107
0.999999
-0.03767
3
-0.12186
0
0
0.992546
-0.63107
0.999999
-0.03767
-0.25038
0
0
0.968147
-0.63107
0.999999
-0.03767
-0.25038
0
0
0.968147
-0.63107
0.999999
-0.03767
2
-0.12186
0
0
0.992546
-0.63107
0.999999
-0.03767
-0.12186
0
0
0.992546
-0.63107
0.999999
-0.03767
2
-0.12186
0
0
0.992546
-0.63107
0.999999
-0.03767
-0.12186
0
0
0.992546
-0.63107
0.999999
-0.03767
2
-0.12186
0
0
0.992546
-0.63107
0.999999
-0.03767
-0.12186
0
0
0.992546
-0.63107
0.999999
-0.03767
waspantlerext
False
False
False
False
True
0.021
0.111
0.021
0
0.099999
0
5
0
0
2
-3
0
None
7
2
0
0
0
1
0
0.999988
0.668822
0
0
0
1
0
0.999988
0.668822
3
0.00606
0.034369
0.173542
0.984207
0
0.999988
0.668822
0
0
-0.05233
0.998629
0
0.999988
0.668822
0
0
-0.05233
0.998629
0
0.999988
0.668822
3
0
0
0
1
0
0.999988
0.668822
0
0
0
1
0
0.999988
0.668822
0
0
0
1
0
0.999988
0.668822
3
0
0
0
1
0
0.999988
0.668822
-0.13052
0
0
0.991444
0
0.999988
0.668822
-0.13052
0
0
0.991444
0
0.999988
0.668822
2
0
0
0
1
0
0.999988
0.668822
0
0
0
1
0
0.999988
0.668822
2
-1
0
0
0
0
0.999988
0.668822
-1
0
0
0
0
0.999988
0.668822
2
0
0
0
1
0
0.999988
0.668822
0
0
0
1
0
0.999988
0.668822
shell
False
False
False
True
False
0.111
0.221
0.221
0
0.16
0
0
0
-6
5
5
0
snailSwirl
7
2
0
0
0
1
0
0.999979
0.043339
0
0
0
1
0
0.999979
0.043339
3
0
0
0
1
0
0.999979
0.043339
0
0
0
1
0
0.999979
0.043339
0
0
0
1
0
0.999979
0.043339
3
0
0
0
1
0
0.999979
0.043339
0
0
0
1
0
0.999979
0.043339
0
0
0
1
0
0.999979
0.043339
3
0
0
0
1
0
0.999979
0.043339
0
0
0
1
0
0.999979
0.043339
0
0
0
1
0
0.999979
0.043339
2
0
0
0
1
0
0.999979
0.043339
0
0
0
1
0
0.999979
0.043339
2
0
0
0
1
0
0.999979
0.043339
0
0
0
1
0
0.999979
0.043339
2
0
0
0
1
0
0.999979
0.043339
0
0
0
1
0
0.999979
0.043339
snout
False
False
False
True
False
0.051
0.031
0.021
0
0
0
2
1
9
0
0
0
0
None
7
2
0
0
0
1
0.022954
-0.86195
0.999994
0
0
0
1
0.022954
-0.86195
0.999994
3
0
0
0
1
0.022954
-0.86195
0.999994
0
0
0
1
0.022954
-0.86195
0.999994
0
0
0
1
0.022954
-0.86195
0.999994
3
0
0
0
1
0.022954
-0.86195
0.999994
0
0
0
1
0.022954
-0.86195
0.999994
0
0
0
1
0.022954
-0.86195
0.999994
3
0
0
0
1
0.022954
-0.86195
0.999994
0
0
0
1
0.022954
-0.86195
0.999994
0
0
0
1
0.022954
-0.86195
0.999994
2
0
0
0
1
0.022954
-0.86195
0.999994
0
0
0
1
0.022954
-0.86195
0.999994
2
0
0
0
1
0.022954
-0.86195
0.999994
0
0
0
1
0.022954
-0.86195
0.999994
2
0
0
0
1
0.022954
-0.86195
0.999994
0
0
0
1
0.022954
-0.86195
0.999994
mouth
True
False
False
True
False
0.06
0.099999
0.05
0
0
0.01
8
0
0
0
0
0
HappyMouth
7
2
0
0
0
1
0
0.053326
0.999998
0
0
0
1
0
0.053326
0.999998
3
0
0
0
1
0
0.053326
0.999998
0
0
0
1
0
0.053326
0.999998
0
0
0
1
0
0.053326
0.999998
3
0
0
0
1
0
0.053326
0.999998
0
0
0
1
0
0.053326
0.999998
0
0
0
1
0
0.053326
0.999998
3
0
0
0
1
0
0.053326
0.999998
0
0
0
1
0
0.053326
0.999998
0
0
0
1
0
0.053326
0.999998
2
0
0
0
1
0
0.053326
0.999998
0
0
0
1
0
0.053326
0.999998
2
0
0
0
1
0
0.053326
0.999998
0
0
0
1
0
0.053326
0.999998
2
0
0
0
1
0
0.053326
0.999998
0
0
0
1
0
0.053326
0.999998
