30
0.137187
0.137254
0.4
0.101960
perk_poison_sting
false
0.875150
slithering
cobra
a serpente
escorregadio
cobra
змея
скользкий
кобра
ular
merayap
kobra
serpiente
deslizándose
cobra
งู
เลื้อย
งูเห่า
escorregadia
скользкая
deslizándose
F
F
F
скользкoe
false
Scales
Venom
Sharp Tooth
Uncooked Meat
Bones
9
torso
False
False
False
False
False
0.090999
0.091
0.201
0
0
0
-1
2
1
3
0
0
0
0
None
7
2
0.034899
0
0
0.99939
0
0
0
0.034639
0.121795
0.004253
0.991941
0
0
0
3
0.034899
0
0
0.99939
0
0
0
0.017512
0.121892
0
0.992388
0
0
0
0.034639
-0.12179
-0.00425
0.991941
0
0
0
3
0.034469
0.156339
0.005459
0.987086
0
0
0
-0.13917
0
0
0.990268
0
0
0
0.034469
-0.15633
-0.00545
0.987086
0
0
0
3
0.165047
0
0
0.986285
0
0
-0.18
-0.13917
0
0
0.990268
0
0
0.659999
-0.13917
0
0
0.990268
0
0
0.659999
2
-0.13917
0
0
0.990268
0
0.32
0.16
-0.18223
0
0
0.983255
0
0.32
0.16
2
-0.99939
0
0
0.034899
0
-0.49999
-0.4
-0.99939
0
0
0.034899
0
-0.51999
-0.4
2
-0.30901
0
0
0.951056
0
0
0
-0.50753
0
0
0.861629
0
0
0
neck
False
False
False
True
False
0.070999
0.071
0.271
0
0
0.099999
0
2
2
6
0
0
0
0
None
7
2
-0.51503
0
0
0.857167
0
0.851265
1.000002
-0.51253
-0.27352
-0.05609
0.812003
0
0.851265
1.000002
3
-0.50391
-0.14595
-0.07434
0.848078
0
0.851265
1.000002
-0.51503
0
0
0.857167
0
0.851265
1.000002
-0.51503
0
0
0.857167
0
0.851265
1.000002
3
-0.51503
0
0
0.857167
0
0.851265
1.000002
-0.51503
0
0
0.857167
0
0.851265
1.000002
-0.51503
0
0
0.857167
0
0.851265
1.000002
3
-0.89493
0
0
0.446197
0
0.851265
1.000002
-0.06104
0
0
0.998134
0
0.851265
1.000002
0.156434
0
0
0.987688
0
0.064535
1.000005
2
-0.71934
0
0
0.694658
0
0.851265
1.000002
-0.68835
0
0
0.725374
0
0.851265
1.000002
2
0.156434
0
0
0.987688
0
-0.02812
1.000001
0.156434
0
0
0.987688
0
-0.02812
1.000001
2
-0.51503
0
0
0.857167
0
0.851265
1.000002
-0.51503
0
0
0.857167
0
0.851265
1.000002
head
False
False
False
False
False
0.091
0.051
0.091000
0
0
0
1
3
5
7
8
0
0
0
0
None
7
2
0.207911
0
0
0.978147
0
-0.72939
1.000001
0.207911
0
0
0.978147
0
-0.72939
1.000001
3
0.207911
0
0
0.978147
0
-0.72939
1.000001
0.207911
0
0
0.978147
0
-0.72939
1.000001
0.207911
0
0
0.978147
0
-0.72939
1.000001
3
0.207911
0
0
0.978147
0
-0.72939
1.000001
0.207911
0
0
0.978147
0
-0.72939
1.000001
0.207911
0
0
0.978147
0
-0.72939
1.000001
3
-0.09584
0
0
0.995396
0
-0.72939
1.000001
0.078459
0
0
0.996917
0
-0.72939
1.000001
0.207911
0
0
0.978147
0
0.617091
0.999998
2
0.121869
0
0
0.992546
0
-0.72939
1.000001
0.121869
0
0
0.992546
0
-0.72939
1.000001
2
-0.84804
0
0
0.529919
0
-0.72939
1.000001
-0.84804
0
0
0.529919
0
-0.72939
1.000001
2
0.207911
0
0
0.978147
0
-0.72939
1.000001
0.207911
0
0
0.978147
0
-0.72939
1.000001
tail
False
False
False
False
False
0.091000
0.091000
0.221002
0
0
0.18
0
1
4
0
0
-2
0
None
7
2
-0.98106
0.015134
0.172987
-0.08583
0.035806
0.078456
-0.99999
-0.98876
-0.01062
-0.1214
-0.0865
0.035806
0.078456
-0.99999
3
-0.99787
0.013783
0.033805
-0.05398
0.035806
0.078456
-0.99999
-0.96225
-0.02255
-0.25783
-0.08418
0.035806
0.078456
-0.99999
-0.98106
0.015134
0.172987
-0.08583
0.035806
0.078456
-0.99999
3
-0.97442
-0.01812
-0.20712
-0.08525
0.035806
0.078456
-0.99999
-0.99507
0.01087
0.069061
-0.07021
0.035806
0.078456
-0.99999
-0.95266
0.025481
0.291259
-0.08334
0.035806
0.078456
-0.99999
3
-0.98106
0.015134
0.172987
-0.08583
0.035806
0.078456
-0.99999
-0.98106
0.015134
0.172987
-0.08583
0.035806
0.078456
-0.99999
-0.98106
0.015134
0.172987
-0.08583
0.035806
0.078456
-0.99999
2
-0.87353
0.10571
0.137764
0.454733
0.035806
0.078456
-0.99999
-0.87353
0.10571
0.137764
0.454733
0.035806
0.078456
-0.99999
2
0.085831
0.142244
0.0996
-0.98106
0.035806
0.078456
-0.99999
0.085831
0.142244
0.0996
-0.98106
0.035806
0.078456
-0.99999
2
-0.98106
0.015134
0.172987
-0.08583
0.035806
0.078456
-0.99999
-0.98106
0.015134
0.172987
-0.08583
0.035806
0.078456
-0.99999
tailext
False
False
False
False
False
0.070999
0.071
0.201
0
0
-0.14
3
0
0
0
-4
0
None
7
2
0
0.406736
0
0.913545
0
0.084841
0.999994
0
-0.4848
0
0.874619
0
0.084841
0.999994
3
0
-0.32556
0
0.945518
0
0.084841
0.999994
0
0.406736
0
0.913545
0
0.084841
0.999994
0
0.275637
0
0.961261
0
0.084841
0.999994
3
0
0.406736
0
0.913545
0
0.084841
0.999994
0
0.069756
0
0.997564
0
0.084841
0.999994
0
-0.08715
0
0.996194
0
0.084841
0.999994
3
0
0.406736
0
0.913545
0
0.084841
0.999994
0
0.406736
0
0.913545
0
0.084841
0.999994
0
0.406736
0
0.913545
0
0.084841
0.999994
2
0.039848
0.406349
-0.01774
0.912676
0
0.084841
0.999994
0.039848
0.406349
-0.01774
0.912676
0
0.084841
0.999994
2
-0.85845
0.139112
-0.3822
0.312451
0
0.084841
0.999994
-0.85845
0.139112
-0.3822
0.312451
0
0.084841
0.999994
2
0
0.406736
0
0.913545
0
0.084841
0.999994
0
0.406736
0
0.913545
0
0.084841
0.999994
tooth
False
True
False
False
False
0.011
0.041
0.011
0
-0.02
0
2
0
0
-23
15
0
None
7
2
-0.01715
-0.02196
0.017152
0.999464
-0.35759
-1.00001
0.841891
-0.01715
-0.02196
0.017152
0.999464
-0.35759
-1.00001
0.841891
3
-0.01715
-0.02196
0.017152
0.999464
-0.35759
-1.00001
0.841891
-0.01715
-0.02196
0.017152
0.999464
-0.35759
-1.00001
0.841891
-0.01715
-0.02196
0.017152
0.999464
-0.35759
-1.00001
0.841891
3
-0.01715
-0.02196
0.017152
0.999464
-0.35759
-1.00001
0.841891
-0.01715
-0.02196
0.017152
0.999464
-0.35759
-1.00001
0.841891
-0.01715
-0.02196
0.017152
0.999464
-0.35759
-1.00001
0.841891
3
-0.01715
-0.02196
0.017152
0.999464
-0.35759
-1.00001
0.841891
-0.01715
-0.02196
0.017152
0.999464
-0.35759
-1.00001
0.841891
-0.01715
-0.02196
0.017152
0.999464
-0.35759
-1.00001
0.841891
2
-0.01715
-0.02196
0.017152
0.999464
-0.35759
-1.00001
0.841891
-0.01715
-0.02196
0.017152
0.999464
-0.35759
-1.00001
0.841891
2
-0.94505
0.008606
0.026505
0.325712
-0.35759
-1.00001
0.841891
-0.94505
0.008606
0.026505
0.325712
-0.35759
-1.00001
0.841891
2
-0.01715
-0.02196
0.017152
0.999464
-0.35759
-1.00001
0.841891
-0.01715
-0.02196
0.017152
0.999464
-0.35759
-1.00001
0.841891
cobrafrill
False
True
False
True
False
0.080999
0.021
0.251
0
0
0
1
0
0
0
-8
0
None
7
2
0
0
0
1
-1
0.666012
0.107919
0
0
0
1
-1
0.666012
0.107919
3
0
0
0
1
-1
0.666012
0.107919
0
0
0
1
-1
0.666012
0.107919
0
0
0
1
-1
0.666012
0.107919
3
0
0
0
1
-1
0.666012
0.107919
0
0
0
1
-1
0.666012
0.107919
0
0
0
1
-1
0.666012
0.107919
3
0
0
0
1
-1
0.666012
0.107919
0
0
0
1
-1
0.666012
0.107919
0
0
0
1
-1
0.666012
0.107919
2
0
0
0
1
-1
0.666012
0.107919
0
0
0
1
-1
0.666012
0.107919
2
0
0
0
1
-1
0.666012
0.107919
0
0
0
1
-1
0.666012
0.107919
2
0
0
0
1
-1
0.666012
0.107919
0
0
0
1
-1
0.666012
0.107919
tongue
False
False
False
False
False
0.011
0.011
0.061
0
0
0.06
2
0
-33
-3
10
0
None
7
2
0.406736
0
0
0.913545
-0.03809
-1.00001
0.806719
0.406736
0
0
0.913545
-0.03809
-1.00001
0.806719
3
0.406736
0
0
0.913545
-0.03809
-1.00001
0.806719
0.406736
0
0
0.913545
-0.03809
-1.00001
0.806719
0.406736
0
0
0.913545
-0.03809
-1.00001
0.806719
3
0.406736
0
0
0.913545
-0.03809
-1.00001
0.806719
0.406736
0
0
0.913545
-0.03809
-1.00001
0.806719
0.406736
0
0
0.913545
-0.03809
-1.00001
0.806719
3
0.406736
0
0
0.913545
-0.03809
-1.00001
0.806719
0.406736
0
0
0.913545
-0.03809
-1.00001
0.806719
0.406736
0
0
0.913545
-0.03809
-1.00001
0.806719
2
0.406736
0
0
0.913545
-0.03809
-1.00001
0.806719
0.406736
0
0
0.913545
-0.03809
-1.00001
0.806719
2
-0.71933
0
0
0.694658
-0.03809
-1.00001
0.806719
-0.71933
0
0
0.694658
-0.03809
-1.00001
0.806719
2
0.406736
0
0
0.913545
-0.03809
-1.00001
0.806719
0.406736
0
0
0.913545
-0.03809
-1.00001
0.806719
eyes
True
True
False
False
False
0.05
0.05
0.05
0
0
0.03
2
0
0
0
0
0
SeriousEye
7
2
0.084569
-0.38146
-0.19923
0.898685
-0.94718
1
0.820437
0.084569
-0.38146
-0.19923
0.898685
-0.94718
1
0.820437
3
0.084569
-0.38146
-0.19923
0.898685
-0.94718
1
0.820437
0.084569
-0.38146
-0.19923
0.898685
-0.94718
1
0.820437
0.084569
-0.38146
-0.19923
0.898685
-0.94718
1
0.820437
3
0.084569
-0.38146
-0.19923
0.898685
-0.94718
1
0.820437
0.084569
-0.38146
-0.19923
0.898685
-0.94718
1
0.820437
0.084569
-0.38146
-0.19923
0.898685
-0.94718
1
0.820437
3
0.084569
-0.38146
-0.19923
0.898685
-0.94718
1
0.820437
0.084569
-0.38146
-0.19923
0.898685
-0.94718
1
0.820437
0.084569
-0.38146
-0.19923
0.898685
-0.94718
1
0.820437
2
0.084569
-0.38146
-0.19923
0.898685
-0.94718
1
0.820437
0.084569
-0.38146
-0.19923
0.898685
-0.94718
1
0.820437
2
-0.81556
-0.31768
0.290321
0.386838
-0.94718
1
0.820437
-0.81556
-0.31768
0.290321
0.386838
-0.94718
1
0.820437
2
0.084569
-0.38146
-0.19923
0.898685
-0.94718
1
0.820437
0.084569
-0.38146
-0.19923
0.898685
-0.94718
1
0.820437
