30
0.268376
0.349019
0.282353
0.207843
perk_sticky_web
false
0.806205
wolf
hawk
aranha
lobo
falcão
паук
волк
ястреб
spider
serigala
elang
araña
lobo
halcón
แมงมุม
หมาป่า
เหยี่ยว
lobo
волк
lobo
M
M
M
волк
false
Venom
Bug Meat
?
?
?
19
torso
False
False
False
False
False
0.121
0.091
0.131
0
0
0
-1
6
1
4
5
10
14
16
0
0
0
0
None
7
2
0.104528
0
0
0.994522
0
0
0
0.034899
0
0
0.99939
0
0.02
0
3
0.104528
0
0
0.994522
0
0
0
-0.06975
0
0
0.997564
0
0
0
-0.06975
0
0
0.997564
0
0
0
3
0.103749
0.121201
0.012738
0.987108
0
0
0
0.103749
0.121201
0.012738
0.987108
0
0
0
0.103241
-0.15557
-0.01635
0.982277
0
0
0
3
0.275637
0
0
0.961261
0
-0.22
-0.32
-0.15643
0
0
0.987688
0
0
0.52
-0.15643
0
0
0.987688
0
0
0.52
2
-0.15643
0
0
0.987688
0
0.42
0.12
-0.19936
0
0
0.979924
0
0.42
0.14
2
-0.99452
0
0
0.104528
0
-0.4
-0.28
-0.99452
0
0
0.104528
0
-0.42
-0.28
2
-0.24192
0
0
0.970295
0
0
0
-0.44619
0
0
0.894934
0
0
0
neck
False
False
False
True
False
0.080999
0.051
0.011
0
0
0.02
0
1
2
0
0
0
0
None
7
2
0
0
0
1
0
0.019438
1.000004
0
0
0
1
0
0.019438
1.000004
3
0
0
0
1
0
0.019438
1.000004
0
0
0
1
0
0.019438
1.000004
0
0
0
1
0
0.019438
1.000004
3
0
0
0
1
0
0.019438
1.000004
0
0
0
1
0
0.019438
1.000004
0
0
0
1
0
0.019438
1.000004
3
0
0
0
1
0
0.019438
1.000004
0
0
0
1
0
0.019438
1.000004
0
0
0
1
0
0.019438
1.000004
2
0
0
0
1
0
0.336929
0.99999
0
0
0
1
0
0.336929
0.99999
2
0
0
0
1
0
0.019438
1.000004
0
0
0
1
0
0.019438
1.000004
2
0
0
0
1
0
0.019438
1.000004
0
0
0
1
0
0.019438
1.000004
head
False
False
False
False
False
0.090999
0.080998
0.031
0
0
0
1
2
3
13
0
0
0
0
None
7
2
-0.05233
0
0
0.998629
0.013187
0.005518
1.000024
-0.05233
0
0
0.998629
0.013187
0.005518
1.000024
3
-0.05233
0
0
0.998629
0.013187
0.005518
1.000024
-0.05233
0
0
0.998629
0.013187
0.005518
1.000024
-0.05233
0
0
0.998629
0.013187
0.005518
1.000024
3
-0.05233
0
0
0.998629
0.013187
0.005518
1.000024
-0.05233
0
0
0.998629
0.013187
0.005518
1.000024
-0.05233
0
0
0.998629
0.013187
0.005518
1.000024
3
-0.05233
0
0
0.998629
0.013187
0.005518
1.000024
-0.05233
0
0
0.998629
0.013187
0.005518
1.000024
0.25038
0
0
0.968147
0.013187
0.005518
1.000024
2
0.078459
0
0
0.996917
0.013187
0.005518
1.000024
0.078459
0
0
0.996917
0.013187
0.005518
1.000024
2
-0.99862
0
0
-0.05233
0.013187
0.005518
1.000024
-0.99862
0
0
-0.05233
0.013187
0.005518
1.000024
2
-0.05233
0
0
0.998629
0.013187
0.005518
1.000024
-0.05233
0
0
0.998629
0.013187
0.005518
1.000024
eyes
True
True
False
True
False
0.059998
0.06
0.05
0
0
0.01
2
0
0
0
0
0
SeriousEye
7
2
-0.16363
-0.18478
-0.27864
0.928134
-0.79291
0.999991
0.960682
-0.16363
-0.18478
-0.27864
0.928134
-0.79291
0.999991
0.960682
3
-0.16363
-0.18478
-0.27864
0.928134
-0.79291
0.999991
0.960682
-0.16363
-0.18478
-0.27864
0.928134
-0.79291
0.999991
0.960682
-0.16363
-0.18478
-0.27864
0.928134
-0.79291
0.999991
0.960682
3
-0.16363
-0.18478
-0.27864
0.928134
-0.79291
0.999991
0.960682
-0.16363
-0.18478
-0.27864
0.928134
-0.79291
0.999991
0.960682
-0.16363
-0.18478
-0.27864
0.928134
-0.79291
0.999991
0.960682
3
-0.16363
-0.18478
-0.27864
0.928134
-0.79291
0.999991
0.960682
-0.16363
-0.18478
-0.27864
0.928134
-0.79291
0.999991
0.960682
-0.12299
-0.19675
-0.27032
0.934388
-0.79291
0.999991
0.960682
2
-0.16363
-0.18478
-0.27864
0.928134
-0.79291
0.999991
0.960682
-0.16363
-0.18478
-0.27864
0.928134
-0.79291
0.999991
0.960682
2
-0.16363
-0.18478
-0.27864
0.928134
-0.79291
0.999991
0.960682
-0.16363
-0.18478
-0.27864
0.928134
-0.79291
0.999991
0.960682
2
-0.16363
-0.18478
-0.27864
0.928134
-0.79291
0.999991
0.960682
-0.16363
-0.18478
-0.27864
0.928134
-0.79291
0.999991
0.960682
ex
False
True
True
False
False
0.031000
0.031000
0.091000
0
0
-0.06
0
1
6
0
1
-5
0
None
7
2
-0.45092
0.563704
-0.51856
0.458261
-0.99999
0.160308
0.845498
-0.42316
0.586915
-0.54144
0.428131
-0.99999
0.160308
0.845498
3
-0.45092
0.563704
-0.51856
0.458261
-1.00001
0.429668
0.583226
-0.51705
0.637884
-0.42399
0.382079
-0.99999
-0.05962
0.822182
-0.38331
0.598692
-0.51098
0.483244
-0.99999
-0.15198
0.658148
3
-0.4599
0.55562
-0.51061
0.468029
-0.99999
-0.05026
0.938959
-0.45092
0.563704
-0.51856
0.458261
-0.99999
0.316017
0.708003
-0.45092
0.563704
-0.51856
0.458261
-1.00001
-0.19936
0.556591
3
-0.45092
0.563704
-0.51856
0.458261
-0.99999
0.160308
0.845498
-0.53342
0.845317
0.023858
-0.01812
-0.99999
0.160308
0.845498
-0.63933
0.715482
0.207237
0.190753
-0.99999
-0.53971
0.839704
2
-0.56043
0.343369
-0.41646
0.628143
-0.99999
0.160308
0.845498
-0.56043
0.343369
-0.41646
0.628143
-0.99999
0.160308
0.845498
2
-0.45826
-0.51856
-0.5637
-0.45092
-0.99999
0.160308
0.845498
-0.45826
-0.51856
-0.5637
-0.45092
-0.99999
0.160308
0.845498
2
-0.49808
0.266277
-0.53557
-0.62782
-0.99999
0.160308
0.845498
-0.34614
0.19106
-0.57924
-0.71285
-0.99999
0.160308
0.845498
hip
False
True
True
False
False
0.021000
0.031000
0.071000
0
0
-0.09999
0
1
8
0
1
-5
0
None
7
2
-0.2262
0.342541
-0.79587
0.445056
-1
-0.0437
-0.38777
-0.17013
0.372752
-0.80971
0.420077
-1
-0.0437
-0.38777
3
-0.33368
0.536858
-0.6801
0.371346
-1
0.196147
-0.4146
-0.40359
0.666528
-0.55362
0.293854
-0.99999
-0.07239
-0.32843
-0.2262
0.342541
-0.79587
0.445056
-1
-0.43513
-0.54566
3
-0.2262
0.342541
-0.79587
0.445056
-1.00001
-0.28622
-0.25048
0.063229
0.674163
-0.65995
0.325531
-0.99999
0.662315
-0.38781
0.044396
0.694317
-0.67407
0.248155
-1.00001
-0.23402
-0.41073
3
-0.2262
0.342541
-0.79587
0.445056
-1
-0.0437
-0.38777
-0.2262
0.342541
-0.79587
0.445056
-1
-0.0437
-0.38777
-0.2262
0.342541
-0.79587
0.445056
-1
-0.0437
-0.38777
2
-0.42183
0.470759
-0.73425
0.247605
-1
-0.0437
-0.38777
-0.42183
0.470759
-0.73425
0.247605
-1
-0.0437
-0.38777
2
-0.44505
-0.79587
-0.34254
-0.2262
-1
-0.0437
-0.38777
-0.44505
-0.79587
-0.34254
-0.2262
-1
-0.0437
-0.38777
2
-0.2262
0.342541
-0.79587
0.445056
-1
-0.0437
-0.38777
-0.2262
0.342541
-0.79587
0.445056
-1
-0.0437
-0.38777
ex2
False
False
True
False
False
0.021
0.031
0.121
0
0
-0.08
4
1
7
1
2
1
0
None
7
2
-0.78943
0.115331
-0.06481
0.599408
0.189457
-0.09502
-0.99999
-0.78943
0.115331
-0.06481
0.599408
0.189457
-0.09502
-0.99999
3
-0.78943
0.115331
-0.06481
0.599408
0.189457
-0.09502
-0.99999
-0.78943
0.115331
-0.06481
0.599408
0.189457
-0.09502
-0.99999
-0.36795
0.065478
-0.11495
0.920382
0.189457
-0.09502
-0.99999
3
-0.69711
0.335537
-0.35371
0.525677
0.189457
-0.09502
-0.99999
-0.78943
0.115331
-0.06481
0.599408
0.189457
-0.09502
-0.99999
-0.77671
-0.05435
0.155298
0.607977
0.189457
-0.09502
-0.99999
3
-0.78943
0.115331
-0.06481
0.599408
0.189457
-0.09502
-0.99999
-0.98786
0.132092
0.007306
0.081372
0.189457
-0.09502
-0.99999
-0.94683
0.130542
-0.02145
0.293256
0.189457
-0.09502
-0.99999
2
-0.78943
0.115331
-0.06481
0.599408
0.189457
-0.09502
-0.99999
-0.78943
0.115331
-0.06481
0.599408
0.189457
-0.09502
-0.99999
2
-0.5994
-0.06481
-0.11533
-0.78943
0.189457
-0.09502
-0.99999
-0.5994
-0.06481
-0.11533
-0.78943
0.189457
-0.09502
-0.99999
2
-0.64243
0.247379
0.149562
-0.70972
0.189457
-0.09502
-0.99999
-0.2823
0.160993
0.240096
-0.91473
0.189457
-0.09502
-0.99999
ex3
False
False
True
False
False
0.031
0.031
0.031
0
-0.02
-0.02
6
0
0
1
-6
0
None
7
2
0
-0.13917
0
0.990268
0.147063
-0.57498
-0.99999
0
-0.13917
0
0.990268
0.147063
-0.57498
-0.99999
3
0
-0.13917
0
0.990268
0.147063
-0.57498
-0.99999
0
-0.13917
0
0.990268
0.147063
-0.57498
-0.99999
0
-0.13917
0
0.990268
0.147063
-0.57498
-0.99999
3
0
-0.13917
0
0.990268
0.147063
-0.57498
-0.99999
0
-0.13917
0
0.990268
0.147063
-0.57498
-0.99999
0
-0.13917
0
0.990268
0.147063
-0.57498
-0.99999
3
0
-0.13917
0
0.990268
0.147063
-0.57498
-0.99999
0
-0.13917
0
0.990268
0.147063
-0.57498
-0.99999
0
-0.13917
0
0.990268
0.147063
-0.57498
-0.99999
2
0
-0.13917
0
0.990268
0.147063
-0.57498
-0.99999
0
-0.13917
0
0.990268
0.147063
-0.57498
-0.99999
2
-0.99026
0
0.139173
0
0.147063
-0.57498
-0.99999
-0.99026
0
0.139173
0
0.147063
-0.57498
-0.99999
2
0
-0.13917
0
0.990268
0.147063
-0.57498
-0.99999
0
-0.13917
0
0.990268
0.147063
-0.57498
-0.99999
leg
False
False
True
False
False
0.031
0.031
0.271
0
0
-0.26
5
1
9
1
2
1
0
None
7
2
-0.44517
0.267277
-0.21693
0.826632
-0.99999
-0.92911
-0.9874
-0.44517
0.267277
-0.21693
0.826632
-0.99999
-0.92911
-0.9874
3
-0.61047
0.350365
-0.20745
0.679357
-0.99999
-0.92911
-0.9874
-0.66235
0.476884
-0.21339
0.536963
-0.99996
0.14015
-0.75307
-0.44517
0.267277
-0.21693
0.826632
-0.99999
-0.92911
-0.9874
3
-0.59472
0.30376
-0.16195
0.726501
-0.99999
-0.92911
-0.9874
-0.48055
0.08957
-0.11963
0.864138
-0.81051
-0.25094
-1
-0.64983
-0.02785
-0.03376
0.75881
-1.00002
-0.53113
-0.98714
3
-0.44517
0.267277
-0.21693
0.826632
-0.99999
-0.92911
-0.9874
-0.44517
0.267277
-0.21693
0.826632
-0.99999
-0.92911
-0.9874
-0.44517
0.267277
-0.21693
0.826632
-0.99999
-0.92911
-0.9874
2
-0.54462
-0.02933
-0.05903
0.836087
-0.99999
-0.92911
-0.9874
-0.54462
-0.02933
-0.05903
0.836087
-0.99999
-0.92911
-0.9874
2
-0.82663
-0.21693
-0.26727
-0.44517
-0.99999
-0.92911
-0.9874
-0.82663
-0.21693
-0.26727
-0.44517
-0.99999
-0.92911
-0.9874
2
-0.44517
0.267277
-0.21693
0.826632
-0.99999
-0.92911
-0.9874
-0.44517
0.267277
-0.21693
0.826632
-0.99999
-0.92911
-0.9874
foot
False
False
True
False
False
0.021
0.031
0.031
0
0
0
8
0
0
1
-6
0
None
7
2
0
0
0
1
0.13029
-0.13534
-1
0
0
0
1
0.13029
-0.13534
-1
3
0
0
0
1
0.13029
-0.13534
-1
0
0
0
1
0.13029
-0.13534
-1
0
0
0
1
0.13029
-0.13534
-1
3
0
0
0
1
0.13029
-0.13534
-1
0
0
0
1
0.13029
-0.13534
-1
0
0
0
1
0.13029
-0.13534
-1
3
0
0
0
1
0.13029
-0.13534
-1
0
0
0
1
0.13029
-0.13534
-1
0
0
0
1
0.13029
-0.13534
-1
2
0
0
0
1
0.13029
-0.13534
-1
0
0
0
1
0.13029
-0.13534
-1
2
-1
0
0
0
0.13029
-0.13534
-1
-1
0
0
0
0.13029
-0.13534
-1
2
0
0
0
1
0.13029
-0.13534
-1
0
0
0
1
0.13029
-0.13534
-1
shoulder
False
True
True
False
False
0.031
0.031
0.071000
0
0
-0.06
0
1
11
0
1
-5
0
None
7
2
0.128143
0.72235
-0.08972
0.673601
-1
-0.18513
0.018803
0.220643
0.702832
-0.18938
0.649211
-1
-0.18513
0.018803
3
0.128143
0.72235
-0.08972
0.673601
-1.00001
-0.38488
-0.15679
0.128143
0.72235
-0.08972
0.673601
-0.99999
0.137509
0.093269
0.128143
0.72235
-0.08972
0.673601
-1
-0.33534
0.067292
3
0.128143
0.72235
-0.08972
0.673601
-1
-0.18513
0.018803
0.460626
0.726886
-0.28626
0.421323
-1
-0.18513
0.018803
0.3508
0.648098
-0.33137
0.58915
-1
-0.18513
0.018803
3
0.128143
0.72235
-0.08972
0.673601
-1
-0.18513
0.018803
0.128143
0.72235
-0.08972
0.673601
-1
-0.18513
0.018803
0.128143
0.72235
-0.08972
0.673601
-1
-0.18513
0.018803
2
0.2709
0.685807
-0.24394
0.629898
-1
-0.18513
0.018803
0.2709
0.685807
-0.24394
0.629898
-1
-0.18513
0.018803
2
-0.6736
-0.08972
-0.72235
0.128143
-1
-0.18513
0.018803
-0.6736
-0.08972
-0.72235
0.128143
-1
-0.18513
0.018803
2
0.128143
0.72235
-0.08972
0.673601
-1
-0.18513
0.018803
0.128143
0.72235
-0.08972
0.673601
-1
-0.18513
0.018803
arm
False
False
True
False
False
0.031
0.031
0.201
0
0
-0.22
10
1
12
1
2
1
0
None
7
2
-0.16806
0.587884
0.302339
0.731257
-0.16136
1.000006
-0.92774
-0.16806
0.587884
0.302339
0.731257
-0.16136
1.000006
-0.92774
3
-0.23508
0.52673
0.365078
0.730758
-0.16136
1.000006
-0.92774
-0.43319
0.671225
0.319821
0.509428
-0.16136
1.000006
-0.92774
-0.37303
0.835242
0.196171
0.353174
-0.16136
1.000006
-0.92774
3
-0.10369
0.611998
0.249951
0.743122
-0.16136
1.000006
-0.92774
-0.31642
0.512177
0.41796
0.680335
-0.30614
0.999995
-0.98392
-0.60416
0.37644
0.474868
0.517476
-0.16136
1.000006
-0.92774
3
-0.16806
0.587884
0.302339
0.731257
-0.16136
1.000006
-0.92774
-0.16806
0.587884
0.302339
0.731257
-0.16136
1.000006
-0.92774
-0.16806
0.587884
0.302339
0.731257
-0.16136
1.000006
-0.92774
2
-0.40402
0.416116
0.480691
0.657683
-0.16136
1.000006
-0.92774
-0.40402
0.416116
0.480691
0.657683
-0.16136
1.000006
-0.92774
2
-0.73125
0.302339
-0.58788
-0.16806
-0.16136
1.000006
-0.92774
-0.73125
0.302339
-0.58788
-0.16806
-0.16136
1.000006
-0.92774
2
-0.16806
0.587884
0.302339
0.731257
-0.16136
1.000006
-0.92774
-0.16806
0.587884
0.302339
0.731257
-0.16136
1.000006
-0.92774
hand
False
False
True
False
False
0.031
0.031
0.031
0
-0.02
0
11
0
0
1
-6
0
None
7
2
0
0
0
1
-0.01456
0.583813
-1
0
0
0
1
-0.01456
0.583813
-1
3
0
0
0
1
-0.01456
0.583813
-1
0
0
0
1
-0.01456
0.583813
-1
0
0
0
1
-0.01456
0.583813
-1
3
0
0
0
1
-0.01456
0.583813
-1
0
0
0
1
-0.01456
0.583813
-1
0
0
0
1
-0.01456
0.583813
-1
3
0
0
0
1
-0.01456
0.583813
-1
0
0
0
1
-0.01456
0.583813
-1
0
0
0
1
-0.01456
0.583813
-1
2
0
0
0
1
-0.01456
0.583813
-1
0
0
0
1
-0.01456
0.583813
-1
2
-1
0
0
0
-0.01456
0.583813
-1
-1
0
0
0
-0.01456
0.583813
-1
2
0
0
0
1
-0.01456
0.583813
-1
0
0
0
1
-0.01456
0.583813
-1
chomper
False
True
False
False
False
0.041
0.081
0.041
0
-0.04
0
2
0
0
0
-6
0
None
7
2
0.051945
-0.1217
-0.00637
0.991185
-0.54159
-0.22334
1.00001
0.051945
-0.1217
-0.00637
0.991185
-0.54159
-0.22334
1.00001
3
0.051945
-0.1217
-0.00637
0.991185
-0.54159
-0.22334
1.00001
0.051945
-0.1217
-0.00637
0.991185
-0.54159
-0.22334
1.00001
0.051945
-0.1217
-0.00637
0.991185
-0.54159
-0.22334
1.00001
3
0.051945
-0.1217
-0.00637
0.991185
-0.54159
-0.22334
1.00001
0.051945
-0.1217
-0.00637
0.991185
-0.54159
-0.22334
1.00001
0.051945
-0.1217
-0.00637
0.991185
-0.54159
-0.22334
1.00001
3
0.051945
-0.1217
-0.00637
0.991185
-0.54159
-0.22334
1.00001
-0.52596
-0.09603
-0.07503
0.841726
-0.54159
-0.22334
1.00001
-0.52596
-0.09603
-0.07503
0.841726
-0.54159
-0.22334
1.00001
2
0.051945
-0.1217
-0.00637
0.991185
-0.54159
-0.22334
1.00001
0.051945
-0.1217
-0.00637
0.991185
-0.54159
-0.22334
1.00001
2
-0.99118
-0.00637
0.121702
0.051946
-0.54159
-0.22334
1.00001
-0.99118
-0.00637
0.121702
0.051946
-0.54159
-0.22334
1.00001
2
0.051945
-0.1217
-0.00637
0.991185
-0.54159
-0.22334
1.00001
0.051945
-0.1217
-0.00637
0.991185
-0.54159
-0.22334
1.00001
assextender
False
False
False
True
False
0.061
0.041
0.041
0
0
-0.04
0
1
15
0
0
0
0
None
7
2
0
0
0
1
-0.12002
0.051536
-0.99999
0
0
0
1
-0.12002
0.051536
-0.99999
3
0
0
0
1
-0.12002
0.051536
-0.99999
0
0
0
1
-0.12002
0.051536
-0.99999
0
0
0
1
-0.12002
0.051536
-0.99999
3
0
0
0
1
-0.12002
0.051536
-0.99999
0
0
0
1
-0.12002
0.051536
-0.99999
0
0
0
1
-0.12002
0.051536
-0.99999
3
0
0
0
1
-0.12002
0.051536
-0.99999
0
0
0
1
-0.12002
0.051536
-0.99999
0
0
0
1
-0.12002
0.051536
-0.99999
2
-0.34202
0
0
0.939692
-0.12007
-0.31759
-1
-0.34202
0
0
0.939692
-0.12007
-0.31759
-1
2
0
0
0
1
-0.12002
0.051536
-0.99999
0
0
0
1
-0.12002
0.051536
-0.99999
2
0
0
0
1
-0.12002
0.051536
-0.99999
0
0
0
1
-0.12002
0.051536
-0.99999
bigass
False
False
False
False
False
0.161
0.131
0.211
0
0
-0.18
14
0
0
0
0
0
None
7
2
-0.05232
-0.00451
-0.01685
0.998477
0.121413
-0.65343
-1
-0.05232
-0.00451
-0.01685
0.998477
0.121413
-0.65343
-1
3
-0.05232
-0.00451
-0.01685
0.998477
0.121413
-0.65343
-1
-0.05232
-0.00451
-0.01685
0.998477
0.121413
-0.65343
-1
-0.05232
-0.00451
-0.01685
0.998477
0.121413
-0.65343
-1
3
-0.05232
-0.00451
-0.01685
0.998477
0.121413
-0.65343
-1
-0.05232
-0.00451
-0.01685
0.998477
0.121413
-0.65343
-1
-0.05232
-0.00451
-0.01685
0.998477
0.121413
-0.65343
-1
3
0.453921
-0.01234
-0.01234
0.89087
0.121413
-0.65343
-1
-0.09583
-0.00377
-0.01703
0.995244
0.121413
-0.65343
-1
-0.09583
-0.00377
-0.01703
0.995244
0.121413
-0.65343
-1
2
-0.98613
0.01548
-0.00805
0.165022
0.121413
-0.65343
-1
-0.98613
0.01548
-0.00805
0.165022
0.121413
-0.65343
-1
2
-0.99847
-0.01685
0.004517
-0.05232
0.121413
-0.65343
-1
-0.99847
-0.01685
0.004517
-0.05232
0.121413
-0.65343
-1
2
-0.05232
-0.00451
-0.01685
0.998477
0.121413
-0.65343
-1
-0.05232
-0.00451
-0.01685
0.998477
0.121413
-0.65343
-1
spiderarm
False
True
False
False
False
0.031
0.031
0.090998
0
0
0
0
1
17
0
0
0
0
None
7
2
-0.25678
-0.39751
-0.11537
0.873345
-0.83074
-0.14258
1
-0.25678
-0.39751
-0.11537
0.873345
-0.83075
0.369391
0.999999
3
-0.25678
-0.39751
-0.11537
0.873345
-0.83074
-0.14258
1
-0.25678
-0.39751
-0.11537
0.873345
-0.83074
-0.14258
1
-0.25678
-0.39751
-0.11537
0.873345
-0.83074
-0.14258
1
3
-0.25678
-0.39751
-0.11537
0.873345
-0.83074
-0.14258
1
-0.25678
-0.39751
-0.11537
0.873345
-0.83074
-0.14258
1
-0.25678
-0.39751
-0.11537
0.873345
-0.83074
-0.14258
1
3
-0.25678
-0.39751
-0.11537
0.873345
-0.83074
-0.14258
1
-0.25678
-0.39751
-0.11537
0.873345
-0.83074
-0.14258
1
0.057399
-0.41299
0.027543
0.908503
-1
-0.6765
0.639613
2
0.136362
-0.40902
0.063433
0.900043
-0.83067
-0.7072
1.000006
0.136362
-0.40902
0.063433
0.900043
-0.83067
-0.7072
1.000006
2
-0.87334
-0.11537
0.397512
-0.25678
-0.83074
-0.14258
1
-0.87334
-0.11537
0.397512
-0.25678
-0.83074
-0.14258
1
2
-0.25678
-0.39751
-0.11537
0.873345
-0.83074
-0.14258
1
-0.25678
-0.39751
-0.11537
0.873345
-0.83074
-0.14258
1
spiderarmext
False
False
False
True
False
0.031
0.131
0.031
0
-0.09999
0
16
1
18
0
2
-3
0
None
7
2
0.15641
0.017237
-0.00273
0.987537
0
-0.17957
0.999995
-0.12185
0.017322
0.002126
0.992395
0
0.066585
0.999997
3
0.15641
0.017237
-0.00273
0.987537
0
-0.17957
0.999995
0.15641
0.017237
-0.00273
0.987537
0
-0.17957
0.999995
0.15641
0.017237
-0.00273
0.987537
0
-0.17957
0.999995
3
0.15641
0.017237
-0.00273
0.987537
0
-0.17957
0.999995
0.15641
0.017237
-0.00273
0.987537
0
-0.17957
0.999995
0.15641
0.017237
-0.00273
0.987537
0
-0.17957
0.999995
3
0.15641
0.017237
-0.00273
0.987537
0
-0.17957
0.999995
-0.59435
0.193643
0.534617
0.568712
0
-0.17957
0.999995
-0.54611
-0.06039
-0.07185
0.832435
0
-0.17957
0.999995
2
-0.35831
0.016293
0.006254
0.933438
0
-0.17957
0.999995
-0.35831
0.016293
0.006254
0.933438
0
-0.17957
0.999995
2
0.15641
0.017237
-0.00273
0.987537
0
-0.17957
0.999995
0.15641
0.017237
-0.00273
0.987537
0
-0.17957
0.999995
2
0.15641
0.017237
-0.00273
0.987537
0
-0.17957
0.999995
0.15641
0.017237
-0.00273
0.987537
0
-0.17957
0.999995
spiderfist
False
False
False
True
False
0.050998
0.041
0.031
0
0
-0.02
17
0
0
0
-5
0
None
7
2
0
0
0
1
0.364283
-0.67536
-0.99999
0
0
0
1
0.364283
-0.67536
-0.99999
3
0
0
0
1
0.364283
-0.67536
-0.99999
0
0
0
1
0.364283
-0.67536
-0.99999
0
0
0
1
0.364283
-0.67536
-0.99999
3
0
0
0
1
0.364283
-0.67536
-0.99999
0
0
0
1
0.364283
-0.67536
-0.99999
0
0
0
1
0.364283
-0.67536
-0.99999
3
0
0
0
1
0.364283
-0.67536
-0.99999
0
0
0
1
0.364283
-0.67536
-0.99999
0
0
0
1
0.364283
-0.67536
-0.99999
2
0
0
0
1
0.364283
-0.67536
-0.99999
0
0
0
1
0.364283
-0.67536
-0.99999
2
0
0
0
1
0.364283
-0.67536
-0.99999
0
0
0
1
0.364283
-0.67536
-0.99999
2
0
0
0
1
0.364283
-0.67536
-0.99999
0
0
0
1
0.364283
-0.67536
-0.99999
