30
0.324044
0.498039
0.364705
0.282353
perk_shrink
false
0.099026
fluffy
nutbunny
esquilo
fofo
coelho-de-nozes
белка
пушистый
ореховый-кролик
tupai
halus
kacang-kelinci
ardilla
esponjoso
conejito-de-nueces
กระรอก
ปุย 
นัทกระต่าย
fofa
пушистая
esponjosa
M
M
M
пушистoe
false
Fur
Uncooked Meat
Bones
?
?
17
torso
False
False
False
False
False
0.111
0.131
0.131
0
0
0
-1
4
1
5
6
7
0
0
0
0
None
7
2
-0.13917
0
0
0.990268
0
0
0
-0.22495
0
0
0.97437
0
0
0
3
-0.13917
0
0
0.990268
0
0
0
-0.17364
0
0
0.984807
0
0
0
-0.13917
0
0
0.990268
0
0
0
3
-0.13841
0.103511
-0.01454
0.984843
0
0
0
-0.25881
0
0
0.965925
0
0
0
-0.13661
-0.18895
0.026555
0.972074
0
0
0
3
0.165047
0
0
0.986285
0
-0.14
-0.16
0.078459
0
0
0.996917
0
0
0.32
-0.05233
0
0
0.998629
0
0
0.32
2
-0.26723
0
0
0.96363
0
0.22
0.14
-0.30901
0
0
0.951056
0
0.22
0.14
2
-0.99691
0
0
0.078459
0
-0.4
-0.31999
-0.99691
0
0
0.078459
0
-0.42
-0.31999
2
-0.30901
0
0
0.951056
0
0
0
-0.46947
0
0
0.882947
0
0
0
neck
False
False
False
True
False
0.080999
0.081
0.141
0
0
0
0
1
2
0
0
0
0
None
7
2
-0.25881
0
0
0.965925
0
0.439558
0.999992
-0.25881
0
0
0.965925
0
0.323577
1.000001
3
-0.25881
0
0
0.965925
0
0.439558
0.999992
-0.25881
0
0
0.965925
0
0.439558
0.999992
-0.25881
0
0
0.965925
0
0.439558
0.999992
3
-0.25881
0
0
0.965925
0
0.439558
0.999992
-0.25881
0
0
0.965925
0
0.439558
0.999992
-0.25881
0
0
0.965925
0
0.439558
0.999992
3
-0.25881
0
0
0.965925
0
0.0267
1.000004
0.043619
0
0
0.999048
0
0.439558
0.999992
0.043619
0
0
0.999048
0
0.439558
0.999992
2
-0.25881
0
0
0.965925
0
0.439558
0.999992
-0.25881
0
0
0.965925
0
0.439558
0.999992
2
-0.08715
0
0
0.996194
0
0.439558
0.999992
-0.08715
0
0
0.996194
0
0.439558
0.999992
2
-0.25881
0
0
0.965925
0
0.439558
0.999992
-0.25881
0
0
0.965925
0
0.439558
0.999992
head
False
False
False
False
False
0.101
0.090999
0.090999
0
0
0
1
4
3
4
12
14
0
0
0
0
None
7
2
0.069756
0
0
0.997564
0
-0.02349
1.000006
-0.03489
0
0
0.99939
0
0.03118
1.000004
3
0.069756
0
0
0.997564
0
-0.02349
1.000006
0.069756
0
0
0.997564
0
-0.02349
1.000006
0.069756
0
0
0.997564
0
-0.02349
1.000006
3
0.069756
0
0
0.997564
0
-0.02349
1.000006
0.069756
0
0
0.997564
0
-0.02349
1.000006
0.069756
0
0
0.997564
0
-0.02349
1.000006
3
0.484809
0
0
0.874619
0
-0.02349
1.000006
0.446198
0
0
0.894934
0
-0.02349
1.000006
-0.10452
0
0
0.994522
0
0.377198
0.999998
2
0.113203
0
0
0.993571
0
-0.57133
0.999999
0.113203
0
0
0.993571
0
-0.57133
0.999999
2
-0.91354
0
0
0.406736
0
-0.02349
1.000006
-0.91354
0
0
0.406736
0
-0.02349
1.000006
2
0.069756
0
0
0.997564
0
-0.02349
1.000006
0.069756
0
0
0.997564
0
-0.02349
1.000006
snout
False
False
False
True
False
0.051
0.041
0.021
0
0
0.02
2
2
15
16
0
2
-5
0
None
7
2
0.017388
-0.00233
0
0.999845
0.026194
-0.56612
0.999999
0.017388
-0.00233
0
0.999845
0.026194
-0.56612
0.999999
3
0.017388
-0.00233
0
0.999845
0.026194
-0.56612
0.999999
0.017388
-0.00233
0
0.999845
0.026194
-0.56612
0.999999
0.017388
-0.00233
0
0.999845
0.026194
-0.56612
0.999999
3
0.017388
-0.00233
0
0.999845
0.026194
-0.56612
0.999999
0.017388
-0.00233
0
0.999845
0.026194
-0.56612
0.999999
0.017388
-0.00233
0
0.999845
0.026194
-0.56612
0.999999
3
0.017388
-0.00233
0
0.999845
0.026194
-0.56612
0.999999
0.017388
-0.00233
0
0.999845
0.026194
-0.56612
0.999999
0.017388
-0.00233
0
0.999845
0.026194
-0.56612
0.999999
2
0.017388
-0.00233
0
0.999845
0.026194
-0.56612
0.999999
0.017388
-0.00233
0
0.999845
0.026194
-0.56612
0.999999
2
0.017388
-0.00233
0
0.999845
0.026194
-0.56612
0.999999
0.017388
-0.00233
0
0.999845
0.026194
-0.56612
0.999999
2
0.017388
-0.00233
0
0.999845
0.026194
-0.56612
0.999999
0.017388
-0.00233
0
0.999845
0.026194
-0.56612
0.999999
eyes
True
True
False
True
False
0.079999
0.08
0.05
0
0
0.01
2
0
0
0
0
0
DerpyEye
7
2
-0.03463
-0.12179
0.004253
0.991941
-0.8284
0.134037
1.000002
-0.03463
-0.12179
0.004253
0.991941
-0.82838
0.105363
0.999997
3
-0.03463
-0.12179
0.004253
0.991941
-0.8284
0.134037
1.000002
-0.03463
-0.12179
0.004253
0.991941
-0.8284
0.134037
1.000002
-0.03463
-0.12179
0.004253
0.991941
-0.8284
0.134037
1.000002
3
-0.03463
-0.12179
0.004253
0.991941
-0.8284
0.134037
1.000002
-0.03463
-0.12179
0.004253
0.991941
-0.8284
0.134037
1.000002
-0.03463
-0.12179
0.004253
0.991941
-0.8284
0.134037
1.000002
3
-0.03463
-0.12179
0.004253
0.991941
-0.8284
0.134037
1.000002
-0.03463
-0.12179
0.004253
0.991941
-0.8284
0.134037
1.000002
-0.03463
-0.12179
0.004253
0.991941
-0.8284
0.134037
1.000002
2
-0.03463
-0.12179
0.004253
0.991941
-0.8284
0.134037
1.000002
-0.03463
-0.12179
0.004253
0.991941
-0.8284
0.134037
1.000002
2
-0.03463
-0.12179
0.004253
0.991941
-0.8284
0.134037
1.000002
-0.03463
-0.12179
0.004253
0.991941
-0.8284
0.134037
1.000002
2
-0.03463
-0.12179
0.004253
0.991941
-0.8284
0.134037
1.000002
-0.03463
-0.12179
0.004253
0.991941
-0.8284
0.134037
1.000002
shoulder
False
True
False
False
False
0.031
0.051
0.091
0
0
0
0
1
8
0
2
-5
0
None
7
2
-0.79863
0
0
0.601815
-1
-0.46371
0.636011
-0.79863
0
0
0.601815
-1
-0.46371
0.636011
3
-0.73135
0
0
0.681998
-1
-0.46371
0.636011
-0.65605
0
0
0.754709
-1
-0.46371
0.636011
-0.86602
0
0
0.5
-1
-0.46371
0.636011
3
-0.78118
0.125124
-0.16604
0.588664
-1
-0.42887
0.635993
-0.79863
0
0
0.601815
-1
-0.25314
0.63598
-0.79086
-0.08375
0.111148
0.595958
-1
-0.46371
0.636011
3
-0.46947
0
0
0.882947
-1
-0.46371
0.636011
-0.79863
0
0
0.601815
-1
-0.46371
0.636011
-0.79863
0
0
0.601815
-1
-0.46371
0.636011
2
-0.76502
-0.08302
0.100717
0.630636
-0.51932
-0.99999
0.873447
-0.76502
-0.08302
0.100717
0.630636
-0.51932
-0.99999
0.873447
2
-0.7604
0
0
-0.64944
-1
-0.46371
0.636011
-0.7604
0
0
-0.64944
-1
-0.46371
0.636011
2
-0.52186
0.147262
0.092019
-0.83516
-1
0.101354
0.669011
-0.28793
0.118427
0.126998
-0.94177
-1
0.393691
0.444711
hip
False
True
True
False
False
0.051
0.081000
0.101
0
0
0
0
1
10
0
2
-5
0
None
7
2
-0.55919
0
0
0.829037
-1
-0.54598
-0.71996
-0.55919
0
0
0.829037
-1
-0.40035
-0.91989
3
-0.55919
0
0
0.829037
-0.99999
-0.63614
-0.98002
-0.66913
0
0
0.743144
-1
-0.42829
-0.73019
-0.77714
0
0
0.62932
-0.99999
-0.64626
-0.41975
3
-0.6861
0.14291
-0.06362
0.710483
-1
-0.74427
-0.6056
-0.64268
0.015409
-0.00819
0.765927
-1
-0.35058
-0.77789
-0.55069
-0.14396
0.097102
0.816442
-0.9573
-0.88662
-1
3
-0.55919
0
0
0.829037
-1
-0.54598
-0.71996
-0.44619
0
0
0.894934
-1
-0.54598
-0.71996
-0.44619
0
0
0.894934
-1
-0.59002
-0.71996
2
-0.98525
0.012882
-0.08619
0.147246
-1
-0.54598
-0.71996
-0.98525
0.012882
-0.08619
0.147246
-1
-0.54598
-0.71996
2
-0.93041
0
0
-0.3665
-1
-0.54598
-0.71996
-0.93041
0
0
-0.3665
-1
-0.54598
-0.71996
2
-0.55919
0
0
0.829037
-1
-0.54598
-0.71996
-0.55919
0
0
0.829037
-1
-0.54598
-0.71996
tail
False
False
False
False
False
0.101
0.111
0.251
0
0.06
0.04
0
1
13
0
4
-6
0
None
7
2
-0.60181
0
0
0.798635
0.073588
1.000007
-0.84152
-0.60181
0
0
0.798635
0.073588
1.000007
-0.84152
3
-0.60181
0
0
0.798635
0.073588
1.000007
-0.84152
-0.9205
0
0
0.390731
0.073588
1.000007
-0.84152
-0.60181
0
0
0.798635
0.073588
1.000007
-0.84152
3
-0.60181
0
0
0.798635
0.073588
1.000007
-0.84152
-0.60181
0
0
0.798635
0.073588
1.000007
-0.84152
-0.60181
0
0
0.798635
0.073588
1.000007
-0.84152
3
-0.60181
0
0
0.798635
0.073588
1.000007
-0.84152
-0.60181
0
0
0.798635
0.073588
1.000007
-0.84152
-0.60181
0
0
0.798635
0.073588
1.000007
-0.84152
2
-0.60181
0
0
0.798635
0.073588
1.000007
-0.84152
-0.60181
0
0
0.798635
0.073588
1.000007
-0.84152
2
-0.26723
0
0
-0.96363
0.087398
0.800695
-1
-0.26723
0
0
-0.96363
0.087398
0.800695
-1
2
-0.60181
0
0
0.798635
0.073588
1.000007
-0.84152
-0.60181
0
0
0.798635
0.073588
1.000007
-0.84152
arm
False
False
False
False
False
0.031
0.041
0.061
0
0
0
5
1
9
0
0
0
0
None
7
2
-0.9063
0
0
0.422618
0.123267
-0.36356
-0.99999
-0.82903
0
0
0.559192
0.319185
-0.07845
-0.99999
3
-0.9063
0
0
0.422618
0.123267
-0.36356
-0.99999
-0.9063
0
0
0.422618
0.123267
-0.36356
-0.99999
-0.9063
0
0
0.422618
0.123267
-0.36356
-0.99999
3
-0.87542
0.109381
-0.23456
0.408217
0.123267
-0.36356
-0.99999
-0.9063
0
0
0.422618
0.123266
-0.38314
-0.99999
-0.88307
-0.09506
0.203874
0.411786
0.507095
-0.46844
-1.00002
3
-0.9063
0
0
0.422618
0.123267
-0.36356
-0.99999
-0.9063
0
0
0.422618
0.123267
-0.36356
-0.99999
-0.9063
0
0
0.422618
0.123267
-0.36356
-0.99999
2
-0.9063
0
0
0.422618
0.123267
-0.36356
-0.99999
-0.9063
0
0
0.422618
0.123267
-0.36356
-0.99999
2
-0.60876
0
0
-0.79335
0.123267
-0.36356
-0.99999
-0.60876
0
0
-0.79335
0.123267
-0.36356
-0.99999
2
-0.48296
0.224143
0.129409
-0.83651
0.123267
-0.36356
-0.99999
-0.12607
0.157559
0.205334
-0.95766
0.123261
-0.17219
-1
hand
False
False
False
False
False
0.041
0.031
0.031
0
-0.02
0
8
0
0
2
-6
0
None
7
2
0.374606
0
0
0.927183
0.191485
-0.51756
-1.00001
0.374606
0
0
0.927183
0.191485
-0.51756
-1.00001
3
0.374606
0
0
0.927183
0.191485
-0.51756
-1.00001
0.374606
0
0
0.927183
0.191485
-0.51756
-1.00001
0.374606
0
0
0.927183
0.191485
-0.51756
-1.00001
3
0.374606
0
0
0.927183
0.191485
-0.51756
-1.00001
0.374606
0
0
0.927183
0.191485
-0.51756
-1.00001
0.374606
0
0
0.927183
0.191485
-0.51756
-1.00001
3
0.374606
0
0
0.927183
0.191485
-0.51756
-1.00001
0.374606
0
0
0.927183
0.191485
-0.51756
-1.00001
0.374606
0
0
0.927183
0.191485
-0.51756
-1.00001
2
0.374606
0
0
0.927183
0.191485
-0.51756
-1.00001
0.374606
0
0
0.927183
0.191485
-0.51756
-1.00001
2
-0.82412
0
0
0.566406
0.191485
-0.51756
-1.00001
-0.82412
0
0
0.566406
0.191485
-0.51756
-1.00001
2
0.956304
0
0
-0.29237
0.19151
-0.30419
-0.99999
0.956304
0
0
-0.29237
0.19151
-0.30419
-0.99999
leg
False
False
True
False
False
0.031
0.041
0.070999
0
0
-0.06
6
1
11
0
0
0
0
None
7
2
-0.86602
0
0
0.5
0.172207
0.582535
-1.00001
-0.86602
0
0
0.5
0.172207
0.582535
-1.00001
3
-0.68199
0
0
0.731353
0.172207
0.582535
-1.00001
-0.57357
0
0
0.819152
0.172209
0.188327
-0.99999
-0.891
0
0
0.45399
0.172223
0.047205
-0.99999
3
-0.84863
0.117286
-0.21158
0.470408
0.172207
0.582535
-1.00001
-0.86602
0
0
0.5
0.172207
0.582535
-1.00001
-0.85286
-0.08682
0.150383
0.492404
0.172207
0.582535
-1.00001
3
-0.86602
0
0
0.5
0.172207
0.582535
-1.00001
-0.53729
0
0
0.843391
0.172207
0.582535
-1.00001
-0.53729
0
0
0.843391
0.172207
0.582535
-1.00001
2
-0.98387
0.007574
-0.17348
0.042956
0.172207
0.582535
-1.00001
-0.98387
0.007574
-0.17348
0.042956
0.172207
0.582535
-1.00001
2
-0.67559
0
0
-0.73727
0.172207
0.582535
-1.00001
-0.67559
0
0
-0.73727
0.172207
0.582535
-1.00001
2
-0.86602
0
0
0.5
0.172207
0.582535
-1.00001
-0.86602
0
0
0.5
0.172207
0.582535
-1.00001
foot
False
False
True
False
False
0.041
0.031
0.091
0
0
0.04
10
0
0
2
-5
0
None
7
2
0
-0.15643
0
0.987688
0.328644
0.551306
-0.99999
0
-0.15643
0
0.987688
0.328644
0.551306
-0.99999
3
0
-0.15643
0
0.987688
0.328703
0.021066
-0.99999
0
-0.15643
0
0.987688
0.328711
-0.53155
-1
0
-0.15643
0
0.987688
0.328644
0.551306
-0.99999
3
0
-0.15643
0
0.987688
0.328644
0.551306
-0.99999
0
-0.15643
0
0.987688
0.328644
0.551306
-0.99999
0
-0.15643
0
0.987688
0.328644
0.551306
-0.99999
3
0
-0.15643
0
0.987688
0.328644
0.551306
-0.99999
0
-0.15643
0
0.987688
0.328644
0.551306
-0.99999
0
-0.15643
0
0.987688
0.328644
0.551306
-0.99999
2
-0.60126
-0.1241
-0.09523
0.783585
0.328644
0.551306
-0.99999
-0.60126
-0.1241
-0.09523
0.783585
0.328644
0.551306
-0.99999
2
-0.96427
-0.03385
0.152726
0.213775
0.328644
0.551306
-0.99999
-0.96427
-0.03385
0.152726
0.213775
0.328644
0.551306
-0.99999
2
0
-0.15643
0
0.987688
0.328644
0.551306
-0.99999
0
-0.15643
0
0.987688
0.328644
0.551306
-0.99999
ear
False
True
False
True
True
0.061
0.041
0.011
-0.02
0
0
2
0
0
2
-4
0
None
7
2
0.3377
-0.13229
-0.43453
0.824398
-0.69825
1.000007
-0.53034
0.3377
-0.13229
-0.43453
0.824398
-0.69825
1.000007
-0.53034
3
0.3377
-0.13229
-0.43453
0.824398
-0.69825
1.000007
-0.53034
0.3377
-0.13229
-0.43453
0.824398
-0.69825
1.000007
-0.53034
0.3377
-0.13229
-0.43453
0.824398
-0.69825
1.000007
-0.53034
3
0.3377
-0.13229
-0.43453
0.824398
-0.69825
1.000007
-0.53034
0.3377
-0.13229
-0.43453
0.824398
-0.69825
1.000007
-0.53034
0.3377
-0.13229
-0.43453
0.824398
-0.69825
1.000007
-0.53034
3
0.3377
-0.13229
-0.43453
0.824398
-0.69825
1.000007
-0.53034
0.3377
-0.13229
-0.43453
0.824398
-0.69825
1.000007
-0.53034
0.3377
-0.13229
-0.43453
0.824398
-0.69825
1.000007
-0.53034
2
0.3377
-0.13229
-0.43453
0.824398
-0.69825
1.000007
-0.53034
0.3377
-0.13229
-0.43453
0.824398
-0.69825
1.000007
-0.53034
2
0.3377
-0.13229
-0.43453
0.824398
-0.69825
1.000007
-0.53034
0.3377
-0.13229
-0.43453
0.824398
-0.69825
1.000007
-0.53034
2
0.3377
-0.13229
-0.43453
0.824398
-0.69825
1.000007
-0.53034
0.3377
-0.13229
-0.43453
0.824398
-0.69825
1.000007
-0.53034
tailext
False
False
False
True
False
0.131
0.151
0.151
0
0
0
7
0
0
4
-6
0
None
7
2
0
0
0
1
0
1
0.58686
0
0
0
1
0
1
0.58686
3
0
0
0
1
0
1
0.58686
0
0
0
1
0
1
0.58686
0
0
0
1
0
1
0.58686
3
0
0
0
1
0
1
0.58686
0
0
0
1
0
1
0.58686
0
0
0
1
0
1
0.58686
3
0
0
0
1
0
1
0.58686
0
0
0
1
0
1
0.58686
0
0
0
1
0
1
0.58686
2
0
0
0
1
0
1
0.58686
0
0
0
1
0
1
0.58686
2
0
0
0
1
0
1
0.58686
0
0
0
1
0
1
0.58686
2
0
0
0
1
0
1
0.58686
0
0
0
1
0
1
0.58686
cheeks
False
True
False
True
False
0.090999
0.070999
0.070999
0
0
0
2
0
0
0
0
0
None
7
2
0
0
0
1
-0.99999
-0.44166
0.029041
0
0
0
1
-0.99999
-0.44166
0.029041
3
0
0
0
1
-0.99999
-0.44166
0.029041
0
0
0
1
-0.99999
-0.44166
0.029041
0
0
0
1
-0.99999
-0.44166
0.029041
3
0
0
0
1
-0.99999
-0.44166
0.029041
0
0
0
1
-0.99999
-0.44166
0.029041
0
0
0
1
-0.99999
-0.44166
0.029041
3
0
0
0
1
-0.99999
-0.44166
0.029041
0
0
0
1
-0.99999
-0.44166
0.029041
0
0
0
1
-0.99999
-0.44166
0.029041
2
0
0
0
1
-0.99999
-0.44166
0.029041
0
0
0
1
-0.99999
-0.44166
0.029041
2
0
0
0
1
-0.99999
-0.44166
0.029041
0
0
0
1
-0.99999
-0.44166
0.029041
2
0
0
0
1
-0.99999
-0.44166
0.029041
0
0
0
1
-0.99999
-0.44166
0.029041
mouth
True
False
False
True
False
0.06
0.05
0.05
0
0
0.01
3
0
0
0
0
0
CuteMouth
7
2
0
0
0
1
-0.29918
-0.24922
1.000033
0
0
0
1
-0.29918
-0.24922
1.000033
3
0
0
0
1
-0.29918
-0.24922
1.000033
0
0
0
1
-0.29918
-0.24922
1.000033
0
0
0
1
-0.29918
-0.24922
1.000033
3
0
0
0
1
-0.29918
-0.24922
1.000033
0
0
0
1
-0.29918
-0.24922
1.000033
0
0
0
1
-0.29918
-0.24922
1.000033
3
0
0
0
1
-0.29918
-0.24922
1.000033
0
0
0
1
-0.29918
-0.24922
1.000033
0
0
0
1
-0.29918
-0.24922
1.000033
2
0
0
0
1
-0.29918
-0.24922
1.000033
0
0
0
1
-0.29918
-0.24922
1.000033
2
0
0
0
1
-0.29918
-0.24922
1.000033
0
0
0
1
-0.29918
-0.24922
1.000033
2
0
0
0
1
-0.29918
-0.24922
1.000033
0
0
0
1
-0.29918
-0.24922
1.000033
snouttip
False
False
False
True
False
0.021
0.011
0.011
0
0
0
3
0
0
0
-10
0
None
7
2
-0.08715
0
0
0.996194
0
0.806916
0.999983
-0.08715
0
0
0.996194
0
0.806916
0.999983
3
-0.08715
0
0
0.996194
0
0.806916
0.999983
-0.08715
0
0
0.996194
0
0.806916
0.999983
-0.08715
0
0
0.996194
0
0.806916
0.999983
3
-0.08715
0
0
0.996194
0
0.806916
0.999983
-0.08715
0
0
0.996194
0
0.806916
0.999983
-0.08715
0
0
0.996194
0
0.806916
0.999983
3
-0.08715
0
0
0.996194
0
0.806916
0.999983
-0.08715
0
0
0.996194
0
0.806916
0.999983
-0.08715
0
0
0.996194
0
0.806916
0.999983
2
-0.08715
0
0
0.996194
0
0.806916
0.999983
-0.08715
0
0
0.996194
0
0.806916
0.999983
2
-0.08715
0
0
0.996194
0
0.806916
0.999983
-0.08715
0
0
0.996194
0
0.806916
0.999983
2
-0.08715
0
0
0.996194
0
0.806916
0.999983
-0.08715
0
0
0.996194
0
0.806916
0.999983
