30
0.106726
0.674509
0.364705
0.337254
perk_ink_cannon
false
0.595731
star
fish
estrelas do mar
estrelado
peixe
морская звезда
снятый
рыба
starfish
berbintang
ikan
estrella de mar
protagonizado
pez
ปลาดาว
ติดดาว
ปลา
estrelada
снятая
protagonizada
M
F
M
снятoe
false
Bug Meat
?
?
?
?
10
torso
False
False
False
False
False
0.171
0.091
0.181
0
0
0
-1
3
1
4
7
0
0
0
0
None
7
2
0.034899
0
0
0.99939
0
0
0
0.034899
0
0
0.99939
0
0
0
3
0.087155
0
0
0.996194
0
0
0
-0.05233
0
0
0.998629
0
0
0
0.034899
0
0
0.99939
0
0
0
3
0.034708
0.104464
0.003647
0.993916
0
0
0
-0.06975
0
0
0.997564
0
0
0
0.034559
-0.13908
-0.00485
0.989664
0
0
0
3
0.25038
0
0
0.968147
0
-0.14
-0.24
-0.05233
0
0
0.998629
0
0
0.16
0.034899
0
0
0.99939
0
0
0.2
2
-0.22495
0
0
0.97437
0
0.4
0.16
-0.26723
0
0
0.96363
0
0.4
0.2
2
-0.99939
0
0
0.034899
0
-0.48
-0.32
-0.99939
0
0
0.034899
0
-0.5
-0.32
2
-0.22495
0
0
0.97437
0
0
0
-0.39073
0
0
0.920504
0
0
0
shoulder
False
True
True
False
False
0.060999
0.131
0.090999
0
0
0
0
1
2
0
0
0
0
None
7
2
-0.68991
0.62653
-0.16368
0.323539
-1
-0.07515
0.963884
-0.65174
0.657662
-0.25266
0.28084
-0.99999
-0.07789
0.808974
3
-0.59528
0.484934
-0.33111
0.548488
-0.99999
-0.0616
0.273985
-0.61661
0.602911
-0.35934
0.356592
-1
0.216285
0.808983
-0.70156
0.595947
-0.10293
0.376913
-0.98111
-0.0854
1.000003
3
-0.70156
0.595947
-0.10293
0.376913
-0.99999
-0.08452
0.963842
-0.52233
0.606432
-0.45038
0.395678
-1
0.168257
0.660854
-0.41811
0.455183
-0.43625
0.653961
-1
-0.06674
0.493354
3
-0.68991
0.62653
-0.16368
0.323539
-1
-0.07515
0.963884
-0.72731
0.596122
-0.24146
-0.23947
-0.59705
-0.06392
0.999999
-0.79913
0.593279
0.087665
0.0415
-0.59705
-0.06392
0.999999
2
-0.69429
0.467797
0.204084
0.507418
-0.99999
-0.83128
0.963965
-0.69429
0.467797
0.204084
0.507418
-0.99999
-0.83128
0.963965
2
-0.32353
-0.16368
-0.62653
-0.68991
-1
-0.07515
0.963884
-0.32353
-0.16368
-0.62653
-0.68991
-1
-0.07515
0.963884
2
-0.40127
0.609781
-0.68167
-0.04967
-0.99999
0.49252
0.963855
-0.08446
0.47754
-0.85265
-0.19441
-0.99999
0.937184
0.603589
arm
False
False
True
False
False
0.091000
0.041000
0.101
0
0
-0.08
1
1
3
0
0
0
0
None
7
2
-0.94168
-0.03193
-0.33223
0.042889
-0.33603
0.085605
-1
-0.92408
0.049387
-0.33008
-0.18619
-0.33603
0.085605
-1
3
-0.66021
-0.01565
-0.7432
0.107325
-0.33603
0.085605
-1
-0.83313
0.046593
-0.54858
-0.05258
-0.33603
0.085605
-1
-0.94168
-0.03193
-0.33223
0.042889
-0.33603
0.085605
-1
3
-0.94168
-0.03193
-0.33223
0.042889
-0.33603
0.085605
-1
-0.7927
0.151209
-0.55914
-0.19003
-0.33603
0.085605
-1
-0.56494
0.014276
-0.81848
0.103486
-0.33603
0.085605
-1
3
-0.94168
-0.03193
-0.33223
0.042889
-0.33603
0.085605
-1
-0.86551
0.049293
0.168441
-0.46912
-0.33603
0.085605
-1
-0.99086
-0.05687
0.01189
0.121673
-0.12773
0.103626
-1
2
-0.83532
-0.16934
-0.2876
0.436842
-0.33603
0.085605
-1
-0.83532
-0.16934
-0.2876
0.436842
-0.33603
0.085605
-1
2
-0.04288
-0.33223
0.031934
-0.94168
-0.33603
0.085605
-1
-0.04288
-0.33223
0.031934
-0.94168
-0.33603
0.085605
-1
2
-0.31419
0.507629
-0.25099
-0.76196
-0.33607
0.139121
-0.99999
-0.2094
0.216406
-0.34331
-0.88963
-0.33607
0.139121
-0.99999
hand
False
False
True
False
False
0.051
0.041
0.101
0
-0.02
0.04
2
0
0
0
0
0
None
7
2
0
-0.25881
0
0.965925
-0.12106
-0.50968
-1
-0.26624
-0.24879
-0.07134
0.928507
-0.12106
-0.50968
-1
3
0
-0.81915
0
0.573576
-0.26079
-0.52049
-1
-0.18005
-0.48907
-0.10395
0.8471
-0.12106
-0.50968
-1
0
-0.25881
0
0.965925
-0.12106
-0.50968
-1
3
0
-0.25881
0
0.965925
-0.12106
-0.50968
-1
0.058261
-0.61792
-0.0225
0.783751
-0.12106
-0.50968
-1
0.047573
-0.9313
0.051016
0.357494
-0.12106
-0.50968
-1
3
0
-0.25881
0
0.965925
-0.12106
-0.50968
-1
-0.59081
0.135378
0.181487
0.774383
-0.12106
-0.50968
-1
0.132148
0.13907
0.021166
0.981197
-0.12106
-0.50968
-1
2
0.126078
-0.2566
0.033782
0.957662
-0.12106
-0.50968
-1
0.126078
-0.2566
0.033782
0.957662
-0.12106
-0.50968
-1
2
-0.96592
0
0.258819
0
-0.12106
-0.50968
-1
-0.96592
0
0.258819
0
-0.12106
-0.50968
-1
2
-0.76825
-0.34936
-0.51523
0.149232
-0.12106
-0.50968
-1
-0.88762
-0.37807
-0.26036
0.037269
-0.12106
-0.50968
-1
extrahip
False
True
True
False
False
0.121
0.041
0.111
0
0
-0.06
0
1
5
0
0
0
0
None
7
2
-0.09058
0.427847
0.16174
0.884635
-1
0.278193
-0.46186
0.187212
0.456888
0.021612
0.869331
-1
0.278193
-0.46186
3
-0.08655
0.594569
0.132631
0.788292
-1
0.405331
-0.31159
-0.09892
0.73488
0.026025
0.670437
-1
0.557135
-0.30062
-0.09058
0.427847
0.16174
0.884635
-1
0.278193
-0.46186
3
-0.13831
0.692547
0.123436
0.697145
-1
0.124381
-0.32999
0.240253
0.5737
-0.13197
0.771835
-0.99999
0.386439
-0.38657
-0.07318
0.333034
0.170323
0.924511
-1
0.058798
-0.51195
3
-0.09058
0.427847
0.16174
0.884635
-1
0.278193
-0.46186
0.024703
0.15256
0.122056
0.980417
-1
0.278193
-0.46186
0.024703
0.15256
0.122056
0.980417
-1
0.278193
-0.46186
2
-0.42222
0.333384
0.313159
0.782629
-1
0.278193
-0.46186
-0.42222
0.333384
0.313159
0.782629
-1
0.278193
-0.46186
2
-0.88463
0.16174
-0.42784
-0.09058
-1
0.278193
-0.46186
-0.88463
0.16174
-0.42784
-0.09058
-1
0.278193
-0.46186
2
-0.09058
0.427847
0.16174
0.884635
-1
0.278193
-0.46186
-0.09058
0.427847
0.16174
0.884635
-1
0.278193
-0.46186
extraleg
False
False
True
False
False
0.070999
0.041
0.090999
0
0
0.08
4
1
6
0
0
0
0
None
7
2
0.096218
-0.88612
0.040842
0.451503
-0.09217
-0.26085
-1.00002
-0.09574
-0.82612
-0.3231
0.451604
-0.0922
-0.01318
-1
3
0.096218
-0.88612
0.040842
0.451503
-0.09217
-0.26085
-1.00002
0.068689
-0.61178
0.042945
0.786862
-0.27938
0.124679
-0.99999
0.096218
-0.88612
0.040842
0.451503
-0.09217
-0.26085
-1.00002
3
0.078888
-0.70323
0.068576
0.703233
-0.09217
-0.26085
-1.00002
0
-0.87525
-0.14428
0.461642
-0.09217
-0.26085
-1.00002
0.104273
-0.98484
0.007291
0.138411
-0.09217
-0.26085
-1.00002
3
0.096218
-0.88612
0.040842
0.451503
-0.09217
-0.26085
-1.00002
0.104385
-0.9871
0.00547
0.121201
-0.09217
-0.26085
-1.00002
0.104385
-0.9871
0.00547
0.121201
-0.09217
-0.26085
-1.00002
2
0.096218
-0.88612
0.040842
0.451503
-0.09217
-0.26085
-1.00002
0.096218
-0.88612
0.040842
0.451503
-0.09217
-0.26085
-1.00002
2
-0.4515
0.040842
0.886125
0.096219
-0.09217
-0.26085
-1.00002
-0.4515
0.040842
0.886125
0.096219
-0.09217
-0.26085
-1.00002
2
0.096218
-0.88612
0.040842
0.451503
-0.09217
-0.26085
-1.00002
0.096218
-0.88612
0.040842
0.451503
-0.09217
-0.26085
-1.00002
legtip
False
False
True
False
False
0.051000
0.031
0.071000
0
0
0.04
5
0
0
0
0
0
None
7
2
0.082407
-0.93002
0.028375
0.357004
0.151334
0.31958
1.000002
-0.06363
-0.86718
-0.33727
0.360823
0.151329
0.287822
1.000016
3
0.082407
-0.93002
0.028375
0.357004
0.151334
0.31958
1.000002
0.034054
-0.357
0.080227
0.930027
0.424796
0.128143
1.000017
0.082407
-0.93002
0.028375
0.357004
0.151334
0.31958
1.000002
3
0.048736
-0.5279
0.072255
0.84482
0.151334
0.31958
1.000002
0.13724
-0.91413
0.173514
0.339717
0.151334
0.31958
1.000002
0.085554
-0.98392
-0.01662
-0.15583
-0.20909
0.146918
1.000012
3
0.082407
-0.93002
0.028375
0.357004
0.151334
0.31958
1.000002
0.087142
-0.99604
-0.00152
0.017385
0.151334
0.31958
1.000002
0.087142
-0.99604
-0.00152
0.017385
0.151334
0.31958
1.000002
2
0.082407
-0.93002
0.028375
0.357004
0.151334
0.31958
1.000002
0.082407
-0.93002
0.028375
0.357004
0.151334
0.31958
1.000002
2
-0.357
0.028375
0.930028
0.082407
0.151334
0.31958
1.000002
-0.357
0.028375
0.930028
0.082407
0.151334
0.31958
1.000002
2
0.082407
-0.93002
0.028375
0.357004
0.151334
0.31958
1.000002
0.082407
-0.93002
0.028375
0.357004
0.151334
0.31958
1.000002
bonustail
False
False
False
False
False
0.121
0.061
0.101
0
0
-0.06
0
1
8
0
0
0
0
None
7
2
0.207911
0
0
0.978147
0.027717
-0.10427
-0.99999
-0.06975
0
0
0.997564
0.027717
-0.10427
-0.99999
3
0.207911
0
0
0.978147
0.027717
-0.10427
-0.99999
0.052335
0
0
0.998629
0.027717
0.06947
-0.99999
0.052335
0
0
0.998629
0.027717
-0.10427
-0.99999
3
0.206361
0.119206
0.025338
0.970856
-0.14687
-0.10523
-0.99999
0.206361
0.119206
0.025338
0.970856
0.027717
-0.01385
-0.99999
0.204091
-0.18663
-0.03967
0.960176
0.277685
-0.10776
-0.99999
3
0.207911
0
0
0.978147
0.027717
-0.10427
-0.99999
0.207911
0
0
0.978147
0.027717
-0.10427
-0.99999
0.207911
0
0
0.978147
0.027717
-0.10427
-0.99999
2
0.207911
0
0
0.978147
0.027717
-0.10427
-0.99999
0.207911
0
0
0.978147
0.027717
-0.10427
-0.99999
2
-0.99026
0
0
-0.13917
0.027717
-0.10427
-0.99999
-0.99026
0
0
-0.13917
0.027717
-0.10427
-0.99999
2
0.034899
0
0
0.99939
0.027717
-0.10427
-0.99999
0.034899
0
0
0.99939
0.027717
-0.10427
-0.99999
bonustailext
False
False
False
True
False
0.090999
0.041
0.091
0
0
-0.08
7
1
9
0
0
0
0
None
7
2
0.258819
0
0
0.965925
0
0.303819
-0.99999
-0.05233
0
0
0.998629
0
-0.05796
-1
3
0.258819
0
0
0.965925
0
0.303819
-0.99999
-0.10452
0
0
0.994522
0
0.250338
-0.99999
-0.06975
0
0
0.997564
0
0.214993
-0.99998
3
0.258819
0
0
0.965925
0
0.303819
-0.99999
-0.10452
0
0
0.994522
0
0.303819
-0.99999
0.258819
0
0
0.965925
0
0.303819
-0.99999
3
0.258819
0
0
0.965925
0
0.303819
-0.99999
0.258819
0
0
0.965925
0
0.303819
-0.99999
0.258819
0
0
0.965925
0
0.303819
-0.99999
2
0.258819
0
0
0.965925
0
0.303819
-0.99999
0.258819
0
0
0.965925
0
0.303819
-0.99999
2
0.087155
0
0
0.996194
0
0.303819
-0.99999
0.087155
0
0
0.996194
0
0.303819
-0.99999
2
-0.08715
0
0
0.996194
0
0.303819
-0.99999
-0.08715
0
0
0.996194
0
0.303819
-0.99999
bonustail3
False
False
False
True
False
0.051
0.031
0.071000
0
0
-0.06
8
0
0
0
0
0
None
7
2
0.241921
0
0
0.970295
-0.00869
0.272723
-0.99999
0.139173
0
0
0.990268
-0.00869
-0.2333
-0.99999
3
0.241921
0
0
0.970295
-0.00869
0.272723
-0.99999
-0.08715
0
0
0.996194
-0.00869
0.272723
-0.99999
-0.08715
0
0
0.996194
-0.00869
0.272723
-0.99999
3
0.241921
0
0
0.970295
-0.00869
0.272723
-0.99999
0.087155
0
0
0.996194
-0.00869
0.272723
-0.99999
0.241921
0
0
0.970295
-0.00869
0.272723
-0.99999
3
0.241921
0
0
0.970295
-0.00869
0.272723
-0.99999
0.241921
0
0
0.970295
-0.00869
0.272723
-0.99999
0.241921
0
0
0.970295
-0.00869
0.272723
-0.99999
2
0.241921
0
0
0.970295
-0.00869
0.272723
-0.99999
0.241921
0
0
0.970295
-0.00869
0.272723
-0.99999
2
0.241921
0
0
0.970295
-0.00869
0.272723
-0.99999
0.241921
0
0
0.970295
-0.00869
0.272723
-0.99999
2
-0.10452
0
0
0.994521
-0.00869
0.272723
-0.99999
-0.10452
0
0
0.994521
-0.00869
0.272723
-0.99999
