30
0.216046
0.243137
0.298039
0.454902
perk_poison_sting
false
0.801138
stinging
ray
arraia
pungente
arraia
скат
жалящий
скат
ikan pari
yang bernyanyi
ikan pari
pastinaca
punzante
raya
ปลากระเบน
แสบ
ปลากระเบน
pungente
жалящая
punzante
F
M
F
жалящee
false
Venom
Uncooked Meat
Bones
?
?
11
torso
False
False
False
False
False
0.450999
0.090998
0.271
0
0
0
-1
4
1
5
6
8
0
0
0
0
None
7
2
0.017452
0
0
0.999847
0
0
0
0.017452
0
0
0.999847
0
0
0
3
0.017409
0.069745
0.001217
0.997412
0
0
0
0.017409
-0.06974
-0.00121
0.997412
0
0
0
0.017409
-0.06974
-0.00121
0.997412
0
0
0
3
0.017386
0.087142
0.001521
0.996043
0
0
0
-0.08715
0
0
0.996194
0
0
0
0.017282
-0.13915
-0.00242
0.990117
0
0
0
3
0.147809
0
0
0.989015
0
-0.12
-0.22
0.104528
0
0
0.994521
0
-0.06
0.22
-0.02617
0
0
0.999657
0
0
0.22
2
-0.24192
0
0
0.970295
0
0.28
0.32
-0.28401
0
0
0.958819
0
0.28
0.32
2
-0.99984
0
0
0.017452
0
-0.4
-0.48
-0.99984
0
0
0.017452
0
-0.42
-0.48
2
-0.15643
0
0
0.987688
0
0
0
-0.32556
0
0
0.945518
0
0
0
neck
False
False
False
True
False
0.181
0.051
0.021
0
0
0
0
1
2
0
0
0
0
None
7
2
0.052335
0
0
0.998629
-0.05527
0.040267
0.999999
0.052335
0
0
0.998629
-0.05527
0.040267
0.999999
3
0.052335
0
0
0.998629
-0.05527
0.040267
0.999999
0.052335
0
0
0.998629
-0.05527
0.040267
0.999999
0.052335
0
0
0.998629
-0.05527
0.040267
0.999999
3
0.052335
0
0
0.998629
-0.05527
0.040267
0.999999
0.052335
0
0
0.998629
-0.05527
0.040267
0.999999
0.052335
0
0
0.998629
-0.05527
0.040267
0.999999
3
0.052335
0
0
0.998629
-0.05527
0.040267
0.999999
0.052335
0
0
0.998629
-0.05527
0.040267
0.999999
0.052335
0
0
0.998629
-0.05527
0.040267
0.999999
2
0.052335
0
0
0.998629
-0.05527
0.040267
0.999999
0.052335
0
0
0.998629
-0.05527
0.040267
0.999999
2
0.052335
0
0
0.998629
-0.05527
0.040267
0.999999
0.052335
0
0
0.998629
-0.05527
0.040267
0.999999
2
0.052335
0
0
0.998629
-0.05527
0.040267
0.999999
0.052335
0
0
0.998629
-0.05527
0.040267
0.999999
head
False
False
False
False
False
0.410999
0.041
0.131
0
0
0
1
2
3
4
0
2
-3
0
None
7
2
0.139173
0
0
0.990268
0.046026
0.234338
1.000004
0.139173
0
0
0.990268
0.046026
0.234338
1.000004
3
0.139173
0
0
0.990268
0.046026
0.234338
1.000004
0.139173
0
0
0.990268
0.046026
0.234338
1.000004
0.139173
0
0
0.990268
0.046026
0.234338
1.000004
3
0.139173
0
0
0.990268
0.046026
0.234338
1.000004
0.139173
0
0
0.990268
0.046026
0.234338
1.000004
0.139173
0
0
0.990268
0.046026
0.234338
1.000004
3
0.390731
0
0
0.920504
0.046026
0.234338
1.000004
0.430511
0
0
0.902585
0.046026
0.234338
1.000004
-0.03489
0
0
0.99939
0.046026
0.234338
1.000004
2
0.139173
0
0
0.990268
0.046026
0.234338
1.000004
0.139173
0
0
0.990268
0.046026
0.234338
1.000004
2
-0.99026
0
0
0.139173
0.046026
0.234338
1.000004
-0.99026
0
0
0.139173
0.046026
0.234338
1.000004
2
0.139173
0
0
0.990268
0.046026
0.234338
1.000004
0.139173
0
0
0.990268
0.046026
0.234338
1.000004
snout
False
False
False
True
False
0.221
0.031
0.041
0
0
0.02
2
0
0
0
-2
0
None
7
2
-0.05239
-0.00228
0
0.998623
-0.00402
0.216944
0.999999
-0.05239
-0.00228
0
0.998623
-0.00402
0.216944
0.999999
3
-0.05239
-0.00228
0
0.998623
-0.00402
0.216944
0.999999
-0.05239
-0.00228
0
0.998623
-0.00402
0.216944
0.999999
-0.05239
-0.00228
0
0.998623
-0.00402
0.216944
0.999999
3
-0.05239
-0.00228
0
0.998623
-0.00402
0.216944
0.999999
-0.05239
-0.00228
0
0.998623
-0.00402
0.216944
0.999999
-0.05239
-0.00228
0
0.998623
-0.00402
0.216944
0.999999
3
-0.05239
-0.00228
0
0.998623
-0.00402
0.216944
0.999999
-0.05239
-0.00228
0
0.998623
-0.00402
0.216944
0.999999
-0.05239
-0.00228
0
0.998623
-0.00402
0.216944
0.999999
2
-0.05239
-0.00228
0
0.998623
-0.00402
0.216944
0.999999
-0.05239
-0.00228
0
0.998623
-0.00402
0.216944
0.999999
2
-0.05239
-0.00228
0
0.998623
-0.00402
0.216944
0.999999
-0.05239
-0.00228
0
0.998623
-0.00402
0.216944
0.999999
2
-0.05239
-0.00228
0
0.998623
-0.00402
0.216944
0.999999
-0.05239
-0.00228
0
0.998623
-0.00402
0.216944
0.999999
eyes
True
True
False
True
False
0.06
0.06
0.05
0
0
0.01
2
0
0
0
0
0
RegularEye
7
2
0
0
0
1
-0.8
-0.11965
1.000004
0
0
0
1
-0.8
-0.11965
1.000004
3
0
0
0
1
-0.8
-0.11965
1.000004
0
0
0
1
-0.8
-0.11965
1.000004
0
0
0
1
-0.8
-0.11965
1.000004
3
0
0
0
1
-0.8
-0.11965
1.000004
0
0
0
1
-0.8
-0.11965
1.000004
0
0
0
1
-0.8
-0.11965
1.000004
3
0
0
0
1
-0.8
-0.11965
1.000004
0
0
0
1
-0.8
-0.11965
1.000004
0
0
0
1
-0.8
-0.11965
1.000004
2
0
0
0
1
-0.8
-0.11965
1.000004
0
0
0
1
-0.8
-0.11965
1.000004
2
0
0
0
1
-0.8
-0.11965
1.000004
0
0
0
1
-0.8
-0.11965
1.000004
2
0
0
0
1
-0.8
-0.11965
1.000004
0
0
0
1
-0.8
-0.11965
1.000004
shoulder
False
True
False
False
False
0.031
0.041000
0.221
0
0
-0.08
0
1
7
0
0
-3
0
None
7
2
-0.87811
0.469185
-0.01638
0.092293
-1
0.189284
-0.09865
-0.70256
0.705419
0.011315
0.093051
-1
0.189284
-0.09865
3
-0.90146
0.422585
-0.02119
0.091309
-1
-0.35864
-0.41471
-0.75006
0.654692
0.004797
0.093613
-1
0.470333
-0.19823
-0.9087
0.406788
-0.02278
0.090925
-1
-0.43522
0.046694
3
-0.88236
0.460584
0.08014
-0.05356
-1
-0.29593
0.029265
-0.60571
0.791781
-0.03723
-0.06936
-1
0.258741
-0.09865
-0.85672
0.462339
-0.08152
0.213604
-1
-0.42458
-0.30522
3
-0.87811
0.469185
-0.01638
0.092293
-1
0.189284
-0.09865
-0.87811
0.469185
-0.01638
0.092293
-1
0.189284
-0.09865
-0.87811
0.469185
-0.01638
0.092293
-1
0.189284
-0.09865
2
-0.97474
-0.18901
0.102216
-0.06082
-1
0.189284
-0.09865
-0.97474
-0.18901
0.102216
-0.06082
-1
0.189284
-0.09865
2
-0.09229
-0.01638
-0.46918
-0.87811
-1
0.189284
-0.09865
-0.09229
-0.01638
-0.46918
-0.87811
-1
0.189284
-0.09865
2
0.390101
0.920315
0.017492
-0.02313
-0.80884
1.000003
-0.07978
0.273766
0.860966
-0.42711
-0.03688
-0.49574
1
-0.26476
tail
False
False
False
False
False
0.071
0.101
0.251
0
0.02
0.04
0
1
9
0
0
0
0
None
7
2
-1
0
0
0
-0.05379
0.617586
-0.99999
-0.99619
0
0
0.087155
-0.05379
0.617586
-0.99999
3
-0.99619
0
0.087155
0
-0.05379
0.617586
-0.99999
-0.99452
0
-0.10452
0
-0.05379
0.617586
-0.99999
-1
0
0
0
-0.05379
0.617586
-0.99999
3
-0.97437
0
0.224951
0
-0.05379
0.617586
-0.99999
-0.97029
0
0
0.241922
-0.05379
0.617586
-0.99999
-0.9563
0
-0.29237
0
-0.05379
0.617586
-0.99999
3
-1
0
0
0
-0.05379
0.617586
-0.99999
-0.93969
0
0
0.34202
-0.05379
0.617586
-0.99999
-0.9063
0
0
0.422618
-0.05379
0.617586
-0.99999
2
-0.9063
0
0
0.422618
-0.05379
0.617586
-0.99999
-0.9063
0
0
0.422618
-0.05379
0.617586
-0.99999
2
-1
0
0
0
-0.05379
0.617586
-0.99999
-1
0
0
0
-0.05379
0.617586
-0.99999
2
-0.99619
0
0
-0.08715
-0.05379
0.617586
-0.99999
-0.99619
0
0
-0.08715
-0.05379
0.617586
-0.99999
wing
False
False
False
True
False
0.021
0.161
0.191
0
0.14
0
5
0
0
0
0
0
None
7
2
0
0
0
1
-0.30571
1.000052
-0.05477
0
0
0
1
-0.30571
1.000052
-0.05477
3
0
0
0
1
-0.30571
1.000052
-0.05477
0
0
0
1
-0.30571
1.000052
-0.05477
0
0
0
1
-0.30571
1.000052
-0.05477
3
0
0
0
1
-0.30571
1.000052
-0.05477
0
0
0
1
-0.30571
1.000052
-0.05477
0
0
0
1
-0.30571
1.000052
-0.05477
3
0
0
0
1
-0.30571
1.000052
-0.05477
0
0
0
1
-0.30571
1.000052
-0.05477
0
0
0
1
-0.30571
1.000052
-0.05477
2
0
0
0
1
-0.30571
1.000052
-0.05477
0
0
0
1
-0.30571
1.000052
-0.05477
2
0
0
0
1
-0.30571
1.000052
-0.05477
0
0
0
1
-0.30571
1.000052
-0.05477
2
0
0
0
1
-0.30571
1.000052
-0.05477
0
0
0
1
-0.30571
1.000052
-0.05477
bottomfin
False
True
False
True
False
0.021
0.091000
0.071000
0
0
0
0
0
0
0
0
0
None
7
2
0.469471
0
0
0.882947
-0.19299
-0.99999
-0.25941
0.469471
0
0
0.882947
-0.19299
-0.99999
-0.25941
3
0.469471
0
0
0.882947
-0.19299
-0.99999
-0.25941
0.469471
0
0
0.882947
-0.19299
-0.99999
-0.25941
0.469471
0
0
0.882947
-0.19299
-0.99999
-0.25941
3
0.469471
0
0
0.882947
-0.19299
-0.99999
-0.25941
0.469471
0
0
0.882947
-0.19299
-0.99999
-0.25941
0.469471
0
0
0.882947
-0.19299
-0.99999
-0.25941
3
0.469471
0
0
0.882947
-0.19299
-0.99999
-0.25941
0.469471
0
0
0.882947
-0.19299
-0.99999
-0.25941
0.469471
0
0
0.882947
-0.19299
-0.99999
-0.25941
2
0.469471
0
0
0.882947
-0.19299
-0.99999
-0.25941
0.469471
0
0
0.882947
-0.19299
-0.99999
-0.25941
2
0.469471
0
0
0.882947
-0.19299
-0.99999
-0.25941
0.469471
0
0
0.882947
-0.19299
-0.99999
-0.25941
2
0.469471
0
0
0.882947
-0.19299
-0.99999
-0.25941
0.469471
0
0
0.882947
-0.19299
-0.99999
-0.25941
stingrod
False
False
False
True
False
0.041
0.031
0.360999
0
0
0.34
6
1
10
0
0
-1
0
None
7
2
0
0
0
1
-0.03077
-0.64271
1.000005
0.052335
0
0
0.998629
-0.03077
-0.64271
1.000005
3
0
0
0
1
-0.03077
-0.64271
1.000005
0
0
0
1
-0.03077
-0.64271
1.000005
0
0
0
1
-0.03077
-0.64271
1.000005
3
0
0
0
1
-0.03077
-0.64271
1.000005
0
0
0
1
-0.03077
-0.64271
1.000005
0
0
0
1
-0.03077
-0.64271
1.000005
3
0
0
0
1
-0.03077
-0.64271
1.000005
0.34202
0
0
0.939692
-0.03077
-0.64271
1.000005
0.34202
0
0
0.939692
-0.03077
-0.64271
1.000005
2
0
0
0
1
-0.03077
-0.64271
1.000005
0
0
0
1
-0.03077
-0.64271
1.000005
2
-0.34202
0
0
0.939692
-0.03077
-0.64271
1.000005
-0.34202
0
0
0.939692
-0.03077
-0.64271
1.000005
2
0
0
0
1
-0.03077
-0.64271
1.000005
0
0
0
1
-0.03077
-0.64271
1.000005
barb
False
False
False
True
False
0.090999
0.011
0.151
0
0
0
9
0
0
0
-12
0
None
7
2
0
0
0
1
0
0
1.000001
0
0
0
1
0
0
1.000001
3
0
0
0
1
0
0
1.000001
0
0
0
1
0
0
1.000001
0
0
0
1
0
0
1.000001
3
0
0
0
1
0
0
1.000001
0
0
0
1
0
0
1.000001
0
0
0
1
0
0
1.000001
3
0
0
0
1
0
0
1.000001
0
0
0
1
0
0
1.000001
0
0
0
1
0
0
1.000001
2
0
0
0
1
0
0
1.000001
0
0
0
1
0
0
1.000001
2
0
0
0
1
0
0
1.000001
0
0
0
1
0
0
1.000001
2
0
0
0
1
0
0
1.000001
0
0
0
1
0
0
1.000001
