30
0.546339
0.913725
0.666666
0.047058
perk_vampire
false
0.560591
striped
cat
tigre
listrado
gata
тигр
полосатый
кошка
harimau
bergaris
kucing
tigre
rayado
gato
เสือ
ลาย
แมว
listrada
полосатая
rayada
F
F
M
полосатoe
false
Sharp Tooth
Fur
Uncooked Meat
Bones
?
16
torso
False
False
False
False
False
0.130584
0.163028
0.414465
0
0
0
-1
4
1
5
6
7
0
0
0
0
tigerStripes
7
2
0.017452
0
0
0.999847
0
0
0
-0.03489
0
0
0.99939
0
0
0
3
0.121869
0
0
0.992546
0
0
0
-0.05233
0
0
0.998629
0
0
0
-0.05233
0
0
0.998629
0
0
0
3
0.017386
0.087142
0.001521
0.996043
0
0
0
-0.06974
-0.00182
0.017356
0.997412
0
0
0
0.017322
-0.12185
-0.00212
0.992395
0
0
0
3
0.104528
0
0
0.994521
0
0
-0.16
0.147809
0
0
0.989015
0
-0.02
0.16
-0.1132
0
0
0.993571
0
0.02
0.24
2
-0.40673
0
0
0.913545
0
0.04
0.2
-0.44619
0
0
0.894934
0
0.04
0.2
2
-0.99984
0
0
0.017452
0
-0.14
-0.63999
-0.99984
0
0
0.017452
0
-0.14
-0.63999
2
-0.24192
0
0
0.970295
0
0
0
-0.3665
0
0
0.930417
0
0
0
neck
False
False
False
True
False
0.09003
0.114363
0.154917
0
0
0
0
1
2
0
0
0
0
tigerStripes
7
2
-0.35836
0
0
0.93358
0
0.651354
1.000001
-0.35836
0
0
0.93358
0
0.651354
1.000001
3
-0.35836
0
0
0.93358
0
0.651354
1.000001
-0.35836
0
0
0.93358
0
0.651354
1.000001
-0.35836
0
0
0.93358
0
0.651354
1.000001
3
-0.35836
0
0
0.93358
0
0.651354
1.000001
-0.35836
0
0
0.93358
0
0.651354
1.000001
-0.35836
0
0
0.93358
0
0.651354
1.000001
3
-0.10452
0
0
0.994521
0
-0.01906
0.999998
0.069756
0
0
0.997564
0
0.585556
0.999999
-0.06104
0
0
0.998134
0
0.585556
0.999999
2
-0.35836
0
0
0.93358
0
-0.27755
0.999998
-0.35836
0
0
0.93358
0
-0.27755
0.999998
2
-0.35836
0
0
0.93358
0
-0.08138
1.000002
-0.35836
0
0
0.93358
0
-0.08138
1.000002
2
-0.35836
0
0
0.93358
0
0.185405
0.999998
0.199367
0
0
0.979924
0
-0.23264
1
head
False
False
False
False
False
0.144917
0.130584
0.098140
0
0
0
1
4
3
4
12
13
0
0
0
0
tigerStripes
7
2
-0.12186
0
0
0.992546
0
-0.5268
0.999998
-0.17364
0
0
0.984807
0
-0.2158
1.000001
3
-0.12186
0
0
0.992546
0
-0.5268
0.999998
-0.12186
0
0
0.992546
0
-0.5268
0.999998
-0.12186
0
0
0.992546
0
-0.5268
0.999998
3
-0.12186
0
0
0.992546
0
-0.5268
0.999998
-0.12186
0
0
0.992546
0
-0.5268
0.999998
-0.12186
0
0
0.992546
0
-0.5268
0.999998
3
0.390731
0
0
0.920504
-0.05407
-0.42604
1.000001
0.390731
0
0
0.920504
0
-0.5268
0.999998
-0.3746
0
0
0.927183
0
0.193959
1.000008
2
0.052336
0
0
0.998629
0
-0.5268
0.999998
0.052336
0
0
0.998629
0
-0.5268
0.999998
2
-0.99254
0
0
-0.12186
0
-0.19643
1.000003
-0.99254
0
0
-0.12186
0
-0.19643
1.000003
2
-0.12186
0
0
0.992546
0
-0.5268
0.999998
-0.12186
0
0
0.992546
0
-0.5268
0.999998
snout
False
False
False
True
False
0.073808
0.065698
0.041365
0
0
0.02
2
2
14
15
0
0
-7
0
None
7
2
0.104464
-0.00238
0
0.994525
0.026198
-0.59032
1.000005
0.104464
-0.00238
0
0.994525
0.026198
-0.59032
1.000005
3
0.104464
-0.00238
0
0.994525
0.026198
-0.59032
1.000005
0.104464
-0.00238
0
0.994525
0.026198
-0.59032
1.000005
0.104464
-0.00238
0
0.994525
0.026198
-0.59032
1.000005
3
0.104464
-0.00238
0
0.994525
0.026198
-0.59032
1.000005
0.104464
-0.00238
0
0.994525
0.026198
-0.59032
1.000005
0.104464
-0.00238
0
0.994525
0.026198
-0.59032
1.000005
3
0.104464
-0.00238
0
0.994525
0.026198
-0.59032
1.000005
0.104464
-0.00238
0
0.994525
0.026198
-0.59032
1.000005
0.104464
-0.00238
0
0.994525
0.026198
-0.59032
1.000005
2
0.104464
-0.00238
0
0.994525
0.026198
-0.59032
1.000005
0.104464
-0.00238
0
0.994525
0.026198
-0.59032
1.000005
2
0.104464
-0.00238
0
0.994525
0.026198
-0.59032
1.000005
0.104464
-0.00238
0
0.994525
0.026198
-0.59032
1.000005
2
0.104464
-0.00238
0
0.994525
0.026198
-0.59032
1.000005
0.104464
-0.00238
0
0.994525
0.026198
-0.59032
1.000005
eyes
True
True
False
True
False
0.048664
0.048664
0.040554
0
0
0.01
2
0
0
0
0
0
SeriousEye
7
2
-0.06737
-0.01805
-0.25818
0.963572
-0.83672
-0.0233
0.999995
-0.06737
-0.01805
-0.25818
0.963572
-0.83672
-0.0233
0.999995
3
-0.06737
-0.01805
-0.25818
0.963572
-0.83672
-0.0233
0.999995
-0.06737
-0.01805
-0.25818
0.963572
-0.83672
-0.0233
0.999995
-0.06737
-0.01805
-0.25818
0.963572
-0.83672
-0.0233
0.999995
3
-0.06737
-0.01805
-0.25818
0.963572
-0.83672
-0.0233
0.999995
-0.06737
-0.01805
-0.25818
0.963572
-0.83672
-0.0233
0.999995
-0.06737
-0.01805
-0.25818
0.963572
-0.83672
-0.0233
0.999995
3
-0.06737
-0.01805
-0.25818
0.963572
-0.83672
-0.0233
0.999995
-0.06737
-0.01805
-0.25818
0.963572
-0.83672
-0.0233
0.999995
-0.06737
-0.01805
-0.25818
0.963572
-0.83672
-0.0233
0.999995
2
-0.06737
-0.01805
-0.25818
0.963572
-0.83672
-0.0233
0.999995
-0.06737
-0.01805
-0.25818
0.963572
-0.83672
-0.0233
0.999995
2
-0.06737
-0.01805
-0.25818
0.963572
-0.83672
-0.0233
0.999995
-0.06737
-0.01805
-0.25818
0.963572
-0.83672
-0.0233
0.999995
2
-0.06737
-0.01805
-0.25818
0.963572
-0.83672
-0.0233
0.999995
-0.06737
-0.01805
-0.25818
0.963572
-0.83672
-0.0233
0.999995
shoulder
False
True
True
False
False
0.09003
0.098142
0.17925
0
0
0
0
1
8
0
0
0
0
tigerStripes
7
2
-0.69465
0
0
0.71934
-1
-0.27449
0.698791
-0.69465
0
0
0.71934
-1
-0.51553
0.698811
3
-0.58778
0
0
0.809017
-0.99999
-0.53778
0.472964
-0.69465
0
0
0.71934
-0.99999
-0.29458
0.590835
-0.77714
0
0
0.62932
-0.99999
-0.73615
0.844045
3
-0.6841
0.124912
-0.12062
0.708411
-1
-0.5301
0.698792
-0.69465
0
0
0.71934
-0.99999
-0.06833
0.553053
-0.6861
-0.11252
0.108668
0.710483
-0.99999
-0.6619
0.518815
3
-0.44619
0
0
0.894934
-0.99999
-0.63735
0.498958
-0.4848
0
0
0.874619
-1
-0.10654
0.506793
-0.44619
0
0
0.894934
-0.99999
-0.4545
0.36929
2
-0.52051
-0.07431
0.045538
0.849395
-0.79565
-0.99999
0.561264
-0.55706
-0.07622
0.042253
0.825883
-0.79565
-0.99999
0.561264
2
-0.71934
0
0
-0.69465
-1
-0.27449
0.698791
-0.71934
0
0
-0.69465
-1
-0.27449
0.698791
2
-0.58554
0.07051
0.051228
-0.80593
-0.99999
0.558206
0.6988
-0.47534
0.06322
0.059994
-0.87547
-0.91125
1
0.636798
hip
False
True
False
False
False
0.073808
0.122474
0.187361
0
0
0
0
1
10
0
0
0
0
tigerStripes
7
2
-0.55919
0
0
0.829037
-1
-0.56489
-0.80794
-0.55919
0
0
0.829037
-1
-0.56489
-0.80794
3
-0.55919
0
0
0.829037
-1
-0.44741
-0.61032
-0.79863
0
0
0.601815
-1
-0.48168
-0.42263
-0.55919
0
0
0.829037
-1
-0.56489
-0.80794
3
-0.54697
0.172366
-0.11626
0.810921
-1
-0.56489
-0.80794
-0.55919
0
0
0.829037
-1
-0.26178
-0.80794
-0.55375
-0.11537
0.077824
0.820969
-1
-0.56489
-0.80794
3
-0.55919
0
0
0.829037
-0.99999
-0.90748
-0.80798
-0.40673
0
0
0.913545
-0.79569
-1
-0.81468
-0.40673
0
0
0.913545
-0.86771
-0.99999
-0.87758
2
-0.99433
0.00532
-0.08699
0.060815
-1
-0.47554
-0.80794
-0.99433
0.00532
-0.08699
0.060815
-1
-0.47554
-0.80794
2
-0.82903
0
0
-0.55919
-1
-0.56489
-0.80794
-0.82903
0
0
-0.55919
-1
-0.56489
-0.80794
2
-0.55919
0
0
0.829037
-1
-0.56489
-0.80794
-0.55919
0
0
0.829037
-1
-0.56489
-0.80794
tail
False
False
False
False
False
0.057587
0.049476
0.227915
0
0
0.22
0
0
0
0
0
0
tigerStripes
7
2
-0.95125
-0.04494
0.167731
0.254887
0.035806
0.657398
-1
-0.95125
0.044943
-0.16773
0.254887
0.035806
0.657398
-1
3
-0.95125
-0.04494
0.167731
0.254887
0.035806
0.657398
-1
-0.96577
0.004517
-0.01685
0.258779
0.035806
0.657398
-1
-0.94116
0.058221
-0.21728
0.252185
0.035806
0.657398
-1
3
-0.88241
-0.10527
0.392877
0.236443
0.035806
0.657398
-1
-0.95125
-0.04494
0.167731
0.254887
0.035806
0.657398
-1
-0.93723
0.062614
-0.23367
0.251131
0.035806
0.657398
-1
3
-0.95125
-0.04494
0.167731
0.254887
0.035806
0.657398
-1
-0.95125
-0.04494
0.167731
0.254887
0.035806
0.657398
-1
-0.95125
-0.04494
0.167731
0.254887
0.035806
0.657398
-1
2
-0.95125
-0.04494
0.167731
0.254887
0.035806
0.657398
-1
-0.95125
-0.04494
0.167731
0.254887
0.035806
0.657398
-1
2
0.228038
0.099109
-0.00918
-0.96855
0.035806
0.657398
-1
0.228038
0.099109
-0.00918
-0.96855
0.035806
0.657398
-1
2
-0.95125
-0.04494
0.167731
0.254887
0.035806
0.657398
-1
-0.95125
-0.04494
0.167731
0.254887
0.035806
0.657398
-1
arm
False
False
True
False
False
0.057587
0.057587
0.122474
0
0
-0.12
5
1
9
0
-7
2
0
tigerStripes
7
2
-0.72857
-0.06374
-0.05944
0.679403
-0.4436
-0.3585
-0.99999
-0.72857
-0.06374
-0.05944
0.679403
-0.4436
-0.3585
-0.99999
3
-0.61331
-0.07225
-0.04873
0.785012
-0.44355
0.228189
-1
-0.42101
-0.08136
-0.03123
0.902858
-0.44356
0.090029
-0.99999
-0.80593
-0.05602
-0.06676
0.585548
-0.4436
-0.3585
-0.99999
3
-0.70029
0.078907
-0.20961
0.677809
-0.4436
-0.3585
-0.99999
-0.57139
-0.0747
-0.04488
0.816034
-0.44354
-0.14544
-1
-0.725
-0.2036
0.093337
0.651303
-0.4436
-0.3585
-0.99999
3
-0.87958
-0.04618
-0.07391
0.467684
-0.4436
-0.36527
-0.99999
-0.56425
-0.07509
-0.04423
0.82099
-0.4436
-0.3585
-0.99999
-0.56425
-0.07509
-0.04423
0.82099
-0.4436
-0.3585
-0.99999
2
-0.73047
-0.09331
-0.0276
0.675976
-0.4436
-0.3585
-0.99999
-0.70028
-0.09443
-0.0235
0.707195
-0.4436
-0.3585
-0.99999
2
-0.6794
-0.05944
0.063741
-0.72857
-0.4436
-0.3585
-0.99999
-0.6794
-0.05944
0.063741
-0.72857
-0.4436
-0.3585
-0.99999
2
-0.61412
0.200101
0.049069
-0.76183
-0.4436
-0.3585
-0.99999
-0.23462
0.160615
0.129038
-0.95
-0.4436
-0.3585
-0.99999
hand
False
False
True
False
False
0.073807
0.041365
0.073807
0
-0.02
0
8
0
0
-15
-10
0
None
7
2
0
-0.10452
0
0.994522
0.104454
-0.58996
-1
0
-0.10452
0
0.994522
0.104454
-0.58996
-1
3
0
-0.10452
0
0.994522
0.104454
-0.58996
-1
0
-0.10452
0
0.994522
0.104454
-0.58996
-1
0
-0.10452
0
0.994522
0.104454
-0.58996
-1
3
0
-0.10452
0
0.994522
0.104454
-0.58996
-1
0.274127
-0.10047
0.028811
0.955995
0.104454
-0.58996
-1
0
-0.10452
0
0.994522
0.104454
-0.58996
-1
3
0
-0.10452
0
0.994522
0.104454
-0.58996
-1
0
-0.10452
0
0.994522
0.104454
-0.58996
-1
0
-0.10452
0
0.994522
0.104454
-0.58996
-1
2
0
-0.10452
0
0.994522
0.104454
-0.58996
-1
0
-0.10452
0
0.994522
0.104454
-0.58996
-1
2
-0.99452
0
0.104528
0
0.104454
-0.58996
-1
-0.99452
0
0.104528
0
0.104454
-0.58996
-1
2
-0.97941
0.018151
-0.10294
-0.17269
0.104454
-0.58996
-1
-0.97941
0.018151
-0.10294
-0.17269
0.104454
-0.58996
-1
leg
False
False
False
False
False
0.049476
0.057587
0.138696
0
0
-0.12
6
1
11
0
-7
2
0
tigerStripes
7
2
-0.62932
0
0
0.777146
-0.33142
0.186986
-1
-0.62932
0
0
0.777146
-0.33142
0.186986
-1
3
-0.62932
0
0
0.777146
-0.33142
0.186986
-1
-0.77714
0
0
0.62932
-0.33144
-0.3587
-0.99999
-0.49999
0
0
0.866025
-0.33142
0.258409
-1
3
-0.61556
0.161577
-0.13084
0.760163
-0.33142
0.186986
-1
-0.43837
0
0
0.898794
-0.33142
0.186986
-1
-0.61556
-0.16157
0.130843
0.760163
-0.33142
0.186986
-1
3
-0.62932
0
0
0.777146
-0.33142
0.186986
-1
-0.44619
0
0
0.894934
-0.33142
0.186986
-1
-0.44619
0
0
0.894934
-0.33142
0.186986
-1
2
-0.99604
0.001521
-0.08714
0.017385
-0.33142
0.186986
-1
-0.99604
0.001521
-0.08714
0.017385
-0.33142
0.186986
-1
2
-0.77714
0
0
-0.62932
-0.33142
0.186986
-1
-0.77714
0
0
-0.62932
-0.33142
0.186986
-1
2
-0.62932
0
0
0.777146
-0.33142
0.186986
-1
-0.62932
0
0
0.777146
-0.33142
0.186986
-1
foot
False
False
False
False
False
0.065698
0.041365
0.090029
0
0
0
10
0
0
-15
-10
0
None
7
2
0
-0.06975
0
0.997564
0.073476
-0.73625
-1
0
-0.06975
0
0.997564
0.073476
-0.73625
-1
3
0
-0.06975
0
0.997564
0.073476
-0.73625
-1
0
-0.06975
0
0.997564
0.073476
-0.73625
-1
0
-0.06975
0
0.997564
0.073476
-0.73625
-1
3
0
-0.06975
0
0.997564
0.073476
-0.73625
-1
0.274965
-0.06705
0.019227
0.95892
0.073476
-0.73625
-1
0
-0.06975
0
0.997564
0.073476
-0.73625
-1
3
0
-0.06975
0
0.997564
0.073476
-0.73625
-1
0
-0.06975
0
0.997564
0.073476
-0.73625
-1
0
-0.06975
0
0.997564
0.073476
-0.73625
-1
2
-0.67394
-0.05142
-0.04712
0.735481
0.073476
-0.73625
-1
-0.67394
-0.05142
-0.04712
0.735481
0.073476
-0.73625
-1
2
-0.99756
0
0.069756
0
0.073476
-0.73625
-1
-0.99756
0
0.069756
0
0.073476
-0.73625
-1
2
0
-0.06975
0
0.997564
0.073476
-0.73625
-1
0
-0.06975
0
0.997564
0.073476
-0.73625
-1
ear
False
True
False
True
True
0.063808
0.057587
0.037032
0
0
0
2
0
0
-7
-15
0
None
7
2
0.285982
-0.10708
-0.17821
0.935407
-1.00001
0.651945
0.181512
0.285982
-0.10708
-0.17821
0.935407
-1
0.587518
0.054015
3
0.285982
-0.10708
-0.17821
0.935407
-1
0.587518
0.054015
0.285982
-0.10708
-0.17821
0.935407
-1
0.587518
0.054015
0.285982
-0.10708
-0.17821
0.935407
-1
0.587518
0.054015
3
0.285982
-0.10708
-0.17821
0.935407
-1
0.587518
0.054015
0.285982
-0.10708
-0.17821
0.935407
-1
0.587518
0.054015
0.285982
-0.10708
-0.17821
0.935407
-1
0.587518
0.054015
3
0.285982
-0.10708
-0.17821
0.935407
-1.00001
0.651945
0.181512
0.285982
-0.10708
-0.17821
0.935407
-1.00001
0.651945
0.181512
0.285982
-0.10708
-0.17821
0.935407
-1.00001
0.651945
0.181512
2
0.285982
-0.10708
-0.17821
0.935407
-1.00001
0.651945
0.181512
0.285982
-0.10708
-0.17821
0.935407
-1.00001
0.651945
0.181512
2
0.285982
-0.10708
-0.17821
0.935407
-1.00001
0.651945
0.181512
0.285982
-0.10708
-0.17821
0.935407
-1.00001
0.651945
0.181512
2
0.285982
-0.10708
-0.17821
0.935407
-1
0.587518
0.054015
0.285982
-0.10708
-0.17821
0.935407
-1
0.587518
0.054015
sideburn
False
True
False
True
False
-0.00107
0.078141
0.069476
0
0
0
2
0
0
0
0
0
None
7
2
0.033862
0.241774
0.008442
0.969704
-0.99999
-0.13745
-0.14848
0.033862
0.241774
0.008442
0.969704
-0.99999
-0.08008
0.314923
3
0.033862
0.241774
0.008442
0.969704
-0.99999
-0.08008
0.314923
0.033862
0.241774
0.008442
0.969704
-0.99999
-0.08008
0.314923
0.033862
0.241774
0.008442
0.969704
-0.99999
-0.08008
0.314923
3
0.033862
0.241774
0.008442
0.969704
-0.99999
-0.08008
0.314923
0.033862
0.241774
0.008442
0.969704
-0.99999
-0.08008
0.314923
0.033862
0.241774
0.008442
0.969704
-0.99999
-0.08008
0.314923
3
0.033862
0.241774
0.008442
0.969704
-0.99999
-0.13745
-0.14848
0.033862
0.241774
0.008442
0.969704
-0.99999
-0.13745
-0.14848
0.033862
0.241774
0.008442
0.969704
-0.99999
-0.13745
-0.14848
2
0.033862
0.241774
0.008442
0.969704
-0.99999
-0.13745
-0.14848
0.033862
0.241774
0.008442
0.969704
-0.99999
-0.13745
-0.14848
2
0.033862
0.241774
0.008442
0.969704
-0.99999
-0.13745
-0.14848
0.033862
0.241774
0.008442
0.969704
-0.99999
-0.13745
-0.14848
2
0.033862
0.241774
0.008442
0.969704
-0.99999
-0.08008
0.314923
0.033862
0.241774
0.008442
0.969704
-0.99999
-0.08008
0.314923
mouth
True
False
False
False
False
0.072997
0.064886
0.040554
0
0
0.01
3
0
0
0
0
0
ViciousMouth
7
2
0
0
0
1
-0.01957
-0.26099
1.000029
0
0
0
1
-0.01957
-0.26099
1.000029
3
0
0
0
1
-0.01957
-0.26099
1.000029
0
0
0
1
-0.01957
-0.26099
1.000029
0
0
0
1
-0.01957
-0.26099
1.000029
3
0
0
0
1
-0.01957
-0.26099
1.000029
0
0
0
1
-0.01957
-0.26099
1.000029
0
0
0
1
-0.01957
-0.26099
1.000029
3
0
0
0
1
-0.01957
-0.26099
1.000029
0
0
0
1
-0.01957
-0.26099
1.000029
0
0
0
1
-0.01957
-0.26099
1.000029
2
0
0
0
1
-0.01957
-0.26099
1.000029
0
0
0
1
-0.01957
-0.26099
1.000029
2
-1
0
0
0
-0.01957
-0.26099
1.000029
-1
0
0
0
-0.01957
-0.26099
1.000029
2
0
0
0
1
-0.01957
-0.26099
1.000029
0
0
0
1
-0.01957
-0.26099
1.000029
snouttip
False
False
False
True
False
0.051
0.021
0.011
0
0
0
3
0
0
0
-21
0
None
7
2
0
0
0
1
0
0.791333
1.000012
0
0
0
1
0
0.791333
1.000012
3
0
0
0
1
0
0.791333
1.000012
0
0
0
1
0
0.791333
1.000012
0
0
0
1
0
0.791333
1.000012
3
0
0
0
1
0
0.791333
1.000012
0
0
0
1
0
0.791333
1.000012
0
0
0
1
0
0.791333
1.000012
3
0
0
0
1
0
0.791333
1.000012
0
0
0
1
0
0.791333
1.000012
0
0
0
1
0
0.791333
1.000012
2
0
0
0
1
0
0.791333
1.000012
0
0
0
1
0
0.791333
1.000012
2
0
0
0
1
0
0.791333
1.000012
0
0
0
1
0
0.791333
1.000012
2
0
0
0
1
0
0.791333
1.000012
0
0
0
1
0
0.791333
1.000012
