30
0.410275
0.066666
0.474509
0.070588
perk_pollinator
false
0.156913
leafy
bush
árvore
frondoso
arbusto
дерево
зеленый
куст
pohon
berdaun
semak
árbol
frondoso
arbusto
ต้นไม้
คล้ายใบ
พุ่มไม้
frondosa
зеленая
frondosa
M
M
M
зеленое
false
Stick
?
?
?
?
21
torso
False
False
False
False
False
0.101
0.101
0.291
0
0
0
-1
4
1
3
4
17
-24
-8
-8
0
None
7
2
-0.68199
0
0
0.731353
0
0
0
-0.68199
0
0
0.731353
0
0
0
3
-0.68199
0
0
0.731353
0
0
0
-0.68199
0
0
0.731353
0
0
0
-0.68199
0
0
0.731353
0
0
0
3
-0.68199
0
0
0.731353
0
0
0
-0.68199
0
0
0.731353
0
0
0
-0.68199
0
0
0.731353
0
0
0
3
-0.61566
0
0
0.78801
0
0.08
-0.04
-0.61566
0
0
0.78801
0
-0.14
0
-0.68199
0
0
0.731353
0
-0.22
0
2
-0.68199
0
0
0.731353
0
0.02
0.26
-0.71325
0
0
0.700909
0
0.02
0.26
2
-0.99939
0
0
0.034899
0
-0.24
-0.55999
-0.99939
0
0
0.034899
0
-0.26
-0.55999
2
-0.68199
0
0
0.731353
0
0
0
-0.68199
0
0
0.731353
0
0
0
neck
False
False
False
True
False
0.071
0.081
0.211
0
0
0.18
0
1
2
-24
-8
-8
0
None
7
2
0.484809
0
0
0.874619
0.071316
-0.75791
0.999997
0.484809
0
0
0.874619
0.071316
-0.75791
0.999997
3
0.484809
0
0
0.874619
0.071316
-0.75791
0.999997
0.484809
0
0
0.874619
0.071316
-0.75791
0.999997
0.484809
0
0
0.874619
0.071316
-0.75791
0.999997
3
0.484809
0
0
0.874619
0.071316
-0.75791
0.999997
0.484809
0
0
0.874619
0.071316
-0.75791
0.999997
0.484809
0
0
0.874619
0.071316
-0.75791
0.999997
3
0.484809
0
0
0.874619
0.071316
-0.75791
0.999997
0.484809
0
0
0.874619
0.071316
-0.75791
0.999997
0.484809
0
0
0.874619
0.071316
-0.75791
0.999997
2
0.484809
0
0
0.874619
0.071316
-0.75791
0.999997
0.484809
0
0
0.874619
0.071316
-0.75791
0.999997
2
0.484809
0
0
0.874619
0.071316
-0.75791
0.999997
0.484809
0
0
0.874619
0.071316
-0.75791
0.999997
2
0.484809
0
0
0.874619
0.071316
-0.75791
0.999997
0.484809
0
0
0.874619
0.071316
-0.75791
0.999997
head
False
False
False
False
False
0.071
0.180999
0.101
0
0.08
0
1
5
9
10
11
12
18
-24
-8
-8
0
None
7
2
0.190809
0
0
0.981627
0
0.060669
1.000001
0.190809
0
0
0.981627
0
0.060669
1.000001
3
0.190809
0
0
0.981627
0
0.060669
1.000001
0.190809
0
0
0.981627
0
0.060669
1.000001
0.190809
0
0
0.981627
0
0.060669
1.000001
3
0.190809
0
0
0.981627
0
0.060669
1.000001
0.190809
0
0
0.981627
0
0.060669
1.000001
0.190809
0
0
0.981627
0
0.060669
1.000001
3
0.190809
0
0
0.981627
0
0.060669
1.000001
0.190809
0
0
0.981627
0
0.060669
1.000001
0.190809
0
0
0.981627
0
0.060669
1.000001
2
0.190809
0
0
0.981627
0
0.060669
1.000001
0.190809
0
0
0.981627
0
0.060669
1.000001
2
-0.4848
0
0
0.874619
0
0.060669
1.000001
-0.4848
0
0
0.874619
0
0.060669
1.000001
2
0.190809
0
0
0.981627
0
0.060669
1.000001
0.190809
0
0
0.981627
0
0.060669
1.000001
shoulder
False
True
True
False
False
0.061000
0.081000
0.191
0.02
0
-0.04
0
3
5
13
16
-24
-8
-8
0
None
7
2
-0.40557
0.579228
-0.57922
0.40558
-0.97275
0.252686
1.000004
-0.40557
0.579228
-0.57922
0.40558
-0.97275
0.252686
1.000004
3
-0.40557
0.579228
-0.57922
0.40558
-0.97275
0.252686
1.000004
-0.40557
0.579228
-0.57922
0.40558
-0.97275
0.252686
1.000004
-0.40557
0.579228
-0.57922
0.40558
-0.97275
0.252686
1.000004
3
-0.40557
0.579228
-0.57922
0.40558
-0.97275
0.252686
1.000004
-0.40557
0.579228
-0.57922
0.40558
-0.97275
0.252686
1.000004
-0.40557
0.579228
-0.57922
0.40558
-0.97275
0.252686
1.000004
3
-0.40557
0.579228
-0.57922
0.40558
-0.97275
0.252686
1.000004
-0.40557
0.579228
-0.57922
0.40558
-0.97275
0.252686
1.000004
-0.40557
0.579228
-0.57922
0.40558
-0.97275
0.252686
1.000004
2
-0.40557
0.579228
-0.57922
0.40558
-0.97275
0.252686
1.000004
-0.40557
0.579228
-0.57922
0.40558
-0.97275
0.252686
1.000004
2
-0.57139
0.071394
-0.81603
0.04999
-0.97275
0.252686
1.000004
-0.57139
0.071394
-0.81603
0.04999
-0.97275
0.252686
1.000004
2
-0.40557
0.579228
-0.57922
0.40558
-0.97275
0.252686
1.000004
-0.40557
0.579228
-0.57922
0.40558
-0.97275
0.252686
1.000004
hip
False
True
False
False
False
0.061000
0.071000
0.081000
0
0
-0.08
0
1
7
-24
-8
-8
0
None
7
2
-0.46148
0.397285
-0.57819
0.543029
-0.48255
0.131784
-1
-0.46148
0.397285
-0.57819
0.543029
-0.48255
0.131784
-1
3
-0.46148
0.397285
-0.57819
0.543029
-0.48255
0.131784
-1
-0.46148
0.397285
-0.57819
0.543029
-0.48255
0.131784
-1
-0.46148
0.397285
-0.57819
0.543029
-0.48255
0.131784
-1
3
-0.46148
0.397285
-0.57819
0.543029
-0.48255
0.131784
-1
-0.46148
0.397285
-0.57819
0.543029
-0.48255
0.131784
-1
-0.46148
0.397285
-0.57819
0.543029
-0.48255
0.131784
-1
3
-0.46148
0.397285
-0.57819
0.543029
-0.48255
0.131784
-1
-0.46148
0.397285
-0.57819
0.543029
-0.48255
0.131784
-1
-0.46148
0.397285
-0.57819
0.543029
-0.48255
0.131784
-1
2
-0.60341
0.552765
-0.43197
0.379124
-0.48255
0.131784
-1
-0.60341
0.552765
-0.43197
0.379124
-0.48255
0.131784
-1
2
-0.70257
-0.06732
-0.69829
0.119347
-0.48255
0.131784
-1
-0.70257
-0.06732
-0.69829
0.119347
-0.48255
0.131784
-1
2
-0.46148
0.397285
-0.57819
0.543029
-0.48255
0.131784
-1
-0.46148
0.397285
-0.57819
0.543029
-0.48255
0.131784
-1
arm
False
False
True
False
False
0.051000
0.051000
0.171
0
0
-0.12
3
1
6
-24
-8
-8
0
None
7
2
-0.30596
0.664331
-0.58775
0.345829
-0.03206
-0.1696
-0.99999
-0.30596
0.664331
-0.58775
0.345829
-0.03206
-0.1696
-0.99999
3
-0.30596
0.664331
-0.58775
0.345829
-0.03206
-0.1696
-0.99999
-0.30596
0.664331
-0.58775
0.345829
-0.03206
-0.1696
-0.99999
-0.30596
0.664331
-0.58775
0.345829
-0.03206
-0.1696
-0.99999
3
-0.30596
0.664331
-0.58775
0.345829
-0.03206
-0.1696
-0.99999
-0.30596
0.664331
-0.58775
0.345829
-0.03206
-0.1696
-0.99999
-0.30596
0.664331
-0.58775
0.345829
-0.03206
-0.1696
-0.99999
3
-0.30596
0.664331
-0.58775
0.345829
-0.03206
-0.1696
-0.99999
-0.30596
0.664331
-0.58775
0.345829
-0.03206
-0.1696
-0.99999
-0.30596
0.664331
-0.58775
0.345829
-0.03206
-0.1696
-0.99999
2
-0.30596
0.664331
-0.58775
0.345829
-0.03206
-0.1696
-0.99999
-0.30596
0.664331
-0.58775
0.345829
-0.03206
-0.1696
-0.99999
2
-0.45667
0.131108
-0.87726
0.06825
-0.03206
-0.1696
-0.99999
-0.45667
0.131108
-0.87726
0.06825
-0.03206
-0.1696
-0.99999
2
-0.30596
0.664331
-0.58775
0.345829
-0.03206
-0.1696
-0.99999
-0.30596
0.664331
-0.58775
0.345829
-0.03206
-0.1696
-0.99999
hand
False
False
True
False
False
0.101
0.041
0.051
-0.06
-0.02
0
5
0
-24
-8
-8
0
None
7
2
0
-0.08715
-0.57139
0.816035
-0.99999
0.241331
-0.9754
0
-0.08715
-0.57139
0.816035
-0.79749
1.000022
-0.77785
3
0
-0.08715
-0.57139
0.816035
-0.79749
1.000022
-0.77785
0
-0.08715
-0.57139
0.816035
-0.79749
1.000022
-0.77785
0
-0.08715
-0.57139
0.816035
-0.79749
1.000022
-0.77785
3
0
-0.08715
-0.57139
0.816035
-0.79749
1.000022
-0.77785
0
-0.08715
-0.57139
0.816035
-0.79749
1.000022
-0.77785
0
-0.08715
-0.57139
0.816035
-0.79749
1.000022
-0.77785
3
0
-0.08715
-0.57139
0.816035
-0.99999
0.241331
-0.9754
0
-0.08715
-0.57139
0.816035
-0.99999
0.241331
-0.9754
0
-0.08715
-0.57139
0.816035
-0.99999
0.241331
-0.9754
2
0
-0.08715
-0.57139
0.816035
-0.99999
0.241331
-0.9754
0
-0.08715
-0.57139
0.816035
-0.99999
0.241331
-0.9754
2
-0.52453
-0.43405
-0.38169
0.625119
-0.99999
0.241331
-0.9754
-0.52453
-0.43405
-0.38169
0.625119
-0.99999
0.241331
-0.9754
2
0
-0.08715
-0.57139
0.816035
-0.79749
1.000022
-0.77785
0
-0.08715
-0.57139
0.816035
-0.79749
1.000022
-0.77785
leg
False
False
False
False
False
0.081
0.071
0.051
0
0
-0.06
4
1
8
-24
-8
-8
0
None
7
2
-0.69371
-0.05289
-0.07075
0.714814
-0.06811
0.823185
-1
-0.69371
-0.05289
-0.07075
0.714814
-0.06811
0.823185
-1
3
-0.69371
-0.05289
-0.07075
0.714814
-0.06811
0.823185
-1
-0.69371
-0.05289
-0.07075
0.714814
-0.06811
0.823185
-1
-0.69371
-0.05289
-0.07075
0.714814
-0.06811
0.823185
-1
3
-0.69371
-0.05289
-0.07075
0.714814
-0.06811
0.823185
-1
-0.69371
-0.05289
-0.07075
0.714814
-0.06811
0.823185
-1
-0.69371
-0.05289
-0.07075
0.714814
-0.06811
0.823185
-1
3
-0.69371
-0.05289
-0.07075
0.714814
-0.06811
0.823185
-1
-0.69371
-0.05289
-0.07075
0.714814
-0.06811
0.823185
-1
-0.69371
-0.05289
-0.07075
0.714814
-0.06811
0.823185
-1
2
-0.9198
0.143875
-0.02358
0.364296
-0.06811
0.823185
-1
-0.9198
0.143875
-0.02358
0.364296
-0.06811
0.823185
-1
2
-0.99088
-0.08599
-0.0202
0.10167
-0.06811
0.823185
-1
-0.99088
-0.08599
-0.0202
0.10167
-0.06811
0.823185
-1
2
-0.69371
-0.05289
-0.07075
0.714814
-0.06811
0.823185
-1
-0.69371
-0.05289
-0.07075
0.714814
-0.06811
0.823185
-1
foot
False
False
False
False
False
0.051
0.021
0.111
0
0
0.06
7
0
-24
-8
-8
0
None
7
2
0
-0.3173
0
0.948323
-0.99999
0.034382
-0.69239
0
-0.3173
0
0.948323
-0.99999
0.034382
-0.69239
3
0
-0.3173
0
0.948323
-0.99999
0.034382
-0.69239
0
-0.3173
0
0.948323
-0.99999
0.034382
-0.69239
0
-0.3173
0
0.948323
-0.99999
0.034382
-0.69239
3
0
-0.3173
0
0.948323
-0.99999
0.034382
-0.69239
0
-0.3173
0
0.948323
-0.99999
0.034382
-0.69239
0
-0.3173
0
0.948323
-0.99999
0.034382
-0.69239
3
0
-0.3173
0
0.948323
-0.99999
0.034382
-0.69239
0
-0.3173
0
0.948323
-0.99999
0.034382
-0.69239
0
-0.3173
0
0.948323
-0.99999
0.034382
-0.69239
2
-0.40077
-0.28757
-0.13409
0.859472
-0.99999
0.034382
-0.69239
-0.40077
-0.28757
-0.13409
0.859472
-0.99999
0.034382
-0.69239
2
-0.60957
-0.24306
0.203959
0.726458
-0.99999
0.034382
-0.69239
-0.60957
-0.24306
0.203959
0.726458
-0.99999
0.034382
-0.69239
2
0
-0.3173
0
0.948323
-0.99999
0.034382
-0.69239
0
-0.3173
0
0.948323
-0.99999
0.034382
-0.69239
ear
False
True
False
True
False
0.041
0.121
0.021
0
0
0
2
0
0
0
0
0
None
7
2
-0.10336
-0.04736
-0.01051
0.993459
-1.00001
0.192309
-0.30384
-0.10336
-0.04736
-0.01051
0.993459
-1.00001
0.192309
-0.30384
3
-0.10336
-0.04736
-0.01051
0.993459
-1.00001
0.192309
-0.30384
-0.10336
-0.04736
-0.01051
0.993459
-1.00001
0.192309
-0.30384
-0.10336
-0.04736
-0.01051
0.993459
-1.00001
0.192309
-0.30384
3
-0.10336
-0.04736
-0.01051
0.993459
-1.00001
0.192309
-0.30384
-0.10336
-0.04736
-0.01051
0.993459
-1.00001
0.192309
-0.30384
-0.10336
-0.04736
-0.01051
0.993459
-1.00001
0.192309
-0.30384
3
-0.10336
-0.04736
-0.01051
0.993459
-1.00001
0.192309
-0.30384
-0.10336
-0.04736
-0.01051
0.993459
-1.00001
0.192309
-0.30384
-0.10336
-0.04736
-0.01051
0.993459
-1.00001
0.192309
-0.30384
2
-0.10336
-0.04736
-0.01051
0.993459
-1.00001
0.192309
-0.30384
-0.10336
-0.04736
-0.01051
0.993459
-1.00001
0.192309
-0.30384
2
-0.10336
-0.04736
-0.01051
0.993459
-1.00001
0.192309
-0.30384
-0.10336
-0.04736
-0.01051
0.993459
-1.00001
0.192309
-0.30384
2
-0.10336
-0.04736
-0.01051
0.993459
-1.00001
0.192309
-0.30384
-0.10336
-0.04736
-0.01051
0.993459
-1.00001
0.192309
-0.30384
afro0
False
False
False
True
False
0.231
0.231
0.231
0
0
-0.2
2
1
14
0
0
0
0
None
7
2
0
0
0
1
0.273938
0.879025
-0.99999
0.087155
0
0
0.996194
0.273938
0.879025
-0.99999
3
0
0
0
1
0.273938
0.879025
-0.99999
0
0
0
1
0.273938
0.879025
-0.99999
0
0
0
1
0.273938
0.879025
-0.99999
3
0
0
0
1
0.273938
0.879025
-0.99999
0
0
0
1
0.273938
0.879025
-0.99999
0
0
0
1
0.273938
0.879025
-0.99999
3
0
0
0
1
0.273938
0.879025
-0.99999
0
0
0
1
0.273938
0.879025
-0.99999
0
0
0
1
0.273938
0.879025
-0.99999
2
0
0
0
1
0.273938
0.879025
-0.99999
0
0
0
1
0.273938
0.879025
-0.99999
2
0
0
0
1
0.273938
0.879025
-0.99999
0
0
0
1
0.273938
0.879025
-0.99999
2
0
0
0
1
0.273938
0.879025
-0.99999
0
0
0
1
0.273938
0.879025
-0.99999
brows
False
True
False
True
True
0.071
0.061
0.111
0
0
0
2
0
0
0
0
0
None
7
2
0
0
0
1
-1
0.687893
0.797378
0
0
0
1
-1
0.687893
0.797378
3
0
0
0
1
-1
0.687893
0.797378
0
0
0
1
-1
0.687893
0.797378
0
0
0
1
-1
0.687893
0.797378
3
0
0
0
1
-1
0.687893
0.797378
0
0
0
1
-1
0.687893
0.797378
0
0
0
1
-1
0.687893
0.797378
3
0
0
0
1
-1
0.687893
0.797378
0
0
0
1
-1
0.687893
0.797378
0
0
0
1
-1
0.687893
0.797378
2
0
0
0
1
-1
0.687893
0.797378
0
0
0
1
-1
0.687893
0.797378
2
0
0
0
1
-1
0.687893
0.797378
0
0
0
1
-1
0.687893
0.797378
2
0
0
0
1
-1
0.687893
0.797378
0
0
0
1
-1
0.687893
0.797378
upperbloba
False
False
False
True
False
0.080999
0.111
0.151
0
0.02
0
2
0
0
0
0
0
None
7
2
0
0
0
1
0
0.999998
-0.07637
0
0
0
1
0
0.999998
-0.07637
3
0
0
0
1
0
0.999998
-0.07637
0
0
0
1
0
0.999998
-0.07637
0
0
0
1
0
0.999998
-0.07637
3
0
0
0
1
0
0.999998
-0.07637
0
0
0
1
0
0.999998
-0.07637
0
0
0
1
0
0.999998
-0.07637
3
0
0
0
1
0
0.999998
-0.07637
0
0
0
1
0
0.999998
-0.07637
0
0
0
1
0
0.999998
-0.07637
2
0
0
0
1
0
0.999998
-0.07637
0
0
0
1
0
0.999998
-0.07637
2
0
0
0
1
0
0.999998
-0.07637
0
0
0
1
0
0.999998
-0.07637
2
0
0
0
1
0
0.999998
-0.07637
0
0
0
1
0
0.999998
-0.07637
armbranch
False
False
False
True
False
0.041000
0.191
0.051000
0
0.12
0
3
1
15
-24
-8
-8
0
None
7
2
0
0
0.300705
0.953717
-0.20659
1.00002
-0.23788
0
0
0.300705
0.953717
-0.20659
1.00002
-0.23788
3
0
0
0.300705
0.953717
-0.20659
1.00002
-0.23788
0
0
0.300705
0.953717
-0.20659
1.00002
-0.23788
0
0
0.300705
0.953717
-0.20659
1.00002
-0.23788
3
0
0
0.300705
0.953717
-0.20659
1.00002
-0.23788
0
0
0.300705
0.953717
-0.20659
1.00002
-0.23788
0
0
0.300705
0.953717
-0.20659
1.00002
-0.23788
3
0
0
0.300705
0.953717
-0.20659
1.00002
-0.23788
0
0
0.300705
0.953717
-0.20659
1.00002
-0.23788
0
0
0.300705
0.953717
-0.20659
1.00002
-0.23788
2
0
0
0.300705
0.953717
-0.20659
1.00002
-0.23788
0
0
0.300705
0.953717
-0.20659
1.00002
-0.23788
2
0
0
0.300705
0.953717
-0.20659
1.00002
-0.23788
0
0
0.300705
0.953717
-0.20659
1.00002
-0.23788
2
0
0
0.300705
0.953717
-0.20659
1.00002
-0.23788
0
0
0.300705
0.953717
-0.20659
1.00002
-0.23788
mofro
False
True
False
True
False
0.131
0.151
0.161
0
0
0
10
0
0
0
0
0
None
7
2
0
0
0
1
-1
0
-0.1456
-0.08715
0
0
0.996194
-1
0
-0.1456
3
0
0
0
1
-1
0
-0.1456
0
0
0
1
-1
0
-0.1456
0
0
0
1
-1
0
-0.1456
3
0
0
0
1
-1
0
-0.1456
0
0
0
1
-1
0
-0.1456
0
0
0
1
-1
0
-0.1456
3
0
0
0
1
-1
0
-0.1456
0
0
0
1
-1
0
-0.1456
0
0
0
1
-1
0
-0.1456
2
0
0
0
1
-1
0
-0.1456
0
0
0
1
-1
0
-0.1456
2
0
0
0
1
-1
0
-0.1456
0
0
0
1
-1
0
-0.1456
2
0
0
0
1
-1
0
-0.1456
0
0
0
1
-1
0
-0.1456
arsefarse
False
False
False
True
False
0.040999
0.171
0.061
0
0.14
0
13
1
19
-24
-8
-8
0
None
7
2
-0.22222
0.20639
0.535764
0.788019
-0.02047
0.999997
0.1298
-0.22222
0.20639
0.535764
0.788019
-0.02047
0.999997
0.1298
3
-0.22222
0.20639
0.535764
0.788019
-0.02047
0.999997
0.1298
-0.22222
0.20639
0.535764
0.788019
-0.02047
0.999997
0.1298
-0.22222
0.20639
0.535764
0.788019
-0.02047
0.999997
0.1298
3
-0.22222
0.20639
0.535764
0.788019
-0.02047
0.999997
0.1298
-0.22222
0.20639
0.535764
0.788019
-0.02047
0.999997
0.1298
-0.22222
0.20639
0.535764
0.788019
-0.02047
0.999997
0.1298
3
-0.22222
0.20639
0.535764
0.788019
-0.02047
0.999997
0.1298
-0.22222
0.20639
0.535764
0.788019
-0.02047
0.999997
0.1298
-0.22222
0.20639
0.535764
0.788019
-0.02047
0.999997
0.1298
2
-0.22222
0.20639
0.535764
0.788019
-0.02047
0.999997
0.1298
-0.22222
0.20639
0.535764
0.788019
-0.02047
0.999997
0.1298
2
-0.22222
0.20639
0.535764
0.788019
-0.02047
0.999997
0.1298
-0.22222
0.20639
0.535764
0.788019
-0.02047
0.999997
0.1298
2
-0.22222
0.20639
0.535764
0.788019
-0.02047
0.999997
0.1298
-0.22222
0.20639
0.535764
0.788019
-0.02047
0.999997
0.1298
shoulderbab
False
False
False
True
False
0.081000
0.101
0.081000
-0.14
0
0
3
0
0
0
0
0
None
7
2
0.17101
0.17101
0.030153
0.969846
-0.77281
1.000021
-0.00386
0.17101
0.17101
0.030153
0.969846
-0.77281
1.000021
-0.00386
3
0.17101
0.17101
0.030153
0.969846
-0.77281
1.000021
-0.00386
0.17101
0.17101
0.030153
0.969846
-0.77281
1.000021
-0.00386
0.17101
0.17101
0.030153
0.969846
-0.77281
1.000021
-0.00386
3
0.17101
0.17101
0.030153
0.969846
-0.77281
1.000021
-0.00386
0.17101
0.17101
0.030153
0.969846
-0.77281
1.000021
-0.00386
0.17101
0.17101
0.030153
0.969846
-0.77281
1.000021
-0.00386
3
0.17101
0.17101
0.030153
0.969846
-0.77281
1.000021
-0.00386
0.17101
0.17101
0.030153
0.969846
-0.77281
1.000021
-0.00386
0.17101
0.17101
0.030153
0.969846
-0.77281
1.000021
-0.00386
2
0.17101
0.17101
0.030153
0.969846
-0.77281
1.000021
-0.00386
0.17101
0.17101
0.030153
0.969846
-0.77281
1.000021
-0.00386
2
0.17101
0.17101
0.030153
0.969846
-0.77281
1.000021
-0.00386
0.17101
0.17101
0.030153
0.969846
-0.77281
1.000021
-0.00386
2
0.17101
0.17101
0.030153
0.969846
-0.77281
1.000021
-0.00386
0.17101
0.17101
0.030153
0.969846
-0.77281
1.000021
-0.00386
woodie
False
False
False
False
False
0.101
0.041000
0.081001
0
0
-0.04
0
1
20
-24
-8
-8
0
None
7
2
0.987672
0.011376
0.08641
-0.13002
0.029597
-0.99999
-0.94915
0.987672
0.011376
0.08641
-0.13002
0.029597
-0.99999
-0.94915
3
0.987672
0.011376
0.08641
-0.13002
0.029597
-0.99999
-0.94915
0.987672
0.011376
0.08641
-0.13002
0.029597
-0.99999
-0.94915
0.987672
0.011376
0.08641
-0.13002
0.029597
-0.99999
-0.94915
3
0.987672
0.011376
0.08641
-0.13002
0.029597
-0.99999
-0.94915
0.987672
0.011376
0.08641
-0.13002
0.029597
-0.99999
-0.94915
0.987672
0.011376
0.08641
-0.13002
0.029597
-0.99999
-0.94915
3
0.987672
0.011376
0.08641
-0.13002
0.029597
-0.99999
-0.94915
0.987672
0.011376
0.08641
-0.13002
0.029597
-0.99999
-0.94915
0.987672
0.011376
0.08641
-0.13002
0.029597
-0.99999
-0.94915
2
0.995246
0.003801
0.087072
-0.04345
0.029597
-0.99999
-0.94915
0.995246
0.003801
0.087072
-0.04345
0.029597
-0.99999
-0.94915
2
0.840182
0.064257
0.058881
0.535255
0.029597
-0.99999
-0.94915
0.840182
0.064257
0.058881
0.535255
0.029597
-0.99999
-0.94915
2
0.987672
0.011376
0.08641
-0.13002
0.029597
-0.99999
-0.94915
0.987672
0.011376
0.08641
-0.13002
0.029597
-0.99999
-0.94915
goatee
False
False
False
True
False
0.080999
0.070999
0.061
0
0
0
2
0
0
0
0
0
None
7
2
0
0
0
1
0.090862
-1
0.913108
0
0
0
1
0.090862
-1
0.913108
3
0
0
0
1
0.090862
-1
0.913108
0
0
0
1
0.090862
-1
0.913108
0
0
0
1
0.090862
-1
0.913108
3
0
0
0
1
0.090862
-1
0.913108
0
0
0
1
0.090862
-1
0.913108
0
0
0
1
0.090862
-1
0.913108
3
0
0
0
1
0.090862
-1
0.913108
0
0
0
1
0.090862
-1
0.913108
0
0
0
1
0.090862
-1
0.913108
2
0
0
0
1
0.090862
-1
0.913108
0
0
0
1
0.090862
-1
0.913108
2
0
0
0
1
0.090862
-1
0.913108
0
0
0
1
0.090862
-1
0.913108
2
0
0
0
1
0.090862
-1
0.913108
0
0
0
1
0.090862
-1
0.913108
treestuff
False
False
False
True
False
0.131
0.131
0.131
0
0
0
15
0
0
0
0
0
None
7
2
-0.08715
0
0
0.996194
0.876282
0.238094
-1
-0.08715
0
0
0.996194
0.876282
0.238094
-1
3
-0.08715
0
0
0.996194
0.876282
0.238094
-1
-0.08715
0
0
0.996194
0.876282
0.238094
-1
-0.08715
0
0
0.996194
0.876282
0.238094
-1
3
-0.08715
0
0
0.996194
0.876282
0.238094
-1
-0.08715
0
0
0.996194
0.876282
0.238094
-1
-0.08715
0
0
0.996194
0.876282
0.238094
-1
3
-0.08715
0
0
0.996194
0.876282
0.238094
-1
-0.08715
0
0
0.996194
0.876282
0.238094
-1
-0.08715
0
0
0.996194
0.876282
0.238094
-1
2
-0.08715
0
0
0.996194
0.876282
0.238094
-1
-0.08715
0
0
0.996194
0.876282
0.238094
-1
2
-0.08715
0
0
0.996194
0.876282
0.238094
-1
-0.08715
0
0
0.996194
0.876282
0.238094
-1
2
-0.08715
0
0
0.996194
0.876282
0.238094
-1
-0.08715
0
0
0.996194
0.876282
0.238094
-1
woodie3xt
False
False
False
True
False
0.051
0.051000
0.111
0
0
0
17
0
-24
-8
-8
0
None
7
2
-0.04361
0
0
0.999048
-0.08714
0.649671
-1
-0.04361
0
0
0.999048
-0.08714
0.649671
-1
3
-0.04361
0
0
0.999048
-0.08714
0.649671
-1
-0.04361
0
0
0.999048
-0.08714
0.649671
-1
-0.04361
0
0
0.999048
-0.08714
0.649671
-1
3
-0.04361
0
0
0.999048
-0.08714
0.649671
-1
-0.04361
0
0
0.999048
-0.08714
0.649671
-1
-0.04361
0
0
0.999048
-0.08714
0.649671
-1
3
-0.04361
0
0
0.999048
-0.08714
0.649671
-1
-0.04361
0
0
0.999048
-0.08714
0.649671
-1
-0.04361
0
0
0.999048
-0.08714
0.649671
-1
2
-0.04361
0
0
0.999048
-0.08714
0.649671
-1
-0.04361
0
0
0.999048
-0.08714
0.649671
-1
2
-0.04361
0
0
0.999048
-0.08714
0.649671
-1
-0.04361
0
0
0.999048
-0.08714
0.649671
-1
2
-0.04361
0
0
0.999048
-0.08714
0.649671
-1
-0.04361
0
0
0.999048
-0.08714
0.649671
-1
