30
0.759252
0.282353
0.533333
0.282353
perk_giant
false
0.856521
Prehistoric
Raptor
tiranossauro
pré-histórico
raptor
тираннозавр
доисторический
хищник
t-rex
prasejarah
hewan liar
tiranosaurio
prehistórico
dinosaurio
t-rex
ก่อนประวัติศาสตร์
แร็ปเตอร์
pré-histórica
доисторическая
prehistórica
M
M
M
доисторическoe
false
Scales
Sharp Tooth
Uncooked Meat
Bones
?
18
torso
False
False
False
False
False
0.19739
0.211958
0.357633
0
0
0
-1
4
1
5
6
7
0
0
0
0
None
7
2
-0.27563
0
0
0.961261
0
0
0
-0.20791
0
0
0.978147
0
0
0
3
-0.03489
0
0
0.99939
0
0
0
-0.12186
0
0
0.992546
0
0
0
-0.08715
0
0
0.996194
0
0
0
3
-0.27358
0.117148
-0.03359
0.954096
0
0
0
-0.27563
0
0
0.961261
0
0
0
-0.27057
-0.18341
0.052594
0.9436
0
0
0
3
-0.06104
0
0
0.998134
0
-0.06
-0.26
0.113203
0
0
0.993571
0
-0.18
0.3
-0.1908
0
0
0.981627
0
-0.18
0.3
2
-0.39874
0
0
0.91706
0
-0.14
0.099999
-0.43837
0
0
0.898794
0
-0.12
0.099999
2
-0.99965
0
0
0.026177
0
0
-0.63999
-0.99965
0
0
0.026177
0
-0.02
-0.63999
2
-0.43837
0
0
0.898794
0
0
0
-0.55193
0
0
0.833885
0
0
0
neck
False
False
False
True
False
0.109985
0.146403
0.190106
0
0
0.08
0
1
2
0
0
-4
0
None
7
2
-0.15643
0
0
0.987688
0
0.20037
1.000002
-0.15643
0
0
0.987688
0
0.236275
1.000002
3
-0.15643
0
0
0.987688
0
0.20037
1.000002
-0.15643
0
0
0.987688
0
0.20037
1.000002
0.069756
0
0
0.997564
0
0.21234
1.000001
3
-0.15643
0
0
0.987688
0
0.20037
1.000002
-0.15643
0
0
0.987688
0
0.20037
1.000002
-0.15643
0
0
0.987688
0
0.20037
1.000002
3
0.275637
0
0
0.961261
0
0.20037
1.000002
0.104528
0
0
0.994522
0
0.20037
1.000002
-0.40673
0
0
0.913545
0
0.20037
1.000002
2
-0.06975
0
0
0.997564
0
0.20037
1.000002
-0.06975
0
0
0.997564
0
0.20037
1.000002
2
-0.15643
0
0
0.987688
0
-0.11286
1.000002
-0.15643
0
0
0.987688
0
-0.11286
1.000002
2
0.275637
0
0
0.961261
0
-0.97523
0.999999
0.398749
0
0
0.91706
0
-1
0.791448
head
False
False
False
False
False
0.175539
0.124552
0.13912
0
0
0
1
2
3
4
0
0
-4
0
None
7
2
-0.06975
0
0
0.997564
0
0.11408
1.000002
-0.06975
0
0
0.997564
0
0.00953
0.999999
3
-0.06975
0
0
0.997564
0
0.11408
1.000002
-0.06975
0
0
0.997564
0
0.11408
1.000002
-0.06975
0
0
0.997564
0
0.215447
0.999996
3
-0.06975
0
0
0.997564
0
0.11408
1.000002
-0.06975
0
0
0.997564
0
0.11408
1.000002
-0.06975
0
0
0.997564
0
0.11408
1.000002
3
0.622514
0
0
0.782608
0
0.11408
1.000002
0.587785
0
0
0.809016
0
0.11408
1.000002
-0.28401
0
0
0.958819
0
0.11408
1.000002
2
0.104528
0
0
0.994522
0
0.11408
1.000002
0.104528
0
0
0.994522
0
0.11408
1.000002
2
-0.97236
0
0
0.233445
0
0.11408
1.000002
-0.97236
0
0
0.233445
0
0.11408
1.000002
2
-0.06975
0
0
0.997564
0
0.11408
1.000002
-0.06975
0
0
0.997564
0
0.11408
1.000002
snout
False
False
False
True
False
0.124552
0.058998
0.168255
0
0
0.06
2
2
16
17
0
0
-3
0
None
7
2
0.087092
-0.00237
0
0.996197
0.026194
0.285848
0.999994
0.087092
-0.00237
0
0.996197
0.026194
0.285848
0.999994
3
0.087092
-0.00237
0
0.996197
0.026194
0.285848
0.999994
0.087092
-0.00237
0
0.996197
0.026194
0.285848
0.999994
0.087092
-0.00237
0
0.996197
0.026194
0.285848
0.999994
3
0.087092
-0.00237
0
0.996197
0.026194
0.285848
0.999994
0.087092
-0.00237
0
0.996197
0.026194
0.285848
0.999994
0.087092
-0.00237
0
0.996197
0.026194
0.285848
0.999994
3
0.087092
-0.00237
0
0.996197
0.026194
0.285848
0.999994
0.087092
-0.00237
0
0.996197
0.026194
0.285848
0.999994
0.087092
-0.00237
0
0.996197
0.026194
0.285848
0.999994
2
0.087092
-0.00237
0
0.996197
0.026194
0.285848
0.999994
0.087092
-0.00237
0
0.996197
0.026194
0.285848
0.999994
2
0.087092
-0.00237
0
0.996197
0.026194
0.285848
0.999994
0.087092
-0.00237
0
0.996197
0.026194
0.285848
0.999994
2
0.087092
-0.00237
0
0.996197
0.026194
0.285848
0.999994
0.087092
-0.00237
0
0.996197
0.026194
0.285848
0.999994
eyes
True
True
False
True
False
0.043702
0.043702
0.036418
0
0
0.01
2
0
0
0
0
0
SeriousEye
7
2
0.04563
-0.25682
-0.28166
0.923374
-0.97622
0.157399
1.000001
0.04563
-0.25682
-0.28166
0.923374
-0.97622
0.157399
1.000001
3
0.04563
-0.25682
-0.28166
0.923374
-0.97622
0.157399
1.000001
0.04563
-0.25682
-0.28166
0.923374
-0.97622
0.157399
1.000001
0.04563
-0.25682
-0.28166
0.923374
-0.97622
0.157399
1.000001
3
0.04563
-0.25682
-0.28166
0.923374
-0.97622
0.157399
1.000001
0.04563
-0.25682
-0.28166
0.923374
-0.97622
0.157399
1.000001
0.04563
-0.25682
-0.28166
0.923374
-0.97622
0.157399
1.000001
3
0.04563
-0.25682
-0.28166
0.923374
-0.97622
0.157399
1.000001
0.04563
-0.25682
-0.28166
0.923374
-0.97622
0.157399
1.000001
0.04563
-0.25682
-0.28166
0.923374
-0.97622
0.157399
1.000001
2
0.04563
-0.25682
-0.28166
0.923374
-0.97622
0.157399
1.000001
0.04563
-0.25682
-0.28166
0.923374
-0.97622
0.157399
1.000001
2
0.04563
-0.25682
-0.28166
0.923374
-0.97622
0.157399
1.000001
0.04563
-0.25682
-0.28166
0.923374
-0.97622
0.157399
1.000001
2
0.04563
-0.25682
-0.28166
0.923374
-0.97622
0.157399
1.000001
0.04563
-0.25682
-0.28166
0.923374
-0.97622
0.157399
1.000001
shoulder
False
True
False
False
False
0.022579
0.022579
0.088133
0
0
0
0
1
8
0
0
-4
0
None
7
2
-0.82903
0
0
0.559193
-0.46941
-1
0.795849
-0.82903
0
0
0.559193
-0.46941
-1
0.795849
3
-0.82903
0
0
0.559193
-0.46941
-1
0.795849
-0.82903
0
0
0.559193
-0.46941
-1
0.795849
-0.82903
0
0
0.559193
-0.46941
-1
0.795849
3
-0.82903
0
0
0.559193
-0.46941
-1
0.795849
-0.82903
0
0
0.559193
-0.46941
-1
0.795849
-0.82903
0
0
0.559193
-0.46941
-1
0.795849
3
-0.82903
0
0
0.559193
-0.46941
-1
0.795849
-0.82903
0
0
0.559193
-0.46941
-1
0.795849
-0.82903
0
0
0.559193
-0.46941
-1
0.795849
2
-0.82903
0
0
0.559193
-0.27733
-0.99999
0.75696
-0.82903
0
0
0.559193
-0.27733
-0.99999
0.75696
2
-0.7826
0
0
-0.62251
-0.46941
-1
0.795849
-0.7826
0
0
-0.62251
-0.46941
-1
0.795849
2
0
0.484809
-0.87461
0
-0.66021
1
0.848342
0
0.325568
-0.94551
0
-0.37948
0.999998
0.850023
hip
False
True
True
False
False
0.073566
0.168255
0.248377
0
0
0
0
1
9
0
0
-4
0
None
7
2
-0.55919
0
0
0.829037
-1
-0.17017
-0.83273
-0.55919
0
0
0.829037
-1
-0.17017
-0.83273
3
-0.55919
0
0
0.829037
-1
-0.17017
-0.83273
-0.70022
0.09841
-0.09841
0.700225
-1
-0.17609
-0.53045
-0.85716
0
0
0.515038
-1
-0.51397
-0.38449
3
-0.67098
0.186178
-0.17979
0.694829
-1
-0.61023
-0.71834
-0.55919
0
0
0.829037
-1
-0.06092
-0.67828
-0.5523
-0.12969
0.087477
0.81883
-0.96888
-0.44753
-1
3
-0.55919
0
0
0.829037
-1
-0.17017
-0.83273
-0.55919
0
0
0.829037
-1
-0.17017
-0.83273
-0.55919
0
0
0.829037
-1
-0.17017
-0.83273
2
-0.99813
0
0
0.061048
-1
-0.17017
-0.83273
-0.99813
0
0
0.061048
-1
-0.17017
-0.83273
2
-0.95881
0
0
-0.28401
-1
-0.17017
-0.83273
-0.95881
0
0
-0.28401
-1
-0.17017
-0.83273
2
-0.55919
0
0
0.829037
-1
-0.17017
-0.83273
-0.55919
0
0
0.829037
-1
-0.17017
-0.83273
tail
False
False
False
False
False
0.109984
0.109985
0.255661
0
0
0.22
0
1
14
0
0
0
0
None
7
2
-0.98891
-0.00728
-0.13898
-0.05182
0.035806
0.519456
-0.99999
-0.98345
0.009088
0.17341
-0.05154
0.035806
0.519456
-0.99999
3
-0.97303
-0.01177
-0.22464
-0.05099
0.035806
0.519456
-0.99999
-0.99726
0.002739
0.052264
-0.05226
0.035806
0.519456
-0.99999
-0.99482
0.004561
0.087036
-0.05213
0.035806
0.519456
-0.99999
3
-0.99802
0.001826
0.034851
-0.0523
0.035806
0.519456
-0.99999
-0.98891
-0.00728
-0.13898
-0.05182
0.035806
0.519456
-0.99999
-0.98561
-0.12836
-0.09926
-0.04715
0.035806
0.519456
-0.99999
3
-0.98891
-0.00728
-0.13898
-0.05182
0.035806
0.519456
-0.99999
-0.98891
-0.00728
-0.13898
-0.05182
0.035806
0.519456
-0.99999
-0.98891
-0.00728
-0.13898
-0.05182
0.035806
0.519456
-0.99999
2
-0.9011
-0.07063
-0.11991
0.410657
0.035806
0.519456
-0.99999
-0.9011
-0.07063
-0.11991
0.410657
0.035806
0.519456
-0.99999
2
0.094912
-0.11469
-0.07882
-0.9857
0.035806
0.519456
-0.99999
0.094912
-0.11469
-0.07882
-0.9857
0.035806
0.519456
-0.99999
2
-0.98891
-0.00728
-0.13898
-0.05182
0.035806
0.519456
-0.99999
-0.98891
-0.00728
-0.13898
-0.05182
0.035806
0.519456
-0.99999
arm
False
False
False
False
False
0.015295
0.022579
0.058998
0
0
-0.04
5
0
0
0
-6
0
None
7
2
-0.73135
0
0
0.681998
-0.19783
-0.10884
-0.99999
-0.73135
0
0
0.681998
-0.19783
-0.10884
-0.99999
3
-0.73135
0
0
0.681998
-0.19783
-0.10884
-0.99999
-0.73135
0
0
0.681998
-0.19783
-0.10884
-0.99999
-0.73135
0
0
0.681998
-0.19783
-0.10884
-0.99999
3
-0.73135
0
0
0.681998
-0.19783
-0.10884
-0.99999
-0.73135
0
0
0.681998
-0.19783
-0.10884
-0.99999
-0.73135
0
0
0.681998
-0.19783
-0.10884
-0.99999
3
-0.73135
0
0
0.681998
-0.19783
-0.10884
-0.99999
-0.73135
0
0
0.681998
-0.19783
-0.10884
-0.99999
-0.73135
0
0
0.681998
-0.19783
-0.10884
-0.99999
2
-0.73135
0
0
0.681998
-0.19783
-0.10884
-0.99999
-0.73135
0
0
0.681998
-0.19783
-0.10884
-0.99999
2
-0.87035
0
0
-0.49242
-0.19783
-0.10884
-0.99999
-0.87035
0
0
-0.49242
-0.19783
-0.10884
-0.99999
2
0.309083
0.6181
-0.66283
-0.28822
-0.19783
-0.10884
-0.99999
0.141072
0.2422
-0.87334
-0.39837
-0.19783
-0.10884
-0.99999
leg
False
False
True
False
False
0.080849
0.073566
0.175539
0
0
-0.12
6
1
10
0
0
0
0
None
7
2
-0.7547
0
0
0.656059
-0.08563
0.318864
-0.99999
-0.7547
0
0
0.656059
-0.08563
0.318864
-0.99999
3
-0.57357
0
0
0.819152
-0.08563
0.318864
-0.99999
-0.63653
0.106612
-0.08945
0.758589
-0.08563
0.318864
-0.99999
-0.73135
0
0
0.681998
-0.08563
0.170486
-0.99999
3
-0.72899
0.1698
-0.19533
0.633704
-0.08563
0.318864
-0.99999
-0.7547
0
0
0.656059
-0.08563
0.318864
-0.99999
-0.74541
-0.10263
0.118062
0.647982
-0.08563
0.318864
-0.99999
3
-0.7547
0
0
0.656059
-0.08563
0.318864
-0.99999
-0.55919
0
0
0.829037
-0.08563
0.318864
-0.99999
-0.55919
0
0
0.829037
-0.08563
0.318864
-0.99999
2
-0.99984
0
0
0.017452
-0.08563
0.318864
-0.99999
-0.99984
0
0
0.017452
-0.08563
0.318864
-0.99999
2
-0.85264
0
0
-0.52249
-0.08563
0.318864
-0.99999
-0.85264
0
0
-0.52249
-0.08563
0.318864
-0.99999
2
-0.7547
0
0
0.656059
-0.08563
0.318864
-0.99999
-0.7547
0
0
0.656059
-0.08563
0.318864
-0.99999
foot
False
False
True
False
False
0.080849
0.044431
0.146403
0
0
0
9
3
11
12
13
0
0
0
0
None
7
2
0.121869
0
0
0.992546
-0.0733
-0.79829
-0.99999
0.121869
0
0
0.992546
-0.0733
-0.79829
-0.99999
3
0.121869
0
0
0.992546
-0.0733
-0.79829
-0.99999
-0.06975
0
0
0.997564
-0.0733
-0.79829
-0.99999
0.121869
0
0
0.992546
-0.07328
-0.68836
-1
3
0.120683
-0.13813
-0.01696
0.982886
-0.0733
-0.79829
-0.99999
0.121869
0
0
0.992546
-0.0733
-0.79829
-0.99999
0.11963
0.189386
0.023253
0.97431
-0.0733
-0.79829
-0.99999
3
0.121869
0
0
0.992546
-0.0733
-0.79829
-0.99999
0.121869
0
0
0.992546
-0.0733
-0.79829
-0.99999
0.121869
0
0
0.992546
-0.0733
-0.79829
-0.99999
2
-0.71325
0
0
0.700909
-0.0733
-0.79829
-0.99999
-0.71325
0
0
0.700909
-0.0733
-0.79829
-0.99999
2
-0.90996
0
0
0.414693
-0.0733
-0.79829
-0.99999
-0.90996
0
0
0.414693
-0.0733
-0.79829
-0.99999
2
0.121869
0
0
0.992546
-0.0733
-0.79829
-0.99999
0.121869
0
0
0.992546
-0.0733
-0.79829
-0.99999
toe
False
False
True
True
False
0.029863
0.037147
0.080850
0
0
0.06
10
0
0
0
0
0
None
7
2
-0.13917
0
0
0.990268
0
0
0.999996
-0.13917
0
0
0.990268
0
0
0.999996
3
-0.13917
0
0
0.990268
0
0
0.999996
0.052335
0
0
0.998629
0
0
0.999996
-0.13917
0
0
0.990268
0
0
0.999996
3
-0.13917
0
0
0.990268
0
0
0.999996
-0.13917
0
0
0.990268
0
0
0.999996
-0.13917
0
0
0.990268
0
0
0.999996
3
-0.13917
0
0
0.990268
0
0
0.999996
-0.13917
0
0
0.990268
0
0
0.999996
-0.13917
0
0
0.990268
0
0
0.999996
2
-0.13917
0
0
0.990268
0
0
0.999996
-0.13917
0
0
0.990268
0
0
0.999996
2
-0.13917
0
0
0.990268
0
0
0.999996
-0.13917
0
0
0.990268
0
0
0.999996
2
-0.13917
0
0
0.990268
0
0
0.999996
-0.13917
0
0
0.990268
0
0
0.999996
toe3
False
False
True
True
False
0.029863
0.037147
0.109985
0
0
0
10
0
0
0
0
0
None
7
2
-0.13366
-0.22634
0.012584
0.964751
-0.76875
0.031211
1.000002
-0.13366
-0.22634
0.012584
0.964751
-0.76875
0.031211
1.000002
3
-0.13366
-0.22634
0.012584
0.964751
-0.76875
0.031211
1.000002
-0.01509
-0.22312
0.040074
0.973849
-0.76875
0.031211
1.000002
-0.13366
-0.22634
0.012584
0.964751
-0.76875
0.031211
1.000002
3
-0.13366
-0.22634
0.012584
0.964751
-0.76875
0.031211
1.000002
-0.13366
-0.22634
0.012584
0.964751
-0.76875
0.031211
1.000002
-0.13366
-0.22634
0.012584
0.964751
-0.76875
0.031211
1.000002
3
-0.13366
-0.22634
0.012584
0.964751
-0.76875
0.031211
1.000002
-0.13366
-0.22634
0.012584
0.964751
-0.76875
0.031211
1.000002
-0.13366
-0.22634
0.012584
0.964751
-0.76875
0.031211
1.000002
2
-0.13366
-0.22634
0.012584
0.964751
-0.76875
0.031211
1.000002
-0.13366
-0.22634
0.012584
0.964751
-0.76875
0.031211
1.000002
2
-0.13366
-0.22634
0.012584
0.964751
-0.76875
0.031211
1.000002
-0.13366
-0.22634
0.012584
0.964751
-0.76875
0.031211
1.000002
2
-0.13366
-0.22634
0.012584
0.964751
-0.76875
0.031211
1.000002
-0.13366
-0.22634
0.012584
0.964751
-0.76875
0.031211
1.000002
toe2
False
False
True
True
False
0.029863
0.037147
0.117268
0
0
0
10
0
0
0
0
0
None
7
2
-0.10184
0.223718
0.023513
0.969032
0.750086
0
1.000002
0
0.224951
0
0.97437
0.750086
0
1.000002
3
0
0.224951
0
0.97437
0.750086
0
1.000002
0
0.224951
0
0.97437
0.750086
0
1.000002
0
0.224951
0
0.97437
0.750086
0
1.000002
3
-0.10184
0.223718
0.023513
0.969032
0.750086
0
1.000002
-0.10184
0.223718
0.023513
0.969032
0.750086
0
1.000002
-0.10184
0.223718
0.023513
0.969032
0.750086
0
1.000002
3
-0.10184
0.223718
0.023513
0.969032
0.750086
0
1.000002
-0.10184
0.223718
0.023513
0.969032
0.750086
0
1.000002
-0.10184
0.223718
0.023513
0.969032
0.750086
0
1.000002
2
-0.10184
0.223718
0.023513
0.969032
0.750086
0
1.000002
-0.10184
0.223718
0.023513
0.969032
0.750086
0
1.000002
2
-0.10184
0.223718
0.023513
0.969032
0.750086
0
1.000002
-0.10184
0.223718
0.023513
0.969032
0.750086
0
1.000002
2
-0.10184
0.223718
0.023513
0.969032
0.750086
0
1.000002
-0.10184
0.223718
0.023513
0.969032
0.750086
0
1.000002
tailext
False
False
False
False
False
0.080847
0.088133
0.219241
0
0
-0.12
7
1
15
0
0
0
0
None
7
2
0.463691
-0.13812
-0.07344
0.872077
-0.02028
-0.53667
0.999999
0.455526
0.213604
0.113575
0.85672
-0.02028
-0.53667
0.999999
3
0.463691
-0.13812
-0.07344
0.872077
-0.02028
-0.53667
0.999999
0.017237
-0.08972
-0.12814
0.987537
-0.02028
-0.53667
0.999999
0.451284
0.243373
0.129403
0.848743
-0.02028
-0.53667
0.999999
3
0.43215
-0.34499
-0.18343
0.812757
-0.02028
-0.53667
0.999999
0.465972
0.107604
0.057214
0.876366
-0.02028
-0.53667
0.999999
0.438441
0.247917
0.120767
0.855407
-0.02028
-0.53667
0.999999
3
0.463691
-0.13812
-0.07344
0.872077
-0.02028
-0.53667
0.999999
0.463691
-0.13812
-0.07344
0.872077
-0.02028
-0.53667
0.999999
0.463691
-0.13812
-0.07344
0.872077
-0.02028
-0.53667
0.999999
2
0.762124
-0.15571
-0.01499
0.628247
-0.02028
-0.53667
0.999999
0.762124
-0.15571
-0.01499
0.628247
-0.02028
-0.53667
0.999999
2
-0.69227
-0.11157
0.109646
0.704469
-0.02028
-0.53667
0.999999
-0.69227
-0.11157
0.109646
0.704469
-0.02028
-0.53667
0.999999
2
0.463691
-0.13812
-0.07344
0.872077
-0.02028
-0.53667
0.999999
0.463691
-0.13812
-0.07344
0.872077
-0.02028
-0.53667
0.999999
tailtip
False
False
False
False
False
0.066282
0.051714
0.182822
0
0
-0.14
14
0
0
0
0
0
None
7
2
0.068474
-0.19034
-0.01331
0.979236
0.331839
-0.02207
-1
0.230081
0.299837
-0.07475
0.922806
0.33183
-0.39265
-1
3
0.068474
-0.19034
-0.01331
0.979236
0.331839
-0.02207
-1
0.069745
-0.0174
-0.00121
0.997412
0.331839
-0.02207
-1
0.061591
0.468328
0.032748
0.880796
0.331839
-0.02207
-1
3
0.068474
-0.19034
-0.01331
0.979236
0.331839
-0.02207
-1
0.065123
0.357495
0.024998
0.931306
0.331839
-0.02207
-1
0.058502
0.543312
0.037992
0.836627
0.04621
0.004115
-0.99999
3
0.068474
-0.19034
-0.01331
0.979236
0.331839
-0.02207
-1
0.068474
-0.19034
-0.01331
0.979236
0.331839
-0.02207
-1
0.068474
-0.19034
-0.01331
0.979236
0.331839
-0.02207
-1
2
0.068474
-0.19034
-0.01331
0.979236
0.331839
-0.02207
-1
0.068474
-0.19034
-0.01331
0.979236
0.331839
-0.02207
-1
2
-0.91332
-0.06993
0.177532
0.359767
0.331839
-0.02207
-1
-0.91332
-0.06993
0.177532
0.359767
0.331839
-0.02207
-1
2
0.068474
-0.19034
-0.01331
0.979236
0.331839
-0.02207
-1
0.068474
-0.19034
-0.01331
0.979236
0.331839
-0.02207
-1
jaw
False
False
False
True
False
0.102701
0.066282
0.088133
0
0
0
3
0
0
0
1
0
None
7
2
0
0
0
1
0
-1
0.338603
0
0
0
1
0
-1
0.338603
3
0
0
0
1
0
-1
0.338603
0
0
0
1
0
-1
0.338603
0
0
0
1
0
-1
0.338603
3
0
0
0
1
0
-1
0.338603
0
0
0
1
0
-1
0.338603
0
0
0
1
0
-1
0.338603
3
0
0
0
1
0
-1
0.338603
0
0
0
1
0
-1
0.338603
0
0
0
1
0
-1
0.338603
2
0
0
0
1
0
-1
0.338603
0
0
0
1
0
-1
0.338603
2
0
0
0
1
0
-1
0.338603
0
0
0
1
0
-1
0.338603
2
0
0
0
1
0
-1
0.338603
0
0
0
1
0
-1
0.338603
fang
False
True
False
True
False
0.021
0.041
0.011
0
0
0
3
0
0
-12
12
0
None
7
2
0
0
0
1
-0.79025
-0.99999
0.172124
0
0
0
1
-0.79025
-0.99999
0.172124
3
0
0
0
1
-0.79025
-0.99999
0.172124
0
0
0
1
-0.79025
-0.99999
0.172124
0
0
0
1
-0.79025
-0.99999
0.172124
3
0
0
0
1
-0.79025
-0.99999
0.172124
0
0
0
1
-0.79025
-0.99999
0.172124
0
0
0
1
-0.79025
-0.99999
0.172124
3
0
0
0
1
-0.79025
-0.99999
0.172124
0
0
0
1
-0.79025
-0.99999
0.172124
0
0
0
1
-0.79025
-0.99999
0.172124
2
0
0
0
1
-0.79025
-0.99999
0.172124
0
0
0
1
-0.79025
-0.99999
0.172124
2
0
0
0
1
-0.79025
-0.99999
0.172124
0
0
0
1
-0.79025
-0.99999
0.172124
2
0
0
0
1
-0.79025
-0.99999
0.172124
0
0
0
1
-0.79025
-0.99999
0.172124
