30
0.263569
0.4
0.698039
0.254901
perk_defensive_shell
false
0.113068
shelled
lizard
tartaruga
com casca
Lagarto
черепаха
обстрелянный
ящерица
penyu
bercangkang
kadal
tortuga
desgranado
lagarto
เต่า
เปลือก
จิ้งจก
com casca
обстрелянная
desgranada
M
F
M
обстреляннoe
false
Scales
Uncooked Meat
Bones
?
?
12
torso
False
False
False
False
False
0.271
0.081
0.321
0
0
0
-1
5
1
5
6
7
10
0
0
0
0
None
7
2
0
0
0
1
0
0
0
-0.03489
0
0
0.99939
0
0
0
3
0.034878
0.034878
0.001217
0.998782
0
0
0
-0.06958
-0.06958
0.004865
0.995134
0
0
0
-0.06958
-0.06958
0.004865
0.995134
0
0
0
3
0
0.104528
0
0.994522
0
0
0
-0.06975
0
0
0.997564
0
0
0
0
-0.08715
0
0.996194
0
0
0
3
0.216439
0
0
0.976296
0
-0.12
-0.22
0.130526
0
0
0.991444
0
0
0.2
-0.13052
0
0
0.991444
0
0.06
0.32
2
-0.42261
0
0
0.906307
0
0.12
0.44
-0.46174
0
0
0.88701
0
0.12
0.44
2
-1
0
0
0
0
-0.39999
-0.55999
-1
0
0
0
0
-0.42
-0.55999
2
-0.17364
0
0
0.984807
0
0
0
-0.38268
0
0
0.923879
0
0
0
neck
False
False
False
True
False
0.081
0.071
0.101
0
0
0.08
0
1
2
0
0
0
0
None
7
2
0.034469
-0.15633
-0.00545
0.987086
0
-0.37858
1
0.034469
0.156339
0.005459
0.987086
0
-0.37858
1
3
0.034469
-0.15633
-0.00545
0.987086
0
-0.37858
1
0.034469
-0.15633
-0.00545
0.987086
0
-0.37858
1
0.034469
-0.15633
-0.00545
0.987086
0
-0.37858
1
3
0.034469
-0.15633
-0.00545
0.987086
0
-0.37858
1
0.034469
-0.15633
-0.00545
0.987086
0
-0.37858
1
0.034469
-0.15633
-0.00545
0.987086
0
-0.37858
1
3
-0.09466
-0.15428
-0.02581
0.983141
0
-0.37858
1
0.034469
-0.15633
-0.00545
0.987086
0
0.496604
1.000004
0.034469
-0.15633
-0.00545
0.987086
0
0.496604
1.000004
2
0.243303
0.019503
0.041531
0.968864
0
0.328723
1
0.243303
0.019503
0.041531
0.968864
0
0.328723
1
2
0.034469
-0.15633
-0.00545
0.987086
0
-0.37858
1
0.034469
-0.15633
-0.00545
0.987086
0
-0.37858
1
2
0.034469
-0.15633
-0.00545
0.987086
0
-0.37858
1
0.034469
-0.15633
-0.00545
0.987086
0
-0.37858
1
head
False
False
False
False
False
0.101
0.071
0.101
0
0
0
1
2
3
4
-5
4
2
0
None
7
2
0.052335
0
0
0.998629
0
0.198522
0.999996
0.052335
0
0
0.998629
-0.17522
0.200478
1.000006
3
0.052335
0
0
0.998629
0
-0.13587
0.999988
0.052335
0
0
0.998629
0
0.493877
1.000007
0.052335
0
0
0.998629
0
0.198522
0.999996
3
0.052335
0
0
0.998629
0
0.198522
0.999996
0.052335
0
0
0.998629
0
0.198522
0.999996
0.052335
0
0
0.998629
0
0.198522
0.999996
3
0.544639
0
0
0.83867
0
0.198522
0.999996
0.615661
0
0
0.78801
0
0.198522
0.999996
-0.16504
0
0
0.986285
0
0.198522
0.999996
2
0.095845
0
0
0.995396
0
-0.19633
0.99999
0.095845
0
0
0.995396
0
-0.19633
0.99999
2
-0.99862
0
0
0.052336
0
0.198522
0.999996
-0.99862
0
0
0.052336
0
0.198522
0.999996
2
0.052335
0
0
0.998629
0
0.198522
0.999996
0.052335
0
0
0.998629
0
0.198522
0.999996
snout
False
False
False
True
False
0.060998
0.081
0.041
0
0
-0.02
2
0
-5
4
2
0
None
7
2
-0.01751
-0.00231
0
0.999843
0.026199
-0.38888
0.99999
-0.01751
-0.00231
0
0.999843
0.026199
-0.38888
0.99999
3
-0.01751
-0.00231
0
0.999843
0.026199
-0.38888
0.99999
-0.01751
-0.00231
0
0.999843
0.026199
-0.38888
0.99999
-0.01751
-0.00231
0
0.999843
0.026199
-0.38888
0.99999
3
-0.01751
-0.00231
0
0.999843
0.026199
-0.38888
0.99999
-0.01751
-0.00231
0
0.999843
0.026199
-0.38888
0.99999
-0.01751
-0.00231
0
0.999843
0.026199
-0.38888
0.99999
3
-0.01751
-0.00231
0
0.999843
0.026199
-0.38888
0.99999
-0.01751
-0.00231
0
0.999843
0.026199
-0.38888
0.99999
-0.01751
-0.00231
0
0.999843
0.026199
-0.38888
0.99999
2
-0.01751
-0.00231
0
0.999843
0.026199
-0.38888
0.99999
-0.01751
-0.00231
0
0.999843
0.026199
-0.38888
0.99999
2
-0.01751
-0.00231
0
0.999843
0.026199
-0.38888
0.99999
-0.01751
-0.00231
0
0.999843
0.026199
-0.38888
0.99999
2
-0.01751
-0.00231
0
0.999843
0.026199
-0.38888
0.99999
-0.01751
-0.00231
0
0.999843
0.026199
-0.38888
0.99999
eyes
True
True
False
True
False
0.06
0.06
0.05
0
0
0.01
2
0
0
0
0
0
RegularEye
7
2
0
0
0
1
-0.80001
0.131735
1.000001
0
0
0
1
-0.80001
0.131735
1.000001
3
0
0
0
1
-0.80001
0.131735
1.000001
0
0
0
1
-0.80001
0.131735
1.000001
0
0
0
1
-0.80001
0.131735
1.000001
3
0
0
0
1
-0.80001
0.131735
1.000001
0
0
0
1
-0.80001
0.131735
1.000001
0
0
0
1
-0.80001
0.131735
1.000001
3
0
0
0
1
-0.80001
0.131735
1.000001
0
0
0
1
-0.80001
0.131735
1.000001
0
0
0
1
-0.80001
0.131735
1.000001
2
0
0
0
1
-0.80001
0.131735
1.000001
0
0
0
1
-0.80001
0.131735
1.000001
2
0
0
0
1
-0.80001
0.131735
1.000001
0
0
0
1
-0.80001
0.131735
1.000001
2
0
0
0
1
-0.80001
0.131735
1.000001
0
0
0
1
-0.80001
0.131735
1.000001
shoulder
False
True
True
False
False
0.041
0.061000
0.141000
0
0
-0.04
0
1
8
0
0
0
0
None
7
2
-0.79735
0.238638
-0.23335
0.502807
-0.99999
-0.79544
0.733653
-0.70199
0.42418
-0.30194
0.485912
-1
-0.09083
0.733645
3
-0.79735
0.238638
-0.23335
0.502807
-0.99999
-0.91476
0.479423
-0.71718
0.388563
-0.37773
0.438153
-1
0.189174
0.608693
-0.79735
0.238638
-0.23335
0.502807
-1
-0.80929
0.832268
3
-0.85483
0.279378
-0.2104
0.383326
-1
-0.8611
0.867877
-0.72064
0.394929
-0.3553
0.445485
-0.99999
0.090119
0.645254
-0.5642
0.139161
-0.30337
0.755159
-0.99999
-0.95186
0.467813
3
-0.79735
0.238638
-0.23335
0.502807
-0.99999
-0.79544
0.733653
-0.72333
0.421779
-0.28687
0.465393
-0.99999
0.265464
0.733691
-0.77789
0.455615
-0.22936
0.366997
-0.99999
0.265464
0.733691
2
-0.78752
0.088784
-0.08482
0.60392
-0.64149
-0.99999
0.470668
-0.78752
0.088784
-0.08482
0.60392
-0.64149
-0.99999
0.470668
2
-0.5028
-0.23335
-0.23863
-0.79735
-0.99999
-0.79544
0.733653
-0.5028
-0.23335
-0.23863
-0.79735
-0.99999
-0.79544
0.733653
2
-0.43139
0.211668
0.258068
-0.83814
-1
0.767733
0.733669
-0.07781
0.096797
0.319426
-0.93943
-0.63968
0.999997
0.469321
hip
False
True
True
False
False
0.051
0.071000
0.121
0
0
0
0
1
9
0
0
0
0
None
7
2
-0.70534
0.272777
-0.32271
0.569156
-1
-0.97576
-0.63519
-0.65356
0.349334
-0.41774
0.525654
-0.99999
-0.37507
-0.63519
3
-0.6374
0.473095
-0.41449
0.445079
-0.99999
0.044752
-0.43681
-0.70534
0.272777
-0.32271
0.569156
-0.99999
-0.71983
-0.16651
-0.70534
0.272777
-0.32271
0.569156
-0.92631
-0.99999
-0.74881
3
-0.85895
0.349527
-0.20788
0.311132
-0.99999
-0.86287
-0.4001
-0.68454
0.400321
-0.36905
0.484704
-0.99999
-0.03791
-0.63518
-0.54208
0.167032
-0.35316
0.743983
-1
-0.97576
-0.63519
3
-0.70534
0.272777
-0.32271
0.569156
-0.99999
-0.91439
-0.63523
-0.70534
0.272777
-0.32271
0.569156
-0.86015
-1
-0.54635
-0.70534
0.272777
-0.32271
0.569156
-0.86015
-1
-0.54635
2
-0.98388
0.123285
-0.12466
-0.03497
-1
-0.97576
-0.63519
-0.98388
0.123285
-0.12466
-0.03497
-1
-0.97576
-0.63519
2
-0.56915
-0.32271
-0.27277
-0.70534
-1
-0.97576
-0.63519
-0.56915
-0.32271
-0.27277
-0.70534
-1
-0.97576
-0.63519
2
-0.70534
0.272777
-0.32271
0.569156
-1
-0.97576
-0.63519
-0.70534
0.272777
-0.32271
0.569156
-1
-0.97576
-0.63519
tail
False
False
False
False
False
0.040999
0.041000
0.121002
0
0
0.099999
0
0
0
0
0
0
None
7
2
-0.96577
-0.01234
-0.01234
-0.25877
0.035805
0.377778
-1
-0.96577
-0.01234
-0.01234
-0.25877
0.035805
0.377778
-1
3
-0.96577
-0.01234
-0.01234
-0.25877
0.035805
0.377778
-1
-0.96577
-0.01234
-0.01234
-0.25877
0.035805
0.377778
-1
-0.96577
-0.01234
-0.01234
-0.25877
0.035805
0.377778
-1
3
-0.95466
-0.04823
-0.14663
-0.25454
0.035805
0.377778
-1
-0.96577
-0.01234
-0.01234
-0.25877
0.035805
0.377778
-1
-0.95324
0.032783
0.155552
-0.25699
0.035805
0.377778
-1
3
-0.96577
-0.01234
-0.01234
-0.25877
0.035805
0.377778
-1
-0.96577
-0.01234
-0.01234
-0.25877
0.035805
0.377778
-1
-0.96577
-0.01234
-0.01234
-0.25877
0.035805
0.377778
-1
2
-0.96577
-0.01234
-0.01234
-0.25877
0.035805
0.377778
-1
-0.96577
-0.01234
-0.01234
-0.25877
0.035805
0.377778
-1
2
0.258779
-0.01234
0.01234
-0.96577
0.035805
0.377778
-1
0.258779
-0.01234
0.01234
-0.96577
0.035805
0.377778
-1
2
-0.96577
-0.01234
-0.01234
-0.25877
0.035805
0.377778
-1
-0.96577
-0.01234
-0.01234
-0.25877
0.035805
0.377778
-1
wing
False
False
True
True
False
0.041
0.141
0.061000
0
0
0
5
0
0
5
-9
0
None
7
2
0
0
0
1
-0.98479
1.000003
-0.56021
0
0
0
1
-0.98479
1.000003
-0.56021
3
0
0
0
1
-0.98479
1.000003
-0.56021
0
0
0
1
-0.98479
1.000003
-0.56021
0
0
0
1
-0.98479
1.000003
-0.56021
3
0
0
0
1
-0.98479
1.000003
-0.56021
0
0
0
1
-0.98479
1.000003
-0.56021
0
0
0
1
-0.98479
1.000003
-0.56021
3
0
0
0
1
-0.98479
1.000003
-0.56021
0
0
0
1
-0.98479
1.000003
-0.56021
0
0
0
1
-0.98479
1.000003
-0.56021
2
0
0
0
1
-0.98479
1.000003
-0.56021
0
0
0
1
-0.98479
1.000003
-0.56021
2
0
0
0
1
-0.98479
1.000003
-0.56021
0
0
0
1
-0.98479
1.000003
-0.56021
2
0
0
0
1
-0.98479
1.000003
-0.56021
0
0
0
1
-0.98479
1.000003
-0.56021
legwing
False
False
True
True
False
0.041
0.131
0.051000
0
0
0
6
0
0
5
-9
0
None
7
2
0
0
0
1
-0.71498
1.000008
-0.85217
0
0
0
1
-0.71498
1.000008
-0.85217
3
0
0
0
1
-0.71498
1.000008
-0.85217
0
0
0
1
-0.71498
1.000008
-0.85217
0
0
0
1
-0.71498
1.000008
-0.85217
3
0
0
0
1
-0.71498
1.000008
-0.85217
0
0
0
1
-0.71498
1.000008
-0.85217
0
0
0
1
-0.71498
1.000008
-0.85217
3
0
0
0
1
-0.71498
1.000008
-0.85217
0
0
0
1
-0.71498
1.000008
-0.85217
0
0
0
1
-0.71498
1.000008
-0.85217
2
0
0
0
1
-0.71498
1.000008
-0.85217
0
0
0
1
-0.71498
1.000008
-0.85217
2
0
0
0
1
-0.71498
1.000008
-0.85217
0
0
0
1
-0.71498
1.000008
-0.85217
2
0
0
0
1
-0.71498
1.000008
-0.85217
0
0
0
1
-0.71498
1.000008
-0.85217
shell
False
False
False
True
False
0.301
0.070999
0.391
0
0.06
0
0
1
11
-5
0
-8
0
None
7
2
0
0
0
1
-0.02095
0.999999
-0.0954
0
0
0
1
-0.02095
0.999999
-0.0954
3
0
0
0
1
-0.02095
0.999999
-0.0954
0
0
0
1
-0.02095
0.999999
-0.0954
0
0
0
1
-0.02095
0.999999
-0.0954
3
0
0
0
1
-0.02095
0.999999
-0.0954
0
0
0
1
-0.02095
0.999999
-0.0954
0
0
0
1
-0.02095
0.999999
-0.0954
3
0
0
0
1
-0.02095
0.999999
-0.0954
0
0
0
1
-0.02095
0.999999
-0.0954
0
0
0
1
-0.02095
0.999999
-0.0954
2
0
0
0
1
-0.02095
0.999999
-0.0954
0
0
0
1
-0.02095
0.999999
-0.0954
2
0
0
0
1
-0.02095
0.999999
-0.0954
0
0
0
1
-0.02095
0.999999
-0.0954
2
0
0
0
1
-0.02095
0.999999
-0.0954
0
0
0
1
-0.02095
0.999999
-0.0954
shellext
False
False
False
True
False
0.191
0.041
0.251
0
0.04
0
10
0
-5
0
-8
0
None
7
2
0
0
0
1
0
1.000003
0.226418
0
0
0
1
0
1.000003
0.226418
3
0
0
0
1
0
1.000003
0.226418
0
0
0
1
0
1.000003
0.226418
0
0
0
1
0
1.000003
0.226418
3
0
0
0
1
0
1.000003
0.226418
0
0
0
1
0
1.000003
0.226418
0
0
0
1
0
1.000003
0.226418
3
0
0
0
1
0
1.000003
0.226418
0
0
0
1
0
1.000003
0.226418
0
0
0
1
0
1.000003
0.226418
2
0
0
0
1
0
1.000003
0.226418
0
0
0
1
0
1.000003
0.226418
2
0
0
0
1
0
1.000003
0.226418
0
0
0
1
0
1.000003
0.226418
2
0
0
0
1
0
1.000003
0.226418
0
0
0
1
0
1.000003
0.226418
