30
0.663059
0.890196
0.815686
0.945098
perk_lightning
false
0.18943
uni
pony
unicórnio
mágico
pónei
единорог
волшебный
пони
unicorn
gaib
kuda poni
unicornio
mágico
poni
ยูนิคอร์น
มีมนต์ขลัง
ม้า
mágica
волшебная
mágica
M
M
M
волшебное
false
Feathers
Uncooked Meat
Bones
?
?
22
torso
False
False
False
False
False
0.153163
0.193043
0.368887
0
0
0
-1
5
1
5
6
7
18
0
0
0
0
None
7
2
-0.00872
0
0
0.999962
0
0
0
0.034899
0
0
0.99939
0
0
0
3
0.078459
0
0
0.996917
0
0
0
-0.09584
0
0
0.995396
0
0
0
-0.09584
0
0
0.995396
0
0
0
3
-0.05226
0.052264
-0.00273
0.997261
0
0
0
-0.13917
0
0
0.990268
0
0
0
-0.0522
-0.06966
0.00365
0.996197
0
0
0
3
0.121869
0
0
0.992546
0
-0.02
-0.24
0.121869
0
0
0.992546
0
0
0.4
-0.22495
0
0
0.97437
0
0
0.4
2
-0.46947
0
0
0.882947
0
0
0.16
-0.50753
0
0
0.861629
0
0
0.16
2
-0.99939
0
0
0.034899
0
-0.08
-0.55999
-0.99939
0
0
0.034899
0
-0.09999
-0.55999
2
-0.30901
0
0
0.951056
0
0
0
-0.43051
0
0
0.902585
0
0
0
neck
False
False
False
True
False
0.110753
0.121898
0.171778
0
0
-0.02
0
2
2
13
0
3
-1
0
None
7
2
-0.52991
0
0
0.848048
0
0.924879
1.000001
-0.52991
0
0
0.848048
0
0.924879
1.000001
3
-0.52991
0
0
0.848048
0
0.924879
1.000001
-0.52991
0
0
0.848048
0
0.924879
1.000001
-0.52991
0
0
0.848048
0
0.924879
1.000001
3
-0.45399
0
0
0.891006
0
0.8219
1.000001
-0.45399
0
0
0.891006
0
0.8219
1.000001
-0.45399
0
0
0.891006
0
0.8219
1.000001
3
-0.12186
0
0
0.992546
0
0.924879
1.000001
-0.16504
0
0
0.986285
0
0.924879
1.000001
-0.45399
0
0
0.891006
0
0.924879
1.000001
2
-0.25037
0
0
0.968147
0
-0.07244
0.999999
-0.25037
0
0
0.968147
0
-0.07244
0.999999
2
0.139172
0
0
0.990268
0
0.10781
1.000001
0.139172
0
0
0.990268
0
0.10781
1.000001
2
0.052335
0
0
0.998629
0
0.135929
0.999999
0.182235
0
0
0.983255
0
-0.37173
1.000001
head
False
False
False
False
False
0.134428
0.145693
0.121898
0
0
0
1
4
3
4
12
16
0
0
0
0
None
7
2
0.061048
0
0
0.998134
0
-0.30724
0.999997
0.061048
0
0
0.998134
0
-0.30724
0.999997
3
0.061048
0
0
0.998134
0
-0.30724
0.999997
0.104528
0
0
0.994522
0
-0.30724
0.999997
0.061048
0
0
0.998134
0
-0.30724
0.999997
3
0.061048
0
0
0.998134
0
-0.24383
0.999997
0.061048
0
0
0.998134
0
-0.24383
0.999997
0.061048
0
0
0.998134
0
-0.24383
0.999997
3
0.687699
-0.02594
-0.03506
0.724683
0
-0.30724
0.999997
0.477158
0
0
0.878817
0
-0.30724
0.999997
-0.4848
0
0
0.874619
0
-0.30724
0.999997
2
0.061048
0
0
0.998134
0
-0.30724
0.999997
0.061048
0
0
0.998134
0
-0.30724
0.999997
2
-0.99452
0
0
0.104528
0
-0.30724
0.999997
-0.99452
0
0
0.104528
0
-0.30724
0.999997
2
0.061048
0
0
0.998134
0
-0.24383
0.999997
0.061048
0
0
0.998134
0
-0.24383
0.999997
snout
False
False
False
True
False
0.073283
0.082018
0.091897
0
0
0.06
2
2
14
15
0
0
0
0
None
7
2
0.043555
-0.00235
0
0.999048
0.026197
-0.31705
1.000006
0.043555
-0.00235
0
0.999048
0.026197
-0.31705
1.000006
3
0.043555
-0.00235
0
0.999048
0.026197
-0.31705
1.000006
0.043555
-0.00235
0
0.999048
0.026197
-0.31705
1.000006
0.043555
-0.00235
0
0.999048
0.026197
-0.31705
1.000006
3
0.087092
-0.00237
0
0.996197
0.026195
-0.48949
1.000004
0.087092
-0.00237
0
0.996197
0.026195
-0.48949
1.000004
0.087092
-0.00237
0
0.996197
0.026195
-0.48949
1.000004
3
0.043555
-0.00235
0
0.999048
0.026197
-0.31705
1.000006
0.043555
-0.00235
0
0.999048
0.026197
-0.31705
1.000006
0.043555
-0.00235
0
0.999048
0.026197
-0.31705
1.000006
2
0.043555
-0.00235
0
0.999048
0.026197
-0.31705
1.000006
0.043555
-0.00235
0
0.999048
0.026197
-0.31705
1.000006
2
0.043555
-0.00235
0
0.999048
0.026197
-0.31705
1.000006
0.043555
-0.00235
0
0.999048
0.026197
-0.31705
1.000006
2
0.087092
-0.00237
0
0.996197
0.026195
-0.48949
1.000004
0.087092
-0.00237
0
0.996197
0.026195
-0.48949
1.000004
eyes
True
True
False
True
False
0.052409
0.052409
0.043674
0
0
0.01
2
0
0
0
0
0
UnicornEye
7
2
-0.06718
-0.25204
0.134957
0.955899
-0.88993
0.135899
0.999999
-0.06718
-0.25204
0.134957
0.955899
-0.88993
0.135899
0.999999
3
-0.03371
-0.25866
0.009032
0.965337
-0.99999
0.140743
0.943128
-0.03371
-0.25866
0.009032
0.965337
-0.99999
0.140743
0.943128
-0.03371
-0.25866
0.009032
0.965337
-0.99999
0.140743
0.943128
3
-0.03371
-0.25866
0.009032
0.965337
-0.97625
0.141823
1.000006
-0.03371
-0.25866
0.009032
0.965337
-0.97625
0.141823
1.000006
-0.03371
-0.25866
0.009032
0.965337
-0.97625
0.141823
1.000006
3
-0.03371
-0.25866
0.009032
0.965337
-0.99999
0.140743
0.943128
-0.03371
-0.25866
0.009032
0.965337
-0.99999
0.140743
0.943128
-0.03371
-0.25866
0.009032
0.965337
-0.99999
0.140743
0.943128
2
-0.03371
-0.25866
0.009032
0.965337
-0.99999
0.140743
0.943128
-0.03371
-0.25866
0.009032
0.965337
-0.99999
0.140743
0.943128
2
-0.03371
-0.25866
0.009032
0.965337
-0.99999
0.140743
0.943128
-0.03371
-0.25866
0.009032
0.965337
-0.99999
0.140743
0.943128
2
-0.03371
-0.25866
0.009032
0.965337
-0.97625
0.141823
1.000006
-0.03371
-0.25866
0.009032
0.965337
-0.97625
0.141823
1.000006
shoulder
False
True
True
False
False
0.062018
0.088223
0.166838
0
0
0
0
1
8
0
0
0
0
None
7
2
-0.62932
0
0
0.777146
-0.79458
-1
0.625583
-0.62932
0
0
0.777146
-0.79458
-1
0.625583
3
-0.40673
0
0
0.913545
-0.62391
-1
0.491223
-0.59482
0
0
0.803857
-1
-0.87664
0.516314
-0.83388
0
0
0.551937
-0.79458
-1
0.625583
3
-0.62462
0.09471
-0.07669
0.771353
-0.79458
-1
0.625583
-0.62932
0
0
0.777146
-0.99999
-0.64137
0.553072
-0.62462
-0.09471
0.076694
0.771353
-0.59636
-1
0.479905
3
-0.24192
0
0
0.970295
-0.79458
-1
0.625583
-0.44619
0
0
0.894934
-0.79458
-1
0.625583
-0.72537
0
0
0.688354
-0.79458
-1
0.625583
2
-0.55919
0
0
0.829037
-0.46525
-0.99999
0.446299
-0.55919
0
0
0.829037
-0.46525
-0.99999
0.446299
2
-0.80385
0
0
-0.59482
-0.79458
-1
0.625583
-0.80385
0
0
-0.59482
-0.79458
-1
0.625583
2
-0.77418
0.054848
0.067732
-0.62692
-1
-0.17127
0.787311
-0.54983
0.031942
0.081091
-0.83071
-1
0.411077
0.620383
hip
False
True
True
False
False
0.044548
0.114428
0.201778
0
0
0
0
1
10
0
0
0
0
None
7
2
-0.55919
0
0
0.829037
-0.99999
-0.83881
-0.71836
-0.55919
0
0
0.829037
-0.99999
-0.83881
-0.71836
3
-0.7547
0
0
0.656059
-0.99999
-0.83743
-0.5968
-0.66262
0
0
0.748955
-0.99999
-0.84154
-0.56674
-0.44619
0
0
0.894934
-0.99999
-0.83881
-0.71836
3
-0.5523
0.12969
-0.08747
0.81883
-1
-0.51937
-0.71837
-0.55919
0
0
0.829037
-1
-0.51937
-0.71837
-0.5693
-0.09982
0.069901
0.813046
-1
-0.51937
-0.71837
3
-0.55919
0
0
0.829037
-0.99999
-0.83881
-0.71836
-0.40673
0
0
0.913545
-0.99999
-0.83881
-0.71836
-0.40673
0
0
0.913545
-0.99999
-0.83881
-0.71836
2
-0.98055
0.019292
-0.12909
0.146544
-0.99999
-0.83881
-0.71836
-0.98055
0.019292
-0.12909
0.146544
-0.99999
-0.83881
-0.71836
2
-0.85264
0
0
-0.52249
-0.99999
-0.83881
-0.71836
-0.85264
0
0
-0.52249
-0.99999
-0.83881
-0.71836
2
-0.55919
0
0
0.829037
-1
-0.51937
-0.71837
-0.55919
0
0
0.829037
-1
-0.51937
-0.71837
tail
False
False
False
False
False
0.044548
0.070753
0.193042
0
0
0.04
0
0
-10
6
-5
0
None
7
2
-0.78801
0
0
-0.61566
0.035806
0.334398
-0.99999
-0.78801
0
0
-0.61566
0.035806
0.334398
-0.99999
3
-0.78801
0
0
-0.61566
0.035806
0.334398
-0.99999
-0.78801
0
0
-0.61566
0.035806
0.334398
-0.99999
-0.78801
0
0
-0.61566
0.035806
0.334398
-0.99999
3
-0.78801
0
0
-0.61566
0.035806
0.519456
-0.99999
-0.78801
0
0
-0.61566
0.035806
0.519456
-0.99999
-0.78801
0
0
-0.61566
0.035806
0.519456
-0.99999
3
-0.78801
0
0
-0.61566
0.035806
0.334398
-0.99999
-0.78801
0
0
-0.61566
0.035806
0.334398
-0.99999
-0.78801
0
0
-0.61566
0.035806
0.334398
-0.99999
2
-0.78801
0
0
-0.61566
0.035806
0.334398
-0.99999
-0.78801
0
0
-0.61566
0.035806
0.334398
-0.99999
2
0.580702
0
0
-0.81411
0.035806
0.334398
-0.99999
0.580702
0
0
-0.81411
0.035806
0.334398
-0.99999
2
-0.78801
0
0
-0.61566
0.035806
0.519456
-0.99999
-0.78801
0
0
-0.61566
0.035806
0.519456
-0.99999
arm
False
False
True
False
False
0.045813
0.054547
0.116838
0
0
-0.1
5
1
9
0
8
-9
0
None
7
2
-0.73135
0
0
0.681998
-0.19783
-0.55619
-0.99999
-0.73135
0
0
0.681998
-0.19783
-0.55619
-0.99999
3
-0.5664
0
0
0.824126
-0.19783
-0.55619
-0.99999
-0.60181
0
0
0.798635
-0.1978
-0.15756
-1
-0.90258
0
0
0.430511
-0.19783
-0.55619
-0.99999
3
-0.72857
0.05944
-0.06374
0.679403
-0.19783
-0.55619
-0.99999
-0.58778
0
0
0.809016
-0.19783
-0.55619
-0.99999
-0.72234
-0.10668
0.114408
0.673601
-0.19783
-0.55619
-0.99999
3
-0.86162
0
0
0.507538
-0.19783
-0.55619
-0.99999
-0.41469
0
0
0.909961
-0.19783
-0.55619
-0.99999
-0.83867
0
0
0.544638
-0.19783
-0.55619
-0.99999
2
-0.73135
0
0
0.681998
-0.19783
-0.55619
-0.99999
-0.73135
0
0
0.681998
-0.19783
-0.55619
-0.99999
2
-0.71325
0
0
-0.7009
-0.19783
-0.55619
-0.99999
-0.71325
0
0
-0.7009
-0.19783
-0.55619
-0.99999
2
-0.61331
0.068679
0.053658
-0.78501
-0.19783
-0.55619
-0.99999
-0.38924
0.052451
0.069605
-0.917
-0.19783
-0.55619
-0.99999
hand
False
False
True
False
False
0.054548
0.054548
0.054548
0
-0.02
0
8
0
5
16
1
0
None
7
2
-0.0174
-0.06923
-0.0085
0.997412
0.204793
-0.27773
-1
-0.0174
-0.06923
-0.0085
0.997412
0.204793
-0.27773
-1
3
-0.0174
-0.06923
-0.0085
0.997412
0.204793
-0.27773
-1
-0.0174
-0.06923
-0.0085
0.997412
0.204793
-0.27773
-1
-0.0174
-0.06923
-0.0085
0.997412
0.204793
-0.27773
-1
3
-0.0174
-0.06923
-0.0085
0.997412
0.204793
-0.27773
-1
0.104273
-0.06975
0
0.992099
0.204793
-0.27773
-1
-0.0174
-0.06923
-0.0085
0.997412
0.204793
-0.27773
-1
3
-0.0174
-0.06923
-0.0085
0.997412
0.204793
-0.27773
-1
-0.0174
-0.06923
-0.0085
0.997412
0.204793
-0.27773
-1
-0.0174
-0.06923
-0.0085
0.997412
0.204793
-0.27773
-1
2
-0.0174
-0.06923
-0.0085
0.997412
0.204793
-0.27773
-1
-0.0174
-0.06923
-0.0085
0.997412
0.204793
-0.27773
-1
2
-0.99722
-0.01151
0.068799
0.026113
0.204793
-0.27773
-1
-0.99722
-0.01151
0.068799
0.026113
0.204793
-0.27773
-1
2
-0.99209
0.014503
-0.06823
-0.10427
0.204793
-0.27773
-1
-0.99209
0.014503
-0.06823
-0.10427
0.204793
-0.27773
-1
leg
False
False
True
False
False
0.045813
0.054548
0.150512
0
0
-0.12
6
1
11
0
8
-9
0
None
7
2
-0.69465
0
0
0.719339
-0.08563
0.345932
-1
-0.69465
0
0
0.719339
-0.08563
0.345932
-1
3
-0.83388
0
0
0.551936
-0.08563
0.345932
-1
-0.72537
0
0
0.688354
-0.08563
0.345932
-1
-0.55919
0
0
0.829037
-0.08563
0.345932
-1
3
-0.6841
0.124912
-0.12062
0.708411
-0.08563
0.345932
-1
-0.54463
0
0
0.83867
-0.08563
0.345932
-1
-0.6841
-0.12491
0.120626
0.708411
-0.08563
0.345932
-1
3
-0.69465
0
0
0.719339
-0.08563
0.345932
-1
-0.69465
0
0
0.719339
-0.08563
0.345932
-1
-0.69465
0
0
0.719339
-0.08563
0.345932
-1
2
-0.97447
0.013213
-0.21603
0.059601
-0.08563
0.345932
-1
-0.97447
0.013213
-0.21603
0.059601
-0.08563
0.345932
-1
2
-0.74895
0
0
-0.66261
-0.08563
0.345932
-1
-0.74895
0
0
-0.66261
-0.08563
0.345932
-1
2
-0.69465
0
0
0.719339
-0.08563
0.345932
-1
-0.69465
0
0
0.719339
-0.08563
0.345932
-1
foot
False
False
True
False
False
0.055813
0.055813
0.064548
0
0
0
10
0
5
16
1
0
None
7
2
0
0
0
1
-0.07332
-0.22171
-0.99999
0
0
0
1
-0.07332
-0.22171
-0.99999
3
0
0
0
1
-0.07332
-0.22171
-0.99999
0
0
0
1
-0.07332
-0.22171
-0.99999
0
0
0
1
-0.07332
-0.22171
-0.99999
3
0
0
0
1
-0.07332
0
-0.99999
0
0
0
1
-0.07332
0
-0.99999
0
0
0
1
-0.07332
0
-0.99999
3
0
0
0
1
-0.07332
-0.22171
-0.99999
0
0
0
1
-0.07332
-0.22171
-0.99999
0
0
0
1
-0.07332
-0.22171
-0.99999
2
-0.5
0
0
0.866025
-0.07332
-0.22171
-0.99999
-0.5
0
0
0.866025
-0.07332
-0.22171
-0.99999
2
-0.99904
0
0
0.043619
-0.07332
-0.22171
-0.99999
-0.99904
0
0
0.043619
-0.07332
-0.22171
-0.99999
2
0
0
0
1
-0.07332
0
-0.99999
0
0
0
1
-0.07332
0
-0.99999
ear
False
True
False
True
True
0.068224
0.035813
0.018343
-0.04
0
-0.02
2
0
0
3
-3
0
None
7
2
-0.06269
-0.06054
-0.69201
0.716602
-0.67398
0.999998
-0.47285
-0.06269
-0.06054
-0.69201
0.716602
-0.67398
0.999998
-0.47285
3
-0.06269
-0.06054
-0.69201
0.716602
-0.67398
0.999998
-0.47285
-0.06269
-0.06054
-0.69201
0.716602
-0.67398
0.999998
-0.47285
-0.06269
-0.06054
-0.69201
0.716602
-0.67398
0.999998
-0.47285
3
-0.06269
-0.06054
-0.69201
0.716602
-0.67398
0.999998
-0.47285
-0.06269
-0.06054
-0.69201
0.716602
-0.67398
0.999998
-0.47285
-0.06269
-0.06054
-0.69201
0.716602
-0.67398
0.999998
-0.47285
3
-0.06269
-0.06054
-0.69201
0.716602
-0.67398
0.999998
-0.47285
-0.06269
-0.06054
-0.69201
0.716602
-0.67398
0.999998
-0.47285
-0.06269
-0.06054
-0.69201
0.716602
-0.67398
0.999998
-0.47285
2
-0.06269
-0.06054
-0.69201
0.716602
-0.67398
0.999998
-0.47285
-0.06269
-0.06054
-0.69201
0.716602
-0.67398
0.999998
-0.47285
2
-0.06269
-0.06054
-0.69201
0.716602
-0.67398
0.999998
-0.47285
-0.06269
-0.06054
-0.69201
0.716602
-0.67398
0.999998
-0.47285
2
-0.06269
-0.06054
-0.69201
0.716602
-0.67398
0.999998
-0.47285
-0.06269
-0.06054
-0.69201
0.716602
-0.67398
0.999998
-0.47285
neckmane
False
False
False
True
False
0.103283
0.099488
0.193043
0
0
0
1
0
5
16
1
0
None
7
2
0.087155
0
0
0.996194
0
0.999999
0.487859
0.087155
0
0
0.996194
0
0.999999
0.487859
3
0.087155
0
0
0.996194
0
0.999999
0.487859
0.087155
0
0
0.996194
0
0.999999
0.487859
0.087155
0
0
0.996194
0
0.999999
0.487859
3
0.087155
0
0
0.996194
0
0.999999
0.487859
0.087155
0
0
0.996194
0
0.999999
0.487859
0.087155
0
0
0.996194
0
0.999999
0.487859
3
0.087155
0
0
0.996194
0
0.999999
0.487859
0.087155
0
0
0.996194
0
0.999999
0.487859
0.087155
0
0
0.996194
0
0.999999
0.487859
2
0.087155
0
0
0.996194
0
0.999999
0.487859
0.087155
0
0
0.996194
0
0.999999
0.487859
2
0.087155
0
0
0.996194
0
0.999999
0.487859
0.087155
0
0
0.996194
0
0.999999
0.487859
2
0.087155
0
0
0.996194
0
0.999999
0.487859
0.087155
0
0
0.996194
0
0.999999
0.487859
mouth
True
False
False
True
False
0.080000
0.059999
0.05
0
0
0.01
3
0
0
0
0
0
CuteMouth
7
2
0.130526
0
0
0.991444
0
-0.53904
0.999984
0.130526
0
0
0.991444
0
-0.53904
0.999984
3
0.130526
0
0
0.991444
0
-0.53904
0.999984
0.130526
0
0
0.991444
0
-0.53904
0.999984
0.130526
0
0
0.991444
0
-0.53904
0.999984
3
0.130526
0
0
0.991444
0
-0.53904
0.999984
0.130526
0
0
0.991444
0
-0.53904
0.999984
0.130526
0
0
0.991444
0
-0.53904
0.999984
3
0.130526
0
0
0.991444
0
-0.53904
0.999984
0.130526
0
0
0.991444
0
-0.53904
0.999984
0.130526
0
0
0.991444
0
-0.53904
0.999984
2
0.130526
0
0
0.991444
0
-0.53904
0.999984
0.130526
0
0
0.991444
0
-0.53904
0.999984
2
0.130526
0
0
0.991444
0
-0.53904
0.999984
0.130526
0
0
0.991444
0
-0.53904
0.999984
2
0.130526
0
0
0.991444
0
-0.53904
0.999984
0.130526
0
0
0.991444
0
-0.53904
0.999984
snouttip
False
False
False
True
False
0.061
0.041
0.021
0
0
0
3
0
0
4
-3
0
None
7
2
-0.04361
0
0
0.999048
0
0.534543
1.000006
-0.04361
0
0
0.999048
0
0.534543
1.000006
3
-0.04361
0
0
0.999048
0
0.534543
1.000006
-0.04361
0
0
0.999048
0
0.534543
1.000006
-0.04361
0
0
0.999048
0
0.534543
1.000006
3
-0.04361
0
0
0.999048
0
0.534543
1.000006
-0.04361
0
0
0.999048
0
0.534543
1.000006
-0.04361
0
0
0.999048
0
0.534543
1.000006
3
-0.04361
0
0
0.999048
0
0.534543
1.000006
-0.04361
0
0
0.999048
0
0.534543
1.000006
-0.04361
0
0
0.999048
0
0.534543
1.000006
2
-0.04361
0
0
0.999048
0
0.534543
1.000006
-0.04361
0
0
0.999048
0
0.534543
1.000006
2
-0.04361
0
0
0.999048
0
0.534543
1.000006
-0.04361
0
0
0.999048
0
0.534543
1.000006
2
-0.04361
0
0
0.999048
0
0.534543
1.000006
-0.04361
0
0
0.999048
0
0.534543
1.000006
headcrest
False
False
False
True
True
0.090999
0.041
0.161
0
0.02
0
2
1
17
5
16
1
0
None
7
2
0.043619
0
0
0.999048
0.019217
1.000001
-0.38794
0.043619
0
0
0.999048
0.019217
1.000001
-0.38794
3
0.043619
0
0
0.999048
0.019217
1.000001
-0.38794
0.043619
0
0
0.999048
0.019217
1.000001
-0.38794
0.043619
0
0
0.999048
0.019217
1.000001
-0.38794
3
0.043619
0
0
0.999048
0.019217
1.000001
-0.38794
0.043619
0
0
0.999048
0.019217
1.000001
-0.38794
0.043619
0
0
0.999048
0.019217
1.000001
-0.38794
3
0.043619
0
0
0.999048
0.019217
1.000001
-0.38794
0.043619
0
0
0.999048
0.019217
1.000001
-0.38794
0.043619
0
0
0.999048
0.019217
1.000001
-0.38794
2
0.043619
0
0
0.999048
0.019217
1.000001
-0.38794
0.043619
0
0
0.999048
0.019217
1.000001
-0.38794
2
0.043619
0
0
0.999048
0.019217
1.000001
-0.38794
0.043619
0
0
0.999048
0.019217
1.000001
-0.38794
2
0.043619
0
0
0.999048
0.019217
1.000001
-0.38794
0.043619
0
0
0.999048
0.019217
1.000001
-0.38794
unihorn
False
False
False
True
True
0.031
0.090999
0.021
0
0.08
0
16
0
38
16
1
0
None
7
2
0.087155
0
0
0.996194
0
0.999994
0.695497
0.087155
0
0
0.996194
0
0.999994
0.695497
3
0.087155
0
0
0.996194
0
0.999994
0.695497
0.087155
0
0
0.996194
0
0.999994
0.695497
0.087155
0
0
0.996194
0
0.999994
0.695497
3
0.087155
0
0
0.996194
0
0.999994
0.695497
0.087155
0
0
0.996194
0
0.999994
0.695497
0.087155
0
0
0.996194
0
0.999994
0.695497
3
0.087155
0
0
0.996194
0
0.999994
0.695497
0.087155
0
0
0.996194
0
0.999994
0.695497
0.087155
0
0
0.996194
0
0.999994
0.695497
2
0.087155
0
0
0.996194
0
0.999994
0.695497
0.087155
0
0
0.996194
0
0.999994
0.695497
2
0.087155
0
0
0.996194
0
0.999994
0.695497
0.087155
0
0
0.996194
0
0.999994
0.695497
2
0.087155
0
0
0.996194
0
0.999994
0.695497
0.087155
0
0
0.996194
0
0.999994
0.695497
wingbase
False
True
False
True
False
0.071
0.061
0.101
0
0
0
0
1
19
0
3
-3
0
None
7
2
-0.04361
0
0
0.999048
-0.75708
1.000008
0.182955
-0.05337
-0.03081
0.260164
0.963595
-0.75708
1.000008
0.182955
3
-0.04361
0
0
0.999048
-0.75708
1.000008
0.182955
-0.04324
0.005693
0.130402
0.990501
-0.75708
1.000008
0.182955
-0.0416
0.013116
0.300419
0.952809
-0.75708
1.000008
0.182955
3
-0.04361
0
0
0.999048
-0.75708
1.000008
0.182955
-0.04361
0
0
0.999048
-0.75708
1.000008
0.182955
-0.04361
0
0
0.999048
-0.75708
1.000008
0.182955
3
-0.04324
-0.00569
-0.1304
0.990501
-0.75708
1.000008
0.182955
-0.04213
0.011289
0.258572
0.965006
-0.75708
1.000008
0.182955
-0.04213
0.011289
0.258572
0.965006
-0.75708
1.000008
0.182955
2
-0.04361
0
0
0.999048
-0.75708
1.000008
0.182955
-0.04361
0
0
0.999048
-0.75708
1.000008
0.182955
2
-0.03777
0.021809
0.499524
0.865201
-1
0.565914
0.314378
-0.03777
0.021809
0.499524
0.865201
-1
0.565914
0.314378
2
-0.04361
0
0
0.999048
-0.75708
1.000008
0.182955
-0.04361
0
0
0.999048
-0.75708
1.000008
0.182955
dragwinga
False
False
False
True
False
0.061
0.211
0.061
0
0.2
0
18
1
20
-10
6
-5
0
None
7
2
-0.08674
0.003787
0.13036
0.987657
0
0.999994
0.384778
-0.08674
0.003787
0.13036
0.987657
0
0.999994
0.384778
3
-0.08674
0.003787
0.13036
0.987657
0
0.999994
0.384778
-0.08674
0.003787
0.13036
0.987657
0
0.999994
0.384778
-0.08674
0.003787
0.13036
0.987657
0
0.999994
0.384778
3
-0.08674
0.003787
0.13036
0.987657
0
0.999994
0.384778
-0.08674
0.003787
0.13036
0.987657
0
0.999994
0.384778
-0.08674
0.003787
0.13036
0.987657
0
0.999994
0.384778
3
-0.08674
0.003787
0.13036
0.987657
0
0.999994
0.384778
-0.08674
0.003787
0.13036
0.987657
0
0.999994
0.384778
-0.08674
0.003787
0.13036
0.987657
0
0.999994
0.384778
2
-0.08674
0.003787
0.13036
0.987657
0
0.999994
0.384778
-0.08674
0.003787
0.13036
0.987657
0
0.999994
0.384778
2
-0.08674
0.003787
0.13036
0.987657
0
0.999994
0.384778
-0.08674
0.003787
0.13036
0.987657
0
0.999994
0.384778
2
-0.08674
0.003787
0.13036
0.987657
0
0.999994
0.384778
-0.08674
0.003787
0.13036
0.987657
0
0.999994
0.384778
dragoonishoop
False
False
False
True
False
0.051
0.151
0.041
0
0.12
0
19
1
21
-10
6
-5
0
None
7
2
-0.04295
0.007574
0.173483
0.98387
0
1.000008
0.018271
-0.04295
0.007574
0.173483
0.98387
0
1.000008
0.018271
3
-0.04295
0.007574
0.173483
0.98387
0
1.000008
0.018271
-0.04295
0.007574
0.173483
0.98387
0
1.000008
0.018271
-0.04295
0.007574
0.173483
0.98387
0
1.000008
0.018271
3
-0.04295
0.007574
0.173483
0.98387
0
1.000008
0.018271
-0.04295
0.007574
0.173483
0.98387
0
1.000008
0.018271
-0.04295
0.007574
0.173483
0.98387
0
1.000008
0.018271
3
-0.04295
0.007574
0.173483
0.98387
0
1.000008
0.018271
-0.04295
0.007574
0.173483
0.98387
0
1.000008
0.018271
-0.04295
0.007574
0.173483
0.98387
0
1.000008
0.018271
2
-0.04295
0.007574
0.173483
0.98387
0
1.000008
0.018271
-0.04295
0.007574
0.173483
0.98387
0
1.000008
0.018271
2
-0.04295
0.007574
0.173483
0.98387
0
1.000008
0.018271
-0.04295
0.007574
0.173483
0.98387
0
1.000008
0.018271
2
-0.04295
0.007574
0.173483
0.98387
0
1.000008
0.018271
-0.04295
0.007574
0.173483
0.98387
0
1.000008
0.018271
wingexta
False
False
False
True
False
0.021
0.301
0.121
0
-0.02
-0.06
20
0
0
3
-3
0
None
7
2
0
0
-0.13052
0.991444
-0.13893
-0.82729
-0.99999
0
0
-0.13052
0.991444
-0.13893
-0.82729
-0.99999
3
0
0
-0.13052
0.991444
-0.13893
-0.82729
-0.99999
0
0
-0.13052
0.991444
-0.13893
-0.82729
-0.99999
0
0
-0.13052
0.991444
-0.13893
-0.82729
-0.99999
3
0
0
-0.13052
0.991444
-0.13893
-0.82729
-0.99999
0
0
-0.13052
0.991444
-0.13893
-0.82729
-0.99999
0
0
-0.13052
0.991444
-0.13893
-0.82729
-0.99999
3
0
0
-0.13052
0.991444
-0.13893
-0.82729
-0.99999
0
0
-0.13052
0.991444
-0.13893
-0.82729
-0.99999
0
0
-0.13052
0.991444
-0.13893
-0.82729
-0.99999
2
0
0
-0.13052
0.991444
-0.13893
-0.82729
-0.99999
0
0
-0.13052
0.991444
-0.13893
-0.82729
-0.99999
2
0
0
-0.13052
0.991444
-0.13893
-0.82729
-0.99999
0
0
-0.13052
0.991444
-0.13893
-0.82729
-0.99999
2
0
0
-0.13052
0.991444
-0.13893
-0.82729
-0.99999
0
0
-0.13052
0.991444
-0.13893
-0.82729
-0.99999
