30
0.559516
0.486274
0.309803
0.301960
perk_vampire
false
0.679504
death
scavenger
abutre
morte
necrófago
стервятник
смерть
мусорщик
burung bangkai
kematian
pemulung
buitre
muerte
carroñero
อีแร้ง
ความตาย
คนเก็บขยะ
morte
смерть
muerte
M
M
M
смерть
false
Feathers
Uncooked Meat
Bones
?
?
12
torso
False
False
False
False
False
0.181
0.161
0.311
0
0
0
-1
4
1
5
6
7
0
0
0
0
None
7
2
-0.5664
0
0
0.824126
0
0
0
-0.60181
0
0
0.798635
0
0.02
0
3
-0.41469
0
0
0.909961
0
0
0
-0.63607
0
0
0.771624
0
0
0
-0.5664
0
0
0.824126
0
0
0
3
-0.20677
0.102244
-0.02173
0.972789
0
0
0
-0.20791
0
0
0.978147
0
0
0
-0.20636
-0.1192
0.025338
0.970856
0
0
0
3
-0.07845
0
0
0.996917
0
0
-0.41999
-0.07845
0
0
0.996917
0
0
0.4
-0.52991
0
0
0.848047
0
-0.06
0.36
2
-0.5664
0
0
0.824126
0
0.02
0.099999
-0.60181
0
0
0.798635
0
0.02
0.099999
2
-0.99996
0
0
0.008726
0
-0.08
-0.55999
-0.99996
0
0
0.008726
0
-0.09999
-0.55999
2
-0.3746
0
0
0.927183
0
0
0
-0.49242
0
0
0.870355
0
0
0
neck
False
False
False
True
False
0.071
0.071
0.231001
0
-0.12
0.099999
0
1
2
0
3
16
0
None
7
2
-0.15643
0
0
0.987688
-0.08919
-0.99999
0.566972
-0.1132
0
0
0.993571
-0.08919
-0.99999
0.566972
3
-0.32556
0
0
0.945518
-0.08919
-0.99999
0.566972
-0.1132
0
0
0.993571
-0.08919
-0.99999
0.566972
-0.19936
0
0
0.979924
-0.08919
-0.99999
0.566972
3
-0.62932
0
0
0.777146
0
1.000004
0.919845
-0.62932
0
0
0.777146
0
1.000004
0.919845
-0.62932
0
0
0.777146
0
1.000004
0.919845
3
-0.40673
0
0
0.913545
-0.08919
-0.99999
0.566972
-0.44619
0
0
0.894934
-0.12356
-0.99999
0.785402
-0.44619
0
0
0.894934
-0.08919
-0.99999
0.566972
2
-0.24192
0
0
0.970295
-0.08919
-0.99999
0.566972
-0.24192
0
0
0.970295
-0.08919
-0.99999
0.566972
2
-0.24192
0
0
0.970295
-0.07755
-1
0.492967
-0.24192
0
0
0.970295
-0.07755
-1
0.492967
2
0.275637
0
0
0.961261
0
0.471569
0.999996
0.398749
0
0
0.91706
0
0.147293
1.000002
head
False
False
False
False
False
0.051
0.071
0.071
0
0
0.06
1
2
3
4
0
3
8
0
None
7
2
0.113203
0
0
0.993571
0
-1
0.673278
0.113203
0
0
0.993571
0
-1
0.673278
3
0.113203
0
0
0.993571
0
-1
0.673278
0.113203
0
0
0.993571
0
-1
0.673278
0.113203
0
0
0.993571
0
-1
0.673278
3
0.113203
0
0
0.993571
0
-0.80042
0.999999
0.113203
0
0
0.993571
0
-0.80042
0.999999
0.113203
0
0
0.993571
0
-0.80042
0.999999
3
0.594822
0
0
0.803856
0
-1
0.673278
0.484809
0
0
0.874619
0
-1
0.673278
-0.06104
0
0
0.998134
0
-1
0.673278
2
0.113203
0
0
0.993571
0
-1
0.673278
0.113203
0
0
0.993571
0
-1
0.673278
2
-0.82903
0
0
0.559193
0
-1
0.673278
-0.82903
0
0
0.559193
0
-1
0.673278
2
0.113203
0
0
0.993571
0
-0.80042
0.999999
0.113203
0
0
0.993571
0
-0.80042
0.999999
snout
False
False
False
True
False
0.031
0.051
0.061
0
0
0.04
2
1
11
0
-9
16
0
None
7
2
0.147746
-0.0024
0
0.989022
0.026196
-0.37768
1.000005
0.147746
-0.0024
0
0.989022
0.026196
-0.37768
1.000005
3
0.147746
-0.0024
0
0.989022
0.026196
-0.37768
1.000005
0.147746
-0.0024
0
0.989022
0.026196
-0.37768
1.000005
0.147746
-0.0024
0
0.989022
0.026196
-0.37768
1.000005
3
0.017388
-0.00233
0
0.999845
0.026196
-0.52483
0.999999
0.017388
-0.00233
0
0.999845
0.026196
-0.52483
0.999999
0.017388
-0.00233
0
0.999845
0.026196
-0.52483
0.999999
3
0.147746
-0.0024
0
0.989022
0.026196
-0.37768
1.000005
0.147746
-0.0024
0
0.989022
0.026196
-0.37768
1.000005
0.147746
-0.0024
0
0.989022
0.026196
-0.37768
1.000005
2
0.147746
-0.0024
0
0.989022
0.026196
-0.37768
1.000005
0.147746
-0.0024
0
0.989022
0.026196
-0.37768
1.000005
2
0.147746
-0.0024
0
0.989022
0.026196
-0.37768
1.000005
0.147746
-0.0024
0
0.989022
0.026196
-0.37768
1.000005
2
0.017388
-0.00233
0
0.999845
0.026196
-0.52483
0.999999
0.017388
-0.00233
0
0.999845
0.026196
-0.52483
0.999999
eyes
True
True
False
True
False
0.06
0.059999
0.05
0
0
0.03
2
0
0
0
0
0
SeriousEye
7
2
0.008268
-0.27547
-0.12333
0.953327
-1
0.262217
0.613606
0.008268
-0.27547
-0.12333
0.953327
-1
0.262217
0.613606
3
0.008268
-0.27547
-0.12333
0.953327
-1
0.262217
0.613606
0.008268
-0.27547
-0.12333
0.953327
-1
0.262217
0.613606
0.008268
-0.27547
-0.12333
0.953327
-1
0.262217
0.613606
3
-0.01713
-0.19077
0.00333
0.981477
-0.99297
0.340884
1.000002
-0.01713
-0.19077
0.00333
0.981477
-0.99297
0.340884
1.000002
-0.01713
-0.19077
0.00333
0.981477
-0.99297
0.340884
1.000002
3
0.008268
-0.27547
-0.12333
0.953327
-1
0.262217
0.613606
0.008268
-0.27547
-0.12333
0.953327
-1
0.262217
0.613606
0.008268
-0.27547
-0.12333
0.953327
-1
0.262217
0.613606
2
0.008268
-0.27547
-0.12333
0.953327
-1
0.262217
0.613606
0.008268
-0.27547
-0.12333
0.953327
-1
0.262217
0.613606
2
0.008268
-0.27547
-0.12333
0.953327
-1
0.262217
0.613606
0.008268
-0.27547
-0.12333
0.953327
-1
0.262217
0.613606
2
-0.01713
-0.19077
0.00333
0.981477
-0.99297
0.340884
1.000002
-0.01713
-0.19077
0.00333
0.981477
-0.99297
0.340884
1.000002
shoulder
False
True
False
False
False
0.051
0.051
0.141002
-0.02
0
0
0
1
10
0
0
-8
0
None
7
2
-0.99026
0
0
0.139173
-0.9848
0.243495
0.999997
-0.99026
0
0
0.139173
-0.9848
0.243495
0.999997
3
-0.81538
0.570936
0.054974
0.078512
-0.99999
0.008086
0.806381
-0.58971
0.798241
0.022167
-0.12065
-0.99999
0.043768
0.868743
-0.96147
0.257627
0.024806
0.092579
-1
-0.37677
0.457685
3
-0.78801
0
0
0.615661
-0.99999
0.032122
0.49266
-0.81379
0.219846
-0.262
0.469846
-0.99999
0.421772
0.692009
-0.78801
0
0
0.615661
-0.99999
0.032122
0.49266
3
-0.97495
-0.01132
0.216143
0.051095
-0.9848
0.243495
0.999997
-0.80459
0.122592
0.178373
-0.55298
-0.9848
0.243495
0.999997
-0.26077
0.31544
0.134923
-0.90238
-0.9848
0.243495
0.999997
2
-0.99026
0
0
0.139173
-1
0.149802
0.868757
-0.99026
0
0
0.139173
-1
0.149802
0.868757
2
-0.78641
0.391944
0.161095
-0.44941
-0.9848
0.243495
0.999997
-0.78641
0.391944
0.161095
-0.44941
-0.9848
0.243495
0.999997
2
-0.57853
0.269515
0.210568
-0.74048
-0.82006
1.000002
0.404078
-0.32908
0.193722
0.281867
-0.88018
-0.62678
1.000007
0.259752
hip
False
True
True
False
False
0.060999
0.071000
0.121
0
0
0.08
0
1
8
0
0
3
0
None
7
2
-0.62932
0
0
0.777146
-0.4962
-0.95568
-1
-0.62932
0
0
0.777146
-0.4962
-0.95568
-1
3
-0.55919
0
0
0.829037
-0.4962
-0.55466
-0.99999
-0.7826
0
0
0.622514
-0.4962
-0.95568
-1
-0.66262
0
0
0.748955
-0.4962
-0.95568
-1
3
-0.68789
0.100112
-0.09667
0.712339
-0.6649
-1
-0.07051
-0.69465
0
0
0.719339
-1
-0.58784
-0.28105
-0.67947
-0.14955
0.144427
0.70362
-0.49491
-0.99999
-0.08873
3
-0.15643
0
0
0.987688
-0.4962
-0.95568
-1
-0.62932
0
0
0.777146
-0.4962
-0.95568
-1
-0.62932
0
0
0.777146
-0.4962
-0.95568
-1
2
-0.98901
0
0
0.147809
-0.47497
-0.99999
-0.5175
-0.98901
0
0
0.147809
-0.47497
-0.99999
-0.5175
2
-0.99756
0
0
-0.06975
-0.4962
-0.95568
-1
-0.99756
0
0
-0.06975
-0.4962
-0.95568
-1
2
-0.69465
0
0
0.719339
-0.6649
-1
-0.07051
-0.69465
0
0
0.719339
-0.6649
-1
-0.07051
tail
False
False
False
False
False
0.121
0.061
0.181
0
0
0.04
0
0
0
0
-5
0
None
7
2
-0.87461
0
0
-0.4848
0.035807
0.72622
-0.99999
-0.87461
0
0
-0.4848
0.035807
0.72622
-0.99999
3
-0.87461
0
0
-0.4848
0.035807
0.72622
-0.99999
-0.87461
0
0
-0.4848
0.035807
0.72622
-0.99999
-0.87461
0
0
-0.4848
0.035807
0.72622
-0.99999
3
-0.99984
0
0
0.017452
0.035807
0.72622
-0.99999
-0.99984
0
0
0.017452
0.035807
0.72622
-0.99999
-0.99984
0
0
0.017452
0.035807
0.72622
-0.99999
3
-0.99984
0
0
0.017452
0.035807
0.72622
-0.99999
-0.87461
0
0
-0.4848
0.035807
0.72622
-0.99999
-0.87461
0
0
-0.4848
0.035807
0.72622
-0.99999
2
-0.87461
0
0
-0.4848
0.035807
0.72622
-0.99999
-0.87461
0
0
-0.4848
0.035807
0.72622
-0.99999
2
-0.10452
0
0
-0.99452
0.035807
0.72622
-0.99999
-0.10452
0
0
-0.99452
0.035807
0.72622
-0.99999
2
-0.99984
0
0
0.017452
0.035807
0.72622
-0.99999
-0.99984
0
0
0.017452
0.035807
0.72622
-0.99999
leg
False
False
True
False
False
0.021
0.031
0.101
0
0
-0.08
6
1
9
0
-8
10
0
None
7
2
-0.80901
0
0
0.587785
0.150435
0.510489
-1
-0.80901
0
0
0.587785
0.150435
0.510489
-1
3
-0.59482
0
0
0.803856
0.150435
0.510489
-1
-0.89879
0
0
0.438371
0.150435
0.510489
-1
-0.72537
0
0
0.688354
0.150435
0.510489
-1
3
-0.61062
0.188008
-0.15224
0.754061
-0.33145
0.240073
-1
-0.46947
0
0
0.882947
-0.33145
0.240073
-1
-0.61975
-0.13495
0.10928
0.765339
-0.33145
0.240073
-1
3
-0.40673
0
0
0.913545
0.150435
0.510489
-1
-0.80901
0
0
0.587785
0.150435
0.510489
-1
-0.80901
0
0
0.587785
0.150435
0.510489
-1
2
-0.96126
0
0
0.275637
0.150435
0.510489
-1
-0.96126
0
0
0.275637
0.150435
0.510489
-1
2
-0.94551
0
0
-0.32556
0.150435
0.510489
-1
-0.94551
0
0
-0.32556
0.150435
0.510489
-1
2
-0.62932
0
0
0.777146
-0.33145
0.240073
-1
-0.62932
0
0
0.777146
-0.33145
0.240073
-1
foot
False
False
True
False
False
0.051
0.021
0.071
0
0
0.02
8
0
0
-8
10
0
None
7
2
0
-0.1132
0
0.993571
-0.07331
-0.96067
-0.99999
0
-0.1132
0
0.993571
-0.07331
-0.96067
-0.99999
3
0
-0.1132
0
0.993571
-0.07331
-0.96067
-0.99999
0
-0.1132
0
0.993571
-0.07331
-0.96067
-0.99999
0
-0.1132
0
0.993571
-0.07331
-0.96067
-0.99999
3
0
-0.32556
0
0.945518
-0.07331
-0.96067
-0.99999
0.196584
-0.31845
0.067689
0.924856
-0.07331
-0.96067
-0.99999
0
-0.12186
0
0.992546
-0.07331
-0.96067
-0.99999
3
0.496785
-0.09803
-0.0566
0.860458
-0.07331
-0.96067
-0.99999
0
-0.1132
0
0.993571
-0.07331
-0.96067
-0.99999
0
-0.1132
0
0.993571
-0.07331
-0.96067
-0.99999
2
-0.53384
-0.09547
-0.06082
0.83797
-0.07331
-0.96067
-0.99999
-0.53384
-0.09547
-0.06082
0.83797
-0.07331
-0.96067
-0.99999
2
-0.81388
-0.06493
0.09273
0.569889
-0.07331
-0.96067
-0.99999
-0.81388
-0.06493
0.09273
0.569889
-0.07331
-0.96067
-0.99999
2
0
-0.32556
0
0.945518
-0.07331
-0.96067
-0.99999
0
-0.32556
0
0.945518
-0.07331
-0.96067
-0.99999
wing
False
False
False
True
False
0.031
0.251001
0.131
0
0.24
0
5
0
0
0
-10
0
None
7
2
-0.04455
-0.02428
-0.03963
0.997925
-0.99995
0.408559
-0.04196
-0.04455
-0.02428
-0.03963
0.997925
-0.99995
0.408559
-0.04196
3
-0.04455
-0.02428
-0.03963
0.997925
-0.99995
0.408559
-0.04196
-0.04455
-0.02428
-0.03963
0.997925
-0.99995
0.408559
-0.04196
-0.04455
-0.02428
-0.03963
0.997925
-0.99995
0.408559
-0.04196
3
0
-0.02599
-0.03853
0.998918
-1.00001
0.629116
0.080697
0
-0.02599
-0.03853
0.998918
-1.00001
0.629116
0.080697
0
-0.02599
-0.03853
0.998918
-1.00001
0.629116
0.080697
3
-0.04455
-0.02428
-0.03963
0.997925
-0.99995
0.408559
-0.04196
-0.04455
-0.02428
-0.03963
0.997925
-0.99995
0.408559
-0.04196
-0.04455
-0.02428
-0.03963
0.997925
-0.99995
0.408559
-0.04196
2
-0.04455
-0.02428
-0.03963
0.997925
-0.99995
0.408559
-0.04196
-0.04455
-0.02428
-0.03963
0.997925
-0.99995
0.408559
-0.04196
2
-0.04455
-0.02428
-0.03963
0.997925
-0.99995
0.408559
-0.04196
-0.04455
-0.02428
-0.03963
0.997925
-0.99995
0.408559
-0.04196
2
0
-0.02599
-0.03853
0.998918
-1.00001
0.629116
0.080697
0
-0.02599
-0.03853
0.998918
-1.00001
0.629116
0.080697
mouth
True
False
False
True
False
0.079997
0.099999
0.05
0
0
0.01
3
0
0
0
0
0
PlainMouth
7
2
0
0
0
1
-0.19371
-0.75329
0.999998
0
0
0
1
-0.19371
-0.75329
0.999998
3
0
0
0
1
-0.19371
-0.75329
0.999998
0
0
0
1
-0.19371
-0.75329
0.999998
0
0
0
1
-0.19371
-0.75329
0.999998
3
0
0
0
1
-0.19371
-0.75329
0.999998
0
0
0
1
-0.19371
-0.75329
0.999998
0
0
0
1
-0.19371
-0.75329
0.999998
3
0
0
0
1
-0.19371
-0.75329
0.999998
0
0
0
1
-0.19371
-0.75329
0.999998
0
0
0
1
-0.19371
-0.75329
0.999998
2
0
0
0
1
-0.19371
-0.75329
0.999998
0
0
0
1
-0.19371
-0.75329
0.999998
2
0
0
0
1
-0.19371
-0.75329
0.999998
0
0
0
1
-0.19371
-0.75329
0.999998
2
0
0
0
1
-0.19371
-0.75329
0.999998
0
0
0
1
-0.19371
-0.75329
0.999998
