30
0.290752
0.313725
0.235294
0.152941
perk_ram
false
0.150851
obese
fatty
morsa
obeso
homem-gordo
морж
тучный
толстяк
walrus
gendut
gemuk
morsa
obeso
tipo-gordo
วอลรัส
อ้วน
อ้วน 
obesa
тучная
obesa
M
M
M
тучнoe
false
Uncooked Meat
Bones
?
?
?
10
torso
False
False
False
False
False
0.35987
0.26287
0.43747
0
0
0
-1
3
1
5
6
0
0
0
0
None
7
2
0.034899
0
0
0.99939
0
0
0
0.034899
0
0
0.99939
0
0
0
3
0.034851
0.052304
0.001826
0.998021
0
0
0
0.034814
-0.06971
-0.00243
0.996956
0
0
0
0.034899
0
0
0.99939
0
0
0
3
0.034766
0.087102
0.003041
0.995587
0
0
0
0.034899
0
0
0.99939
0
0
0
0.034639
-0.12179
-0.00425
0.991941
0
0
0
3
0.165047
0
0
0.986285
0
-0.08
-0.2
0.034899
0
0
0.99939
0
0
0.2
-0.22495
0
0
0.97437
0
0
0.2
2
-0.61566
0
0
0.78801
0
0.04
0.56
-0.64944
0
0
0.760405
0
0.04
0.56
2
-0.99939
0
0
0.034899
0
-0.52
-0.48
-0.99939
0
0
0.034899
0
-0.54
-0.48
2
-0.22495
0
0
0.97437
0
0
0
-0.3502
0
0
0.936672
0
0
0
neck
False
False
False
True
False
0.25317
0.23377
0.13677
0
0
0
0
1
2
0
0
0
0
None
7
2
-0.25877
-0.01685
0.004517
0.965778
0
0.333453
1.000001
-0.25877
0.016857
-0.00451
0.965778
0
0.333453
1.000001
3
-0.25877
0.016857
-0.00451
0.965778
0
0.333453
1.000001
-0.25783
-0.08418
0.022557
0.96225
0
0.333453
1.000001
-0.25877
-0.01685
0.004517
0.965778
0
0.333453
1.000001
3
-0.25877
-0.01685
0.004517
0.965778
0
0.333453
1.000001
-0.25877
-0.01685
0.004517
0.965778
0
0.333453
1.000001
-0.25877
-0.01685
0.004517
0.965778
0
0.333453
1.000001
3
-0.1305
-0.01612
0.006678
0.991293
0
0.333453
1.000001
0.216406
-0.01286
0.01179
0.976147
0
-0.23004
0.999997
-0.25877
-0.01685
0.004517
0.965778
0
-0.23004
0.999997
2
0.382625
-0.01062
0.013845
0.923738
0
-0.99999
0.694523
0.382625
-0.01062
0.013845
0.923738
0
-0.99999
0.694523
2
0.087142
-0.01429
0.01001
0.996043
0
0.056046
1
0.087142
-0.01429
0.01001
0.996043
0
0.056046
1
2
0.087142
-0.01429
0.01001
0.996043
0
0.003797
0.999998
0.173621
-0.01336
0.011218
0.984657
0
-0.31353
1.000002
head
False
False
False
False
False
0.12707
0.10767
0.11737
0
0
0
1
2
3
4
0
0
-3
0
None
7
2
-0.06975
0
0
0.997564
0
0.354616
0.999997
-0.17364
0
0
0.984807
0
0.354616
0.999997
3
-0.06975
0
0
0.997564
0
0.354616
0.999997
-0.06975
0
0
0.997564
0
0.354616
0.999997
-0.06975
0
0
0.997564
0
0.354616
0.999997
3
-0.06975
0
0
0.997564
0
0.354616
0.999997
-0.06975
0
0
0.997564
0
0.354616
0.999997
-0.06975
0
0
0.997564
0
0.354616
0.999997
3
0.317304
0
0
0.948323
0
0.354616
0.999997
0.317304
0
0
0.948323
0
0.354616
0.999997
-0.522
-0.04058
0.015986
0.851828
0
0.354616
0.999997
2
0.190809
0
0
0.981627
0
-0.5967
1.000004
0.190809
0
0
0.981627
0
-0.5967
1.000004
2
-0.96126
0
0
0.275637
0
-0.28513
1.000007
-0.96126
0
0
0.275637
0
-0.28513
1.000007
2
-0.06975
0
0
0.997564
0
0.354616
0.999997
-0.06975
0
0
0.997564
0
0.354616
0.999997
snout
False
False
False
True
False
0.09797
0.05917
0.03977
0
0
0.02
2
1
8
0
0
-3
0
None
7
2
0.017388
-0.00233
0
0.999845
0.026193
-0.05574
1.000005
0.017388
-0.00233
0
0.999845
0.026193
-0.05574
1.000005
3
0.017388
-0.00233
0
0.999845
0.026193
-0.05574
1.000005
0.017388
-0.00233
0
0.999845
0.026193
-0.05574
1.000005
0.017388
-0.00233
0
0.999845
0.026193
-0.05574
1.000005
3
0.017388
-0.00233
0
0.999845
0.026193
-0.05574
1.000005
0.017388
-0.00233
0
0.999845
0.026193
-0.05574
1.000005
0.017388
-0.00233
0
0.999845
0.026193
-0.05574
1.000005
3
0.017388
-0.00233
0
0.999845
0.026193
-0.05574
1.000005
0.017388
-0.00233
0
0.999845
0.026193
-0.05574
1.000005
0.017388
-0.00233
0
0.999845
0.026193
-0.05574
1.000005
2
0.017388
-0.00233
0
0.999845
0.026193
-0.05574
1.000005
0.017388
-0.00233
0
0.999845
0.026193
-0.05574
1.000005
2
0.017388
-0.00233
0
0.999845
0.026193
-0.05574
1.000005
0.017388
-0.00233
0
0.999845
0.026193
-0.05574
1.000005
2
0.017388
-0.00233
0
0.999845
0.026193
-0.05574
1.000005
0.017388
-0.00233
0
0.999845
0.026193
-0.05574
1.000005
eyes
True
True
False
True
False
0.0582
0.0582
0.048500
0
0
0.01
2
0
0
0
0
0
DerpyEye
7
2
0
-0.1908
0
0.981627
-0.93901
0.366586
1.000002
0
-0.1908
0
0.981627
-0.93901
0.366586
1.000002
3
0
-0.1908
0
0.981627
-0.93901
0.366586
1.000002
0
-0.1908
0
0.981627
-0.93901
0.366586
1.000002
0
-0.1908
0
0.981627
-0.93901
0.366586
1.000002
3
0
-0.1908
0
0.981627
-0.93901
0.366586
1.000002
0
-0.1908
0
0.981627
-0.93901
0.366586
1.000002
0
-0.1908
0
0.981627
-0.93901
0.366586
1.000002
3
0
-0.1908
0
0.981627
-0.93901
0.366586
1.000002
0
-0.1908
0
0.981627
-0.93901
0.366586
1.000002
0
-0.1908
0
0.981627
-0.93901
0.366586
1.000002
2
0
-0.1908
0
0.981627
-0.93901
0.366586
1.000002
0
-0.1908
0
0.981627
-0.93901
0.366586
1.000002
2
0
-0.1908
0
0.981627
-0.93901
0.366586
1.000002
0
-0.1908
0
0.981627
-0.93901
0.366586
1.000002
2
0
-0.1908
0
0.981627
-0.93901
0.366586
1.000002
0
-0.1908
0
0.981627
-0.93901
0.366586
1.000002
shoulder
False
True
False
False
False
0.11737
0.10767
0.10767
0
0
0
0
1
7
0
0
-2
0
None
7
2
-0.69465
0
0
0.71934
-1
-0.47611
0.570169
-0.69465
0
0
0.71934
-1
-0.47611
0.570169
3
-0.70711
0.024239
0
0.706683
-0.99999
-0.56995
0.351327
-0.63302
0.133022
-0.11161
0.754406
-1
-0.13456
0.59605
-0.69465
0
0
0.71934
-1
-0.67429
0.754479
3
-0.68948
0.087665
-0.08465
0.713978
-0.99999
-0.58087
0.636398
-0.69465
0
0
0.71934
-1
-0.14162
0.536805
-0.68789
-0.10011
0.096677
0.712339
-1
-0.48521
0.364984
3
-0.69465
0
0
0.71934
-1
-0.47611
0.570169
-0.69465
0
0
0.71934
-1
-0.47611
0.570169
-0.69465
0
0
0.71934
-1
-0.47611
0.570169
2
-0.69465
0
0
0.71934
-0.99999
-0.68699
0.432455
-0.69465
0
0
0.71934
-0.99999
-0.68699
0.432455
2
-0.71934
0
0
-0.69465
-1
-0.47611
0.570169
-0.71934
0
0
-0.69465
-1
-0.47611
0.570169
2
-0.59459
0.318953
0.277262
-0.68399
-0.56673
0.999998
0.32314
-0.28757
0.188571
0.378215
-0.85947
-0.34312
0.999997
0.195649
tail
False
False
False
False
False
0.25317
0.22407
0.282270
0
0
0.22
0
1
9
0
0
-2
0
None
7
2
-0.99939
0
0
-0.03489
0.035805
-0.07521
-0.99999
-0.99939
0
0
-0.03489
0.035805
-0.07521
-0.99999
3
-0.99939
0
0
-0.03489
0.035805
-0.07521
-0.99999
-0.9842
-0.00606
-0.17354
-0.03436
0.035805
-0.07521
-0.99999
-0.98102
0.006659
0.190692
-0.03425
0.035805
-0.07521
-0.99999
3
-0.98708
-0.00545
-0.15633
-0.03446
0.035805
-0.07521
-0.99999
-0.99939
0
0
-0.03489
0.035805
-0.07521
-0.99999
-0.9842
0.00606
0.173542
-0.03436
0.035805
-0.07521
-0.99999
3
-0.99996
0
0
0.008726
0.035805
-0.07521
-0.99999
-0.99939
0
0
-0.03489
0.035805
-0.07521
-0.99999
-0.99939
0
0
-0.03489
0.035805
-0.07521
-0.99999
2
-0.99539
0
0
0.095845
0.035805
-0.07521
-0.99999
-0.99539
0
0
0.095845
0.035805
-0.07521
-0.99999
2
0.034899
0
0
-0.99939
0.035805
-0.07521
-0.99999
0.034899
0
0
-0.99939
0.035805
-0.07521
-0.99999
2
-0.99939
0
0
-0.03489
0.035805
-0.07521
-0.99999
-0.99939
0
0
-0.03489
0.035805
-0.07521
-0.99999
arm
False
False
False
False
False
0.03977
0.14647
0.03007
0
0
0
5
0
0
0
-3
0
None
7
2
-0.69465
0
0
0.719339
-0.62889
0.358715
-1
-0.69465
0
0
0.719339
-0.62889
0.358715
-1
3
-0.69465
0
0
0.719339
-0.62889
0.358715
-1
-0.69465
0
0
0.719339
-0.62889
0.358715
-1
-0.69465
0
0
0.719339
-0.62889
0.358715
-1
3
-0.69465
0
0
0.719339
-0.62889
0.358715
-1
-0.69465
0
0
0.719339
-0.62889
0.358715
-1
-0.69465
0
0
0.719339
-0.62889
0.358715
-1
3
-0.69465
0
0
0.719339
-0.62889
0.358715
-1
-0.69465
0
0
0.719339
-0.62889
0.358715
-1
-0.69465
0
0
0.719339
-0.62889
0.358715
-1
2
-0.69465
0
0
0.719339
-0.62889
0.358715
-1
-0.69465
0
0
0.719339
-0.62889
0.358715
-1
2
-0.71933
0
0
-0.69465
-0.62889
0.358715
-1
-0.71933
0
0
-0.69465
-0.62889
0.358715
-1
2
-0.58778
0
0
-0.80901
-0.62889
0.358715
-1
-0.27523
-0.04281
0.300248
-0.91228
-0.62889
0.358715
-1
walrustusk
False
True
False
False
False
0.03007
0.09797
0.02037
0
-0.09999
0
3
0
0
-17
13
0
None
7
2
0
0
0
1
-0.73876
-0.99999
0.255435
0
0
0
1
-0.73876
-0.99999
0.255435
3
0
0
0
1
-0.73876
-0.99999
0.255435
0
0
0
1
-0.73876
-0.99999
0.255435
0
0
0
1
-0.73876
-0.99999
0.255435
3
0
0
0
1
-0.73876
-0.99999
0.255435
0
0
0
1
-0.73876
-0.99999
0.255435
0
0
0
1
-0.73876
-0.99999
0.255435
3
0.382683
0
0
0.923879
-0.73876
-0.99999
0.255435
0.422618
0
0
0.906307
-0.73876
-0.99999
0.255435
-0.67559
0
0
0.737277
-0.73876
-0.99999
0.255435
2
0.216439
0
0
0.976296
-0.73876
-0.99999
0.255435
0.216439
0
0
0.976296
-0.73876
-0.99999
0.255435
2
-0.93969
0
0
0.34202
-0.73876
-0.99999
0.255435
-0.93969
0
0
0.34202
-0.73876
-0.99999
0.255435
2
0
0
0
1
-0.73876
-0.99999
0.255435
0
0
0
1
-0.73876
-0.99999
0.255435
tailext
False
True
False
False
False
0.11737
0.11737
0.17557
0
0
-0.1
6
0
0
0
-3
0
None
7
2
-0.12068
0.138135
-0.01696
0.982886
-0.50809
0
0.999999
-0.12068
0.138135
-0.01696
0.982886
-0.50809
0
0.999999
3
-0.12068
0.138135
-0.01696
0.982886
-0.50809
0
0.999999
-0.11771
-0.25688
0.031542
0.958726
-0.58532
0
0.999997
-0.12068
0.138135
-0.01696
0.982886
-0.50809
0
0.999999
3
-0.12068
0.138135
-0.01696
0.982886
-0.50809
0
0.999999
-0.12068
0.138135
-0.01696
0.982886
-0.50809
0
0.999999
-0.12068
0.138135
-0.01696
0.982886
-0.50809
0
0.999999
3
-0.12068
0.138135
-0.01696
0.982886
-0.50809
0
0.999999
-0.12068
0.138135
-0.01696
0.982886
-0.50809
0
0.999999
-0.12068
0.138135
-0.01696
0.982886
-0.50809
0
0.999999
2
-0.12068
0.138135
-0.01696
0.982886
-0.50809
0
0.999999
-0.12068
0.138135
-0.01696
0.982886
-0.50809
0
0.999999
2
-0.98288
-0.01696
-0.13813
-0.12068
-0.50809
0
0.999999
-0.98288
-0.01696
-0.13813
-0.12068
-0.50809
0
0.999999
2
-0.12068
0.138135
-0.01696
0.982886
-0.50809
0
0.999999
-0.12068
0.138135
-0.01696
0.982886
-0.50809
0
0.999999
