30
0.492622
0.756862
0.756862
0.156862
perk_poison_sting
false
0.492857
stinging
buzzer
vespa
pungente
abelha
oca
жалящий
пчела
tawon
yang menyengat
lebah
avispa
zumbador
abeja
ตัวต่อ
แสบ
ผึ้ง
pungente
жалящая
zumbadora
F
F
M
жалящoe
false
Venom
Bug Meat
Honeycomb
?
?
20
torso
False
False
False
False
False
0.121
0.111
0.131
0
0
0
-1
6
1
4
5
10
16
17
0
0
-17
0
None
7
2
-0.12186
0
0
0.992546
0
0
0
-0.1908
0
0
0.981627
0
0
0
3
-0.03489
0
0
0.99939
0
0
0
-0.15643
0
0
0.987688
0
0
0
-0.10452
0
0
0.994522
0
0
0
3
-0.1214
0.086506
-0.01062
0.988769
0
0
0
-0.1908
0
0
0.981627
0
0
0
-0.1212
-0.10374
0.012738
0.987108
0
0
0
3
0.182235
0
0
0.983255
0
-0.22
-0.16
-0.12186
0
0
0.992546
0
-0.18
0.16
-0.20791
0
0
0.978147
0
-0.18
0.16
2
-0.20791
0
0
0.978147
0
0.26
0.12
-0.25038
0
0
0.968147
0
0.28
0.12
2
-0.99996
0
0
0.008726
0
-0.2
-0.32
-0.99996
0
0
0.008726
0
-0.22
-0.32
2
-0.29237
0
0
0.956304
0
0
0
-0.45399
0
0
0.891006
0
0
0
neck
False
False
False
True
False
0.080999
0.051
0.061
0
0
0.06
0
1
2
0
0
-22
0
None
7
2
0
0
0
1
0
0.019438
1.000004
0
0
0
1
0
0.019438
1.000004
3
0
0
0
1
0
0.019438
1.000004
0
0
0
1
0
0.019438
1.000004
0
0
0
1
0
0.019438
1.000004
3
0
0
0
1
0
0.019438
1.000004
0
0
0
1
0
0.019438
1.000004
0
0
0
1
0
0.019438
1.000004
3
0.258819
0
0
0.965925
0
0.019438
1.000004
0.34202
0
0
0.939692
0
0.372986
1.000004
0.34202
0
0
0.939692
0
-0.86557
0.999991
2
0
0
0
1
0
0.019438
1.000004
0
0
0
1
0
0.019438
1.000004
2
0.216439
0
0
0.976296
0
0.019438
1.000004
0.216439
0
0
0.976296
0
0.019438
1.000004
2
0
0
0
1
0
0.019438
1.000004
0
0
0
1
0
0.019438
1.000004
head
False
False
False
False
False
0.091
0.091
0.051
0
0
0
1
3
3
13
14
0
0
0
0
None
7
2
-0.27525
-0.01442
-0.0503
0.959944
0.013187
0.005518
1.000024
-0.27412
0.028811
0.100479
0.955995
0.013187
0.005518
1.000024
3
-0.27525
-0.01442
-0.0503
0.959944
0.013187
0.005518
1.000024
-0.13898
-0.02128
-0.04781
0.98891
0.013187
0.005518
1.000024
-0.27525
-0.01442
-0.0503
0.959944
0.013187
0.005518
1.000024
3
-0.27525
-0.01442
-0.0503
0.959944
0.013187
0.005518
1.000024
-0.27525
-0.01442
-0.0503
0.959944
0.013187
0.005518
1.000024
-0.27525
-0.01442
-0.0503
0.959944
0.013187
0.005518
1.000024
3
0.113048
-0.03257
-0.04095
0.99221
0.013187
0.005518
1.000024
-0.43777
-0.00547
-0.05204
0.897562
0.013187
0.005518
1.000024
-0.35787
-0.00998
-0.05137
0.932301
0.013187
0.005518
1.000024
2
-0.1476
-0.02086
-0.04799
0.98766
0.013187
0.005518
1.000024
-0.1476
-0.02086
-0.04799
0.98766
0.013187
0.005518
1.000024
2
-0.99847
-0.0503
0.014425
-0.01742
0.013187
0.005518
1.000024
-0.99847
-0.0503
0.014425
-0.01742
0.013187
0.005518
1.000024
2
-0.27525
-0.01442
-0.0503
0.959944
0.013187
0.005518
1.000024
-0.27525
-0.01442
-0.0503
0.959944
0.013187
0.005518
1.000024
eyes
True
True
False
True
False
0.06
0.06
0.05
0
0
0.01
2
0
0
0
0
0
SeriousEye
7
2
0.0476
-0.13078
-0.33869
0.930547
-0.73001
-0.01437
0.999999
0.0476
-0.13078
-0.33869
0.930547
-0.73001
-0.01437
0.999999
3
0.0476
-0.13078
-0.33869
0.930547
-0.73001
-0.01437
0.999999
0.0476
-0.13078
-0.33869
0.930547
-0.73001
-0.01437
0.999999
0.0476
-0.13078
-0.33869
0.930547
-0.73001
-0.01437
0.999999
3
0.0476
-0.13078
-0.33869
0.930547
-0.73001
-0.01437
0.999999
0.0476
-0.13078
-0.33869
0.930547
-0.73001
-0.01437
0.999999
0.0476
-0.13078
-0.33869
0.930547
-0.73001
-0.01437
0.999999
3
0.0476
-0.13078
-0.33869
0.930547
-0.73001
-0.01437
0.999999
0.0476
-0.13078
-0.33869
0.930547
-0.73001
-0.01437
0.999999
0.0476
-0.13078
-0.33869
0.930547
-0.73001
-0.01437
0.999999
2
0.0476
-0.13078
-0.33869
0.930547
-0.73001
-0.01437
0.999999
0.0476
-0.13078
-0.33869
0.930547
-0.73001
-0.01437
0.999999
2
0.0476
-0.13078
-0.33869
0.930547
-0.73001
-0.01437
0.999999
0.0476
-0.13078
-0.33869
0.930547
-0.73001
-0.01437
0.999999
2
0.0476
-0.13078
-0.33869
0.930547
-0.73001
-0.01437
0.999999
0.0476
-0.13078
-0.33869
0.930547
-0.73001
-0.01437
0.999999
shoulder
False
True
False
False
False
0.031000
0.031000
0.111
0
0
-0.06
0
1
6
0
0
-16
0
None
7
2
-0.45092
0.563704
-0.51856
0.458261
-0.99999
-0.85803
0.747156
-0.45092
0.563704
-0.51856
0.458261
-0.99999
-0.85803
0.747156
3
-0.45092
0.563704
-0.51856
0.458261
-1.00001
-0.72347
0.38767
-0.45092
0.563704
-0.51856
0.458261
-0.99999
-0.26612
0.690218
-0.45092
0.563704
-0.51856
0.458261
-0.99999
-0.85263
0.854383
3
-0.53007
0.652293
-0.40147
0.363801
-0.99999
-0.85803
0.747156
-0.42853
0.653077
-0.52358
0.340162
-1
0.332389
0.747092
-0.48013
0.519724
-0.49708
0.502261
-1
-0.91395
0.511372
3
-0.45092
0.563704
-0.51856
0.458261
-1
-0.07512
0.747198
-0.45092
0.563704
-0.51856
0.458261
-0.99999
-0.85803
0.747156
-0.45092
0.563704
-0.51856
0.458261
-0.99999
-0.85803
0.747156
2
-0.61264
0.526664
-0.2632
0.527274
-0.99999
-0.85803
0.747156
-0.61264
0.526664
-0.2632
0.527274
-0.99999
-0.85803
0.747156
2
-0.51319
-0.44054
-0.62656
-0.38724
-0.99999
-0.85803
0.747156
-0.51319
-0.44054
-0.62656
-0.38724
-0.99999
-0.85803
0.747156
2
-0.19217
0.742448
-0.63849
-0.06452
-0.99999
-0.85803
0.747156
-0.20265
0.479295
-0.85392
0.005096
-0.99999
-0.00985
0.438038
hip
False
True
False
False
False
0.021000
0.031000
0.111
0
0
-0.09999
0
1
8
0
0
-16
0
None
7
2
-0.26721
0.3902
-0.73605
0.484321
-1
-0.92798
-0.67784
-0.26721
0.3902
-0.73605
0.484321
-1
-0.92798
-0.67784
3
-0.31637
0.465001
-0.69123
0.453736
-1.00001
-0.43494
-0.50936
-0.36923
0.576694
-0.6122
0.395343
-1.00001
-0.65152
-0.29431
-0.26721
0.3902
-0.73605
0.484321
-0.99999
-0.7143
-0.90685
3
-0.37644
0.556676
-0.61978
0.405289
-1
-0.92798
-0.67784
-0.28151
0.581685
-0.6782
0.349898
-1
0.610627
-0.62007
-0.30537
0.364318
-0.72105
0.504079
-0.99999
-0.8016
-0.67782
3
-0.26721
0.3902
-0.73605
0.484321
-0.88106
-0.99999
-0.64206
-0.26721
0.3902
-0.73605
0.484321
-1
-0.92798
-0.67784
-0.26721
0.3902
-0.73605
0.484321
-1
-0.92798
-0.67784
2
-0.26721
0.3902
-0.73605
0.484321
-1
-0.92798
-0.67784
-0.26721
0.3902
-0.73605
0.484321
-1
-0.92798
-0.67784
2
-0.51505
-0.67882
-0.48293
-0.20171
-1
-0.92798
-0.67784
-0.51505
-0.67882
-0.48293
-0.20171
-1
-0.92798
-0.67784
2
-0.26721
0.3902
-0.73605
0.484321
-1
-0.92798
-0.67784
-0.26721
0.3902
-0.73605
0.484321
-1
-0.92798
-0.67784
arm
False
False
False
False
False
0.021
0.031
0.181
0
0
-0.14
4
1
7
0
0
0
0
None
7
2
-0.75925
-0.12892
-0.14454
0.621298
0.189457
-0.09502
-0.99999
-0.75925
-0.12892
-0.14454
0.621298
0.189457
-0.09502
-0.99999
3
-0.60003
-0.15813
-0.11183
0.776171
0.189457
-0.09502
-0.99999
-0.75925
-0.12892
-0.14454
0.621298
0.189457
-0.09502
-0.99999
-0.85235
-0.14291
-0.12854
0.486349
0.189457
-0.09502
-0.99999
3
-0.80814
0.036953
-0.28448
0.514394
0.189457
-0.09502
-0.99999
-0.71459
-0.19803
-0.0473
0.669247
0.189457
-0.09502
-0.99999
-0.75852
-0.30121
0.0695
0.573651
0.189457
-0.09502
-0.99999
3
-0.75925
-0.12892
-0.14454
0.621298
0.189457
-0.09502
-0.99999
-0.75925
-0.12892
-0.14454
0.621298
0.189457
-0.09502
-0.99999
-0.75925
-0.12892
-0.14454
0.621298
0.189457
-0.09502
-0.99999
2
-0.67166
-0.14668
-0.12647
0.715086
0.189457
-0.09502
-0.99999
-0.67166
-0.14668
-0.12647
0.715086
0.189457
-0.09502
-0.99999
2
-0.71508
-0.16013
0.108953
-0.67166
0.189457
-0.09502
-0.99999
-0.71508
-0.16013
0.108953
-0.67166
0.189457
-0.09502
-0.99999
2
0.27419
0.634247
-0.72262
0.019076
0.189457
-0.09502
-0.99999
0.260619
0.309431
-0.91033
-0.0873
0.189457
-0.09502
-0.99999
hand
False
False
False
False
False
0.031
0.031
0.031
0
-0.02
-0.02
6
0
0
0
-18
0
None
7
2
0
-0.13917
0
0.990268
0.147063
-0.57498
-0.99999
0
-0.13917
0
0.990268
0.147063
-0.57498
-0.99999
3
0
-0.13917
0
0.990268
0.147063
-0.57498
-0.99999
0
-0.13917
0
0.990268
0.147063
-0.57498
-0.99999
0
-0.13917
0
0.990268
0.147063
-0.57498
-0.99999
3
0
-0.13917
0
0.990268
0.147063
-0.57498
-0.99999
0
-0.13917
0
0.990268
0.147063
-0.57498
-0.99999
0
-0.13917
0
0.990268
0.147063
-0.57498
-0.99999
3
0
-0.13917
0
0.990268
0.147063
-0.57498
-0.99999
0
-0.13917
0
0.990268
0.147063
-0.57498
-0.99999
0
-0.13917
0
0.990268
0.147063
-0.57498
-0.99999
2
0
-0.13917
0
0.990268
0.147063
-0.57498
-0.99999
0
-0.13917
0
0.990268
0.147063
-0.57498
-0.99999
2
-0.98179
-0.01816
0.137982
0.129256
0.147063
-0.57498
-0.99999
-0.98179
-0.01816
0.137982
0.129256
0.147063
-0.57498
-0.99999
2
0.139173
0
-0.99026
0
0.147063
-0.57498
-0.99999
0.139173
0
-0.99026
0
0.147063
-0.57498
-0.99999
leg
False
False
False
False
False
0.031
0.031
0.201
0
0
-0.2
5
1
9
0
0
0
0
None
7
2
-0.45743
0.144595
-0.17232
0.860317
-0.99999
-0.92911
-0.9874
-0.45743
0.144595
-0.17232
0.860317
-0.99999
-0.92911
-0.9874
3
-0.62109
0.203205
-0.16026
0.739769
-0.99999
-0.92911
-0.9874
-0.7195
0.159117
-0.11046
0.666927
-0.99999
-0.92911
-0.9874
-0.45743
0.144595
-0.17232
0.860317
-0.99999
-0.92911
-0.9874
3
-0.631
0.268878
-0.21069
0.696521
-0.99999
-0.92911
-0.9874
-0.69892
0.102844
-0.03957
0.706653
-0.99999
-0.92911
-0.9874
-0.70472
-0.1149
0.236677
0.658891
-0.99999
-0.92911
-0.9874
3
-0.45743
0.144595
-0.17232
0.860317
-0.99999
-0.92911
-0.9874
-0.45743
0.144595
-0.17232
0.860317
-0.99999
-0.92911
-0.9874
-0.45743
0.144595
-0.17232
0.860317
-0.99999
-0.92911
-0.9874
2
-0.71372
0.030531
0.141207
0.685369
-0.99999
-0.92911
-0.9874
-0.71372
0.030531
0.141207
0.685369
-0.99999
-0.92911
-0.9874
2
-0.91266
-0.15197
-0.16585
-0.34123
-0.99999
-0.92911
-0.9874
-0.91266
-0.15197
-0.16585
-0.34123
-0.99999
-0.92911
-0.9874
2
-0.45743
0.144595
-0.17232
0.860317
-0.99999
-0.92911
-0.9874
-0.45743
0.144595
-0.17232
0.860317
-0.99999
-0.92911
-0.9874
foot
False
False
False
False
False
0.021
0.031
0.031
0
0
0
8
0
0
0
-18
0
None
7
2
0
0
0
1
0.13029
-0.13534
-1
0
0
0
1
0.13029
-0.13534
-1
3
0
0
0
1
0.13029
-0.13534
-1
0
0
0
1
0.13029
-0.13534
-1
0
0
0
1
0.13029
-0.13534
-1
3
0
0
0
1
0.13029
-0.13534
-1
0
0
0
1
0.13029
-0.13534
-1
0
0
0
1
0.13029
-0.13534
-1
3
0
0
0
1
0.13029
-0.13534
-1
0
0
0
1
0.13029
-0.13534
-1
0
0
0
1
0.13029
-0.13534
-1
2
0
0
0
1
0.13029
-0.13534
-1
0
0
0
1
0.13029
-0.13534
-1
2
-0.99144
0
0
0.130526
0.13029
-0.13534
-1
-0.99144
0
0
0.130526
0.13029
-0.13534
-1
2
0
0
0
1
0.13029
-0.13534
-1
0
0
0
1
0.13029
-0.13534
-1
extrahip
False
True
False
False
False
0.031
0.041
0.101
0
0
-0.09999
0
1
11
0
0
-16
0
None
7
2
0.118062
0.647982
-0.10263
0.745417
-0.99999
-0.98197
0.018788
0.118062
0.647982
-0.10263
0.745417
-0.99999
-0.98197
0.018788
3
0.111148
0.700225
-0.08375
0.700224
-1.00001
-0.35603
0.093247
0.118062
0.647982
-0.10263
0.745417
-1.00001
-0.59151
0.142454
0.118062
0.647982
-0.10263
0.745417
-1.00001
-0.23414
0.132573
3
0.118062
0.647982
-0.10263
0.745417
-0.94168
-0.99999
0.048118
0.294888
0.603906
-0.25634
0.694713
-1.00001
0.157931
0.103088
0.118062
0.647982
-0.10263
0.745417
-0.97645
-1
-0.15311
3
0.118062
0.647982
-0.10263
0.745417
-0.99999
-0.98197
0.018788
0.118062
0.647982
-0.10263
0.745417
-0.99999
-0.98197
0.018788
0.118062
0.647982
-0.10263
0.745417
-0.99999
-0.98197
0.018788
2
0.052645
0.654461
-0.04576
0.75287
-0.99999
-0.98197
0.018788
0.052645
0.654461
-0.04576
0.75287
-0.99999
-0.98197
0.018788
2
-0.72363
-0.01717
-0.65583
0.214349
-0.99999
-0.98197
0.018788
-0.72363
-0.01717
-0.65583
0.214349
-0.99999
-0.98197
0.018788
2
0.118062
0.647982
-0.10263
0.745417
-0.99999
-0.98197
0.018788
0.118062
0.647982
-0.10263
0.745417
-0.99999
-0.98197
0.018788
extraleg
False
False
False
False
False
0.030999
0.031
0.151
0
0
-0.16
10
1
12
0
0
0
0
None
7
2
-0.43968
0.528628
0.412948
0.597244
-0.16136
1.000006
-0.92774
-0.43968
0.528628
0.412948
0.597244
-0.16136
1.000006
-0.92774
3
-0.53102
0.666567
0.316299
0.416712
-0.16136
1.000006
-0.92774
-0.43968
0.528628
0.412948
0.597244
-0.16136
1.000006
-0.92774
-0.27012
0.617494
0.262058
0.690693
-0.16136
1.000006
-0.92774
3
-0.39213
0.692183
0.261042
0.546784
-0.16136
1.000006
-0.92774
-0.43968
0.528628
0.412948
0.597244
-0.16136
1.000006
-0.92774
-0.57909
0.403934
0.607918
0.363213
-0.17394
0.679704
-1
3
-0.43968
0.528628
0.412948
0.597244
-0.16136
1.000006
-0.92774
-0.43968
0.528628
0.412948
0.597244
-0.16136
1.000006
-0.92774
-0.43968
0.528628
0.412948
0.597244
-0.16136
1.000006
-0.92774
2
-0.57928
0.403736
0.535697
0.463095
-0.16136
1.000006
-0.92774
-0.57928
0.403736
0.535697
0.463095
-0.16136
1.000006
-0.92774
2
-0.64952
0.478415
-0.4702
-0.35796
-0.16136
1.000006
-0.92774
-0.64952
0.478415
-0.4702
-0.35796
-0.16136
1.000006
-0.92774
2
-0.43968
0.528628
0.412948
0.597244
-0.16136
1.000006
-0.92774
-0.43968
0.528628
0.412948
0.597244
-0.16136
1.000006
-0.92774
extrafoot
False
False
False
False
False
0.031
0.051
0.031
0
-0.02
0
11
0
0
0
-18
0
None
7
2
0
0
0
1
-0.01457
-0.31209
-1
0
0
0
1
-0.01457
-0.31209
-1
3
0
0
0
1
-0.01457
-0.31209
-1
0
0
0
1
-0.01457
-0.31209
-1
0
0
0
1
-0.01457
-0.31209
-1
3
0
0
0
1
-0.01457
-0.31209
-1
0
0
0
1
-0.01457
-0.31209
-1
0
0
0
1
-0.01457
-0.31209
-1
3
0
0
0
1
-0.01457
-0.31209
-1
0
0
0
1
-0.01457
-0.31209
-1
0
0
0
1
-0.01457
-0.31209
-1
2
0
0
0
1
-0.01457
-0.31209
-1
0
0
0
1
-0.01457
-0.31209
-1
2
-0.99144
0
0
0.130526
-0.01457
-0.31209
-1
-0.99144
0
0
0.130526
-0.01457
-0.31209
-1
2
0
0
0
1
-0.01457
-0.31209
-1
0
0
0
1
-0.01457
-0.31209
-1
chomper
False
True
False
True
False
0.031
0.051000
0.031
0
-0.04
0
2
0
0
0
-17
0
None
7
2
0
0
0.052336
0.998629
-0.53399
-1.00001
0.272914
0
0
0.156434
0.987688
-0.53399
-1.00001
0.272914
3
0
0
0.052336
0.998629
-0.53399
-1.00001
0.272914
0
0
0.052336
0.998629
-0.53399
-1.00001
0.272914
-0.04183
0.026138
-0.12292
0.991188
-0.55473
-0.99999
0.055062
3
0
0
0.052336
0.998629
-0.53399
-1.00001
0.272914
0
0
0.052336
0.998629
-0.53399
-1.00001
0.272914
0
0
0.052336
0.998629
-0.53399
-1.00001
0.272914
3
0
0
0.052336
0.998629
-0.53399
-1.00001
0.272914
-0.26935
0.040268
-0.5486
0.790477
-0.64974
-0.99998
0.064208
-0.15228
0.225795
0.212167
0.938514
-0.70109
-0.99999
-0.06169
2
0
0
0.052336
0.998629
-0.53399
-1.00001
0.272914
0
0
0.052336
0.998629
-0.53399
-1.00001
0.272914
2
0
0
0.052336
0.998629
-0.53399
-1.00001
0.272914
0
0
0.052336
0.998629
-0.53399
-1.00001
0.272914
2
0
0
0.052336
0.998629
-0.53399
-1.00001
0.272914
0
0
0.052336
0.998629
-0.53399
-1.00001
0.272914
waspantler
False
True
False
True
True
0.011
0.021
0.061
0
0
0.04
2
1
15
0
0
-19
0
None
7
2
-0.241
-0.08667
-0.00911
0.966603
-0.66553
0.99999
0.479695
-0.241
-0.08667
-0.00911
0.966603
-0.66553
0.99999
0.479695
3
-0.241
-0.08667
-0.00911
0.966603
-0.66553
0.99999
0.479695
-0.241
-0.08667
-0.00911
0.966603
-0.66553
0.99999
0.479695
-0.241
-0.08667
-0.00911
0.966603
-0.66553
0.99999
0.479695
3
-0.241
-0.08667
-0.00911
0.966603
-0.66553
0.99999
0.479695
-0.241
-0.08667
-0.00911
0.966603
-0.66553
0.99999
0.479695
-0.241
-0.08667
-0.00911
0.966603
-0.66553
0.99999
0.479695
3
-0.241
-0.08667
-0.00911
0.966603
-0.66553
0.99999
0.479695
-0.241
-0.08667
-0.00911
0.966603
-0.66553
0.99999
0.479695
-0.241
-0.08667
-0.00911
0.966603
-0.66553
0.99999
0.479695
2
-0.241
-0.08667
-0.00911
0.966603
-0.66553
0.99999
0.479695
-0.241
-0.08667
-0.00911
0.966603
-0.66553
0.99999
0.479695
2
-0.241
-0.08667
-0.00911
0.966603
-0.66553
0.99999
0.479695
-0.241
-0.08667
-0.00911
0.966603
-0.66553
0.99999
0.479695
2
-0.241
-0.08667
-0.00911
0.966603
-0.66553
0.99999
0.479695
-0.241
-0.08667
-0.00911
0.966603
-0.66553
0.99999
0.479695
waspantlerext
False
False
False
True
True
0.021
0.011
0.111
0
0
0.099999
14
0
0
0
-19
0
None
7
2
0.190082
0.004561
-0.08703
0.977891
0
0
1.000003
0.190082
0.004561
-0.08703
0.977891
0
0
1.000003
3
0.190082
0.004561
-0.08703
0.977891
0
0
1.000003
0.190082
0.004561
-0.08703
0.977891
0
0
1.000003
0.190082
0.004561
-0.08703
0.977891
0
0
1.000003
3
0.190082
0.004561
-0.08703
0.977891
0
0
1.000003
0.190082
0.004561
-0.08703
0.977891
0
0
1.000003
0.190082
0.004561
-0.08703
0.977891
0
0
1.000003
3
0.190082
0.004561
-0.08703
0.977891
0
0
1.000003
0.190082
0.004561
-0.08703
0.977891
0
0
1.000003
0.190082
0.004561
-0.08703
0.977891
0
0
1.000003
2
0.190082
0.004561
-0.08703
0.977891
0
0
1.000003
0.190082
0.004561
-0.08703
0.977891
0
0
1.000003
2
0.190082
0.004561
-0.08703
0.977891
0
0
1.000003
0.190082
0.004561
-0.08703
0.977891
0
0
1.000003
2
0.190082
0.004561
-0.08703
0.977891
0
0
1.000003
0.190082
0.004561
-0.08703
0.977891
0
0
1.000003
insectwing
False
True
False
True
False
0.051
0.021
0.301
0
0.04
-0.16
0
0
0
-22
16
0
None
7
2
-0.0098
0.037758
0.208349
0.977276
-0.79159
0.999998
-0.5922
0.075406
0.055773
0.204265
0.974412
-0.79159
0.999998
-0.5922
3
-0.0098
0.037758
0.208349
0.977276
-0.79159
0.999998
-0.5922
0.293121
0.094844
0.170287
0.935994
-0.77306
1.000001
-0.29731
-0.0098
0.037758
0.208349
0.977276
-0.79159
0.999998
-0.5922
3
-0.0098
0.037758
0.208349
0.977276
-0.79159
0.999998
-0.5922
0.292669
0.100293
0.186484
0.932475
-0.67872
1.00001
-0.50777
-0.0098
0.037758
0.208349
0.977276
-0.79159
0.999998
-0.5922
3
-0.0098
0.037758
0.208349
0.977276
-0.79159
0.999998
-0.5922
0.480146
0.136874
0.161556
0.851248
-0.99999
0.930208
-0.23365
0.480146
0.136874
0.161556
0.851248
-0.99999
0.930208
-0.23365
2
-0.0098
0.037758
0.208349
0.977276
-0.79159
0.999998
-0.5922
-0.0098
0.037758
0.208349
0.977276
-0.79159
0.999998
-0.5922
2
-0.0098
0.037758
0.208349
0.977276
-0.79159
0.999998
-0.5922
-0.0098
0.037758
0.208349
0.977276
-0.79159
0.999998
-0.5922
2
-0.0098
0.037758
0.208349
0.977276
-0.79159
0.999998
-0.5922
-0.0098
0.037758
0.208349
0.977276
-0.79159
0.999998
-0.5922
assextender
False
False
False
True
False
0.061
0.070999
0.091
0
0
-0.08
0
1
18
0
0
-22
0
None
7
2
0
0
0
1
-0.12002
0.260114
-0.99999
0
0
0
1
-0.12002
0.260114
-0.99999
3
0
0
0
1
-0.12002
0.260114
-0.99999
0
0
0
1
-0.12002
0.260114
-0.99999
0
0
0
1
-0.12002
0.260114
-0.99999
3
0
0
0
1
-0.12002
0.260114
-0.99999
0
0
0
1
-0.12002
0.260114
-0.99999
0
0
0
1
-0.12002
0.260114
-0.99999
3
0
0
0
1
-0.12002
0.260114
-0.99999
0.382683
0
0
0.923879
-0.12002
0.260114
-0.99999
0.382683
0
0
0.923879
-0.12002
0.260114
-0.99999
2
-0.5
0
0
0.866025
-0.11997
-0.64282
-0.99999
-0.5
0
0
0.866025
-0.11997
-0.64282
-0.99999
2
0
0
0
1
-0.12002
0.260114
-0.99999
0
0
0
1
-0.12002
0.260114
-0.99999
2
0
0
0
1
-0.12002
0.260114
-0.99999
0
0
0
1
-0.12002
0.260114
-0.99999
bigass
False
False
False
False
False
0.161
0.131
0.231
0
0
-0.18
17
1
19
0
0
0
0
waspStripes
7
2
-0.34202
0
0
0.939692
0.121413
-0.65343
-1
-0.34202
0
0
0.939692
0.121413
-0.65343
-1
3
-0.34202
0
0
0.939692
0.121413
-0.65343
-1
-0.25881
0
0
0.965925
0.121459
-0.37692
-0.99999
-0.34202
0
0
0.939692
0.121413
-0.65343
-1
3
-0.34202
0
0
0.939692
0.121413
-0.65343
-1
-0.34202
0
0
0.939692
0.121413
-0.65343
-1
-0.34202
0
0
0.939692
0.121413
-0.65343
-1
3
-0.08715
0
0
0.996194
0.121413
-0.65343
-1
0.537299
0
0
0.843391
0.121413
-0.65343
-1
0.608761
0
0
0.793353
0.121413
-0.65343
-1
2
-0.99904
0
0
0.043619
0.121413
-0.65343
-1
-0.99904
0
0
0.043619
0.121413
-0.65343
-1
2
-0.97629
0
0
-0.21643
0.121413
-0.65343
-1
-0.97629
0
0
-0.21643
0.121413
-0.65343
-1
2
-0.34202
0
0
0.939692
0.121413
-0.65343
-1
-0.34202
0
0
0.939692
0.121413
-0.65343
-1
stinger
False
False
False
True
False
0.031
0.041
0.081
0
0
-0.04
18
0
0
-11
-14
0
None
7
2
-0.08715
0
0
0.996194
0.025106
-0.21687
-0.99999
-0.08715
0
0
0.996194
0.025106
-0.21687
-0.99999
3
-0.08715
0
0
0.996194
0.025106
-0.21687
-0.99999
-0.08715
0
0
0.996194
0.025106
-0.21687
-0.99999
-0.08715
0
0
0.996194
0.025106
-0.21687
-0.99999
3
-0.08715
0
0
0.996194
0.025106
-0.21687
-0.99999
-0.08715
0
0
0.996194
0.025106
-0.21687
-0.99999
-0.08715
0
0
0.996194
0.025106
-0.21687
-0.99999
3
-0.08715
0
0
0.996194
0.025106
-0.21687
-0.99999
-0.08715
0
0
0.996194
0.025106
-0.21687
-0.99999
-0.08715
0
0
0.996194
0.025106
-0.21687
-0.99999
2
-0.08715
0
0
0.996194
0.025106
-0.21687
-0.99999
-0.08715
0
0
0.996194
0.025106
-0.21687
-0.99999
2
-0.08715
0
0
0.996194
0.025106
-0.21687
-0.99999
-0.08715
0
0
0.996194
0.025106
-0.21687
-0.99999
2
-0.08715
0
0
0.996194
0.025106
-0.21687
-0.99999
-0.08715
0
0
0.996194
0.025106
-0.21687
-0.99999
