30
0.189843
0.949019
0.227451
0.227451
perk_healing_touch
false
0.538085
juicy
melons
melancia
suculenta
melões
арбуз
сочный
дыни
semangka
berair
melon
sandía
jugoso
melones
แตงโม
ฉ่ำ
แตง
suculento
сочная
jugosa
M
F
M
сочнoe
false
?
?
?
?
?
13
torso
False
False
False
False
False
0.360999
0.080999
0.101
0
0
0
-1
7
1
4
7
8
9
10
11
0
0
0
0
None
7
2
-0.69465
0
0
0.719339
0
0
0
-0.69465
0
0
0.719339
0
0
0
3
-0.69465
0
0
0.719339
0
0
0
-0.69465
0
0
0.719339
0
0
0
-0.69465
0
0
0.719339
0
0
0
3
-0.69465
0
0
0.719339
0
0
0
-0.69465
0
0
0.719339
0
0
0
-0.69465
0
0
0.719339
0
0
0
3
-0.69465
0
0
0.719339
0
0
0
-0.69465
0
0
0.719339
0
0
0
-0.69465
0
0
0.719339
0
0
0
2
-0.69465
0
0
0.719339
0
0
0.36
-0.69465
0
0
0.719339
0
0
0.36
2
-0.99813
0
0
0.061048
0
-0.48
-0.4
-0.99813
0
0
0.061048
0
-0.5
-0.4
2
-0.69465
0
0
0.719339
0
0
0
-0.69465
0
0
0.719339
0
0
0
neck
False
False
False
True
False
0.380999
0.041000
0.041000
0
0
0.02
0
1
2
0
0
0
0
None
7
2
0.008726
0
0
0.999961
-0.02271
0.077685
0.999997
0.008726
0
0
0.999961
-0.02271
0.077685
0.999997
3
0.008726
0
0
0.999961
-0.02271
0.077685
0.999997
0.008726
0
0
0.999961
-0.02271
0.077685
0.999997
0.008726
0
0
0.999961
-0.02271
0.077685
0.999997
3
0.008726
0
0
0.999961
-0.02271
0.077685
0.999997
0.008726
0
0
0.999961
-0.02271
0.077685
0.999997
0.008726
0
0
0.999961
-0.02271
0.077685
0.999997
3
0.008726
0
0
0.999961
-0.02271
0.077685
0.999997
0.008726
0
0
0.999961
-0.02271
0.077685
0.999997
0.008726
0
0
0.999961
-0.02271
0.077685
0.999997
2
0.008726
0
0
0.999961
-0.02271
0.077685
0.999997
0.008726
0
0
0.999961
-0.02271
0.077685
0.999997
2
0.008726
0
0
0.999961
-0.02271
0.077685
0.999997
0.008726
0
0
0.999961
-0.02271
0.077685
0.999997
2
0.008726
0
0
0.999961
-0.02271
0.077685
0.999997
0.008726
0
0
0.999961
-0.02271
0.077685
0.999997
head
False
False
False
False
False
0.440999
0.121
0.081
0
0.059999
0
1
2
3
5
0
0
0
0
None
7
2
0.008726
0
0
0.999961
0
-0.49275
0.99999
0.008726
0
0
0.999961
0
-0.49275
0.99999
3
0.008726
0
0
0.999961
0
-0.49275
0.99999
0.008726
0
0
0.999961
0
-0.49275
0.99999
0.008726
0
0
0.999961
0
-0.49275
0.99999
3
0.008726
0
0
0.999961
0
-0.49275
0.99999
0.008726
0
0
0.999961
0
-0.49275
0.99999
0.008726
0
0
0.999961
0
-0.49275
0.99999
3
0.008726
0
0
0.999961
0
-0.49275
0.99999
0.008726
0
0
0.999961
0
-0.49275
0.99999
0.008726
0
0
0.999961
0
-0.49275
0.99999
2
0.008726
0
0
0.999961
0
-0.49275
0.99999
0.008726
0
0
0.999961
0
-0.49275
0.99999
2
-0.63607
0
0
0.771624
0
-0.49275
0.99999
-0.63607
0
0
0.771624
0
-0.49275
0.99999
2
0.008726
0
0
0.999961
0
-0.49275
0.99999
0.008726
0
0
0.999961
0
-0.49275
0.99999
eyes
True
True
False
True
False
0.06
0.06
0.05
0
0
0.01
2
0
0
0
0
0
SeriousEye
7
2
0
0
0
1
-0.52637
0.117918
1.000007
0
0
0
1
-0.52637
0.117918
1.000007
3
0
0
0
1
-0.52637
0.117918
1.000007
0
0
0
1
-0.52637
0.117918
1.000007
0
0
0
1
-0.52637
0.117918
1.000007
3
0
0
0
1
-0.52637
0.117918
1.000007
0
0
0
1
-0.52637
0.117918
1.000007
0
0
0
1
-0.52637
0.117918
1.000007
3
0
0
0
1
-0.52637
0.117918
1.000007
0
0
0
1
-0.52637
0.117918
1.000007
0
0
0
1
-0.52637
0.117918
1.000007
2
0
0
0
1
-0.52637
0.117918
1.000007
0
0
0
1
-0.52637
0.117918
1.000007
2
0
0
0
1
-0.52637
0.117918
1.000007
0
0
0
1
-0.52637
0.117918
1.000007
2
0
0
0
1
-0.52637
0.117918
1.000007
0
0
0
1
-0.52637
0.117918
1.000007
tail
False
False
False
False
False
0.311
0.111
0.041
0
0
0.04
0
0
27
-2
-14
0
None
7
2
-0.70143
-0.02288
0.003634
-0.71235
-0.00683
-0.06254
-1
-0.70143
-0.02288
0.003634
-0.71235
-0.00683
-0.06254
-1
3
-0.70143
-0.02288
0.003634
-0.71235
-0.00683
-0.06254
-1
-0.70143
-0.02288
0.003634
-0.71235
-0.00683
-0.06254
-1
-0.70143
-0.02288
0.003634
-0.71235
-0.00683
-0.06254
-1
3
-0.70143
-0.02288
0.003634
-0.71235
-0.00683
-0.06254
-1
-0.70143
-0.02288
0.003634
-0.71235
-0.00683
-0.06254
-1
-0.70143
-0.02288
0.003634
-0.71235
-0.00683
-0.06254
-1
3
-0.70143
-0.02288
0.003634
-0.71235
-0.00683
-0.06254
-1
-0.70143
-0.02288
0.003634
-0.71235
-0.00683
-0.06254
-1
-0.70143
-0.02288
0.003634
-0.71235
-0.00683
-0.06254
-1
2
-0.70143
-0.02288
0.003634
-0.71235
-0.00683
-0.06254
-1
-0.70143
-0.02288
0.003634
-0.71235
-0.00683
-0.06254
-1
2
-0.07943
-0.01519
0.017497
-0.99657
-0.00683
-0.06254
-1
-0.07943
-0.01519
0.017497
-0.99657
-0.00683
-0.06254
-1
2
-0.70143
-0.02288
0.003634
-0.71235
-0.00683
-0.06254
-1
-0.70143
-0.02288
0.003634
-0.71235
-0.00683
-0.06254
-1
snout
False
False
False
True
False
0.151
0.041
0.001
0
0
0
2
1
6
0
0
0
0
None
7
2
0
0
0
1
0
-0.58239
1.00001
0
0
0
1
0
-0.58239
1.00001
3
0
0
0
1
0
-0.58239
1.00001
0
0
0
1
0
-0.58239
1.00001
0
0
0
1
0
-0.58239
1.00001
3
0
0
0
1
0
-0.58239
1.00001
0
0
0
1
0
-0.58239
1.00001
0
0
0
1
0
-0.58239
1.00001
3
0
0
0
1
0
-0.58239
1.00001
0
0
0
1
0
-0.58239
1.00001
0
0
0
1
0
-0.58239
1.00001
2
0
0
0
1
0
-0.58239
1.00001
0
0
0
1
0
-0.58239
1.00001
2
0
0
0
1
0
-0.58239
1.00001
0
0
0
1
0
-0.58239
1.00001
2
0
0
0
1
0
-0.58239
1.00001
0
0
0
1
0
-0.58239
1.00001
mouth
True
False
False
True
False
0.18
0.02
0.05
0
0
0.01
5
0
0
0
0
0
PlainMouth
7
2
0
0
0
1
0
0.006013
1.000027
0
0
0
1
0
0.006013
1.000027
3
0
0
0
1
0
0.006013
1.000027
0
0
0
1
0
0.006013
1.000027
0
0
0
1
0
0.006013
1.000027
3
0
0
0
1
0
0.006013
1.000027
0
0
0
1
0
0.006013
1.000027
0
0
0
1
0
0.006013
1.000027
3
0
0
0
1
0
0.006013
1.000027
0
0
0
1
0
0.006013
1.000027
0
0
0
1
0
0.006013
1.000027
2
0
0
0
1
0
0.006013
1.000027
0
0
0
1
0
0.006013
1.000027
2
0
0
0
1
0
0.006013
1.000027
0
0
0
1
0
0.006013
1.000027
2
0
0
0
1
0
0.006013
1.000027
0
0
0
1
0
0.006013
1.000027
seed1
False
False
False
True
False
0.021
0.011
0.031
0
0
0
0
0
0
-7
-21
0
None
7
2
0
0
0
1
0
-1
0.006524
0
0
0
1
0
-1
0.006524
3
0
0
0
1
0
-1
0.006524
0
0
0
1
0
-1
0.006524
0
0
0
1
0
-1
0.006524
3
0
0
0
1
0
-1
0.006524
0
0
0
1
0
-1
0.006524
0
0
0
1
0
-1
0.006524
3
0
0
0
1
0
-1
0.006524
0
0
0
1
0
-1
0.006524
0
0
0
1
0
-1
0.006524
2
0
0
0
1
0
-1
0.006524
0
0
0
1
0
-1
0.006524
2
0
0
0
1
0
-1
0.006524
0
0
0
1
0
-1
0.006524
2
0
0
0
1
0
-1
0.006524
0
0
0
1
0
-1
0.006524
seed2
False
True
False
True
False
0.021
0.011
0.031
0
0
0
0
0
0
-7
-21
0
None
7
2
0.013203
0.129413
-0.04258
0.990587
-0.32663
-0.99999
0.133286
0.013203
0.129413
-0.04258
0.990587
-0.32663
-0.99999
0.133286
3
0.013203
0.129413
-0.04258
0.990587
-0.32663
-0.99999
0.133286
0.013203
0.129413
-0.04258
0.990587
-0.32663
-0.99999
0.133286
0.013203
0.129413
-0.04258
0.990587
-0.32663
-0.99999
0.133286
3
0.013203
0.129413
-0.04258
0.990587
-0.32663
-0.99999
0.133286
0.013203
0.129413
-0.04258
0.990587
-0.32663
-0.99999
0.133286
0.013203
0.129413
-0.04258
0.990587
-0.32663
-0.99999
0.133286
3
0.013203
0.129413
-0.04258
0.990587
-0.32663
-0.99999
0.133286
0.013203
0.129413
-0.04258
0.990587
-0.32663
-0.99999
0.133286
0.013203
0.129413
-0.04258
0.990587
-0.32663
-0.99999
0.133286
2
0.013203
0.129413
-0.04258
0.990587
-0.32663
-0.99999
0.133286
0.013203
0.129413
-0.04258
0.990587
-0.32663
-0.99999
0.133286
2
0.013203
0.129413
-0.04258
0.990587
-0.32663
-0.99999
0.133286
0.013203
0.129413
-0.04258
0.990587
-0.32663
-0.99999
0.133286
2
0.013203
0.129413
-0.04258
0.990587
-0.32663
-0.99999
0.133286
0.013203
0.129413
-0.04258
0.990587
-0.32663
-0.99999
0.133286
seed4
False
False
False
True
False
0.021
0.011
0.031
0
0
0
0
0
0
0
0
0
None
7
2
0
0
0
1
0.001617
0.999994
0.042877
0
0
0
1
0.001617
0.999994
0.042877
3
0
0
0
1
0.001617
0.999994
0.042877
0
0
0
1
0.001617
0.999994
0.042877
0
0
0
1
0.001617
0.999994
0.042877
3
0
0
0
1
0.001617
0.999994
0.042877
0
0
0
1
0.001617
0.999994
0.042877
0
0
0
1
0.001617
0.999994
0.042877
3
0
0
0
1
0.001617
0.999994
0.042877
0
0
0
1
0.001617
0.999994
0.042877
0
0
0
1
0.001617
0.999994
0.042877
2
0
0
0
1
0.001617
0.999994
0.042877
0
0
0
1
0.001617
0.999994
0.042877
2
0
0
0
1
0.001617
0.999994
0.042877
0
0
0
1
0.001617
0.999994
0.042877
2
0
0
0
1
0.001617
0.999994
0.042877
0
0
0
1
0.001617
0.999994
0.042877
seed6
False
True
False
True
False
0.021
0.011
0.031
0
0
0
0
0
0
0
0
0
None
7
2
0
0.216439
0
0.976296
-0.39198
0.999991
0.261891
0
0.216439
0
0.976296
-0.39198
0.999991
0.261891
3
0
0.216439
0
0.976296
-0.39198
0.999991
0.261891
0
0.216439
0
0.976296
-0.39198
0.999991
0.261891
0
0.216439
0
0.976296
-0.39198
0.999991
0.261891
3
0
0.216439
0
0.976296
-0.39198
0.999991
0.261891
0
0.216439
0
0.976296
-0.39198
0.999991
0.261891
0
0.216439
0
0.976296
-0.39198
0.999991
0.261891
3
0
0.216439
0
0.976296
-0.39198
0.999991
0.261891
0
0.216439
0
0.976296
-0.39198
0.999991
0.261891
0
0.216439
0
0.976296
-0.39198
0.999991
0.261891
2
0
0.216439
0
0.976296
-0.39198
0.999991
0.261891
0
0.216439
0
0.976296
-0.39198
0.999991
0.261891
2
0
0.216439
0
0.976296
-0.39198
0.999991
0.261891
0
0.216439
0
0.976296
-0.39198
0.999991
0.261891
2
0
0.216439
0
0.976296
-0.39198
0.999991
0.261891
0
0.216439
0
0.976296
-0.39198
0.999991
0.261891
husk-cont
False
True
False
True
False
0.061000
0.111
0.121
0
0
-0.02
0
1
12
27
-2
-14
0
None
7
2
0.001755
-0.34186
-0.00337
0.939742
-1
-0.18186
-0.31493
0.001755
-0.34186
-0.00337
0.939742
-1
-0.18186
-0.31493
3
0.001755
-0.34186
-0.00337
0.939742
-1
-0.18186
-0.31493
0.001755
-0.34186
-0.00337
0.939742
-1
-0.18186
-0.31493
0.001755
-0.34186
-0.00337
0.939742
-1
-0.18186
-0.31493
3
0.001755
-0.34186
-0.00337
0.939742
-1
-0.18186
-0.31493
0.001755
-0.34186
-0.00337
0.939742
-1
-0.18186
-0.31493
0.001755
-0.34186
-0.00337
0.939742
-1
-0.18186
-0.31493
3
0.001755
-0.34186
-0.00337
0.939742
-1
-0.18186
-0.31493
0.001755
-0.34186
-0.00337
0.939742
-1
-0.18186
-0.31493
0.001755
-0.34186
-0.00337
0.939742
-1
-0.18186
-0.31493
2
0.001755
-0.34186
-0.00337
0.939742
-1
-0.18186
-0.31493
0.001755
-0.34186
-0.00337
0.939742
-1
-0.18186
-0.31493
2
0.001755
-0.34186
-0.00337
0.939742
-1
-0.18186
-0.31493
0.001755
-0.34186
-0.00337
0.939742
-1
-0.18186
-0.31493
2
0.001755
-0.34186
-0.00337
0.939742
-1
-0.18186
-0.31493
0.001755
-0.34186
-0.00337
0.939742
-1
-0.18186
-0.31493
husk-cont2
False
False
False
True
False
0.051
0.121
0.151
0
0
0.12
11
0
27
-2
-14
0
None
7
2
0
0.258819
0
0.965925
0
0
1.000013
0
0.258819
0
0.965925
0
0
1.000013
3
0
0.258819
0
0.965925
0
0
1.000013
0
0.258819
0
0.965925
0
0
1.000013
0
0.258819
0
0.965925
0
0
1.000013
3
0
0.258819
0
0.965925
0
0
1.000013
0
0.258819
0
0.965925
0
0
1.000013
0
0.258819
0
0.965925
0
0
1.000013
3
0
0.258819
0
0.965925
0
0
1.000013
0
0.258819
0
0.965925
0
0
1.000013
0
0.258819
0
0.965925
0
0
1.000013
2
0
0.258819
0
0.965925
0
0
1.000013
0
0.258819
0
0.965925
0
0
1.000013
2
0
0.258819
0
0.965925
0
0
1.000013
0
0.258819
0
0.965925
0
0
1.000013
2
0
0.258819
0
0.965925
0
0
1.000013
0
0.258819
0
0.965925
0
0
1.000013
