30
0.517754
0.254902
0.254902
0.254902
perk_summon_pack
false
0.034647
timber
howler
lobo
da madeira
uivador
волк
лесной
ревун
serigala
kayu
penggonggong
lobo
de madera
planchazo
หมา ป่า
ไม้
หอน
da madeira
леснaя
de madera
M
M
M
Лесное
false
Sharp Tooth
Fur
Uncooked Meat
Bones
?
16
torso
False
False
False
False
False
0.131
0.141
0.341
0
0
0
-1
4
1
5
6
7
0
0
0
0
None
7
2
0.017452
0
0
0.999847
0
0
0
0.052335
0
0
0.998629
0
0
0
3
0.087155
0
0
0.996194
0
0
0
-0.10452
0
0
0.994522
0
0
0
-0.10452
0
0
0.994522
0
0
0
3
0.017386
0.087142
0.001521
0.996043
0
0
0
-0.12186
0
0
0.992546
0
0
0
0.017322
-0.12185
-0.00212
0.992395
0
0
0
3
0.190809
0
0
0.981627
0
-0.18
-0.16
0.190809
0
0
0.981627
0
0.06
0.26
-0.1132
0
0
0.993571
0
0.06
0.26
2
-0.55919
0
0
0.829037
0
0.04
0.16
-0.59482
0
0
0.803856
0
0.04
0.16
2
-0.99984
0
0
0.017452
0
-0.16
-0.55999
-0.99984
0
0
0.017452
0
-0.18
-0.55999
2
-0.24192
0
0
0.970295
0
0
0
-0.40673
0
0
0.913545
0
0
0
neck
False
False
False
True
False
0.070999
0.121
0.131
0
0
0
0
1
2
0
0
0
0
None
7
2
-0.52991
0
0
0.848048
-0.02029
0.999999
0.893208
-0.45399
0
0
0.891006
-0.02145
1
0.944618
3
-0.17364
0
0
0.984807
-0.02271
0.402123
0.999999
0.052335
0
0
0.998629
-0.02271
0.25601
0.999999
-0.1908
0
0
0.981627
-0.02271
0.489426
0.999997
3
-0.52991
0
0
0.848048
-0.02029
0.999999
0.893208
-0.52991
0
0
0.848048
-0.02029
0.999999
0.893208
-0.52991
0
0
0.848048
-0.02029
0.999999
0.893208
3
-0.16504
0
0
0.986285
-0.02271
0.69532
0.999999
0.052336
0
0
0.998629
-0.02271
0.23031
0.999997
-0.3338
0
0
0.942641
-0.02208
0.999998
0.97223
2
0.139173
0
0
0.990268
-0.02271
-0.1503
0.999996
0.139173
0
0
0.990268
-0.02271
-0.1503
0.999996
2
0.309016
0
0
0.951056
-0.02271
0.393379
1.000004
0.309016
0
0
0.951056
-0.02271
0.393379
1.000004
2
-0.03489
0
0
0.99939
-0.02271
0.230347
0.999997
-0.03489
0
0
0.99939
-0.02271
0.230347
0.999997
head
False
False
False
False
False
0.121
0.111
0.111
0
0
0
1
4
3
4
12
13
0
0
0
0
None
7
2
-0.12186
0
0
0.992546
0
-0.05643
0.999997
-0.03489
0
0
0.99939
0
-0.05643
0.999997
3
-0.03489
0
0
0.99939
0
0.187332
1.000006
0.241921
0
0
0.970295
0
0.274312
0.999993
-0.05233
0
0
0.998629
0
0.129397
0.999998
3
-0.12186
0
0
0.992546
0
-0.05643
0.999997
-0.12186
0
0
0.992546
0
-0.05643
0.999997
-0.12186
0
0
0.992546
0
-0.05643
0.999997
3
0.615661
0
0
0.78801
0
-0.05643
0.999997
0.390731
0
0
0.920504
0
-0.05643
0.999997
-0.20791
0
0
0.978147
0
-0.05643
0.999997
2
0.095845
0
0
0.995396
0
-0.37664
0.999989
0.095845
0
0
0.995396
0
-0.37664
0.999989
2
-0.99026
0
0
0.139173
0
-0.25345
1.000005
-0.99026
0
0
0.139173
0
-0.25345
1.000005
2
-0.12186
0
0
0.992546
0
-0.05643
0.999997
-0.12186
0
0
0.992546
0
-0.05643
0.999997
snout
False
False
False
True
False
0.051
0.051
0.091
0
0
0.02
2
2
14
15
0
0
6
0
None
7
2
0.034835
-0.00234
0
0.99939
0.026194
-0.59795
1.000007
0.034835
-0.00234
0
0.99939
0.026194
-0.59795
1.000007
3
0.034835
-0.00234
0
0.99939
0.026194
-0.59795
1.000007
0.034835
-0.00234
0
0.99939
0.026194
-0.59795
1.000007
0.034835
-0.00234
0
0.99939
0.026194
-0.59795
1.000007
3
0.034835
-0.00234
0
0.99939
0.026194
-0.59795
1.000007
0.034835
-0.00234
0
0.99939
0.026194
-0.59795
1.000007
0.034835
-0.00234
0
0.99939
0.026194
-0.59795
1.000007
3
0.034835
-0.00234
0
0.99939
0.026194
-0.59795
1.000007
0.034835
-0.00234
0
0.99939
0.026194
-0.59795
1.000007
0.034835
-0.00234
0
0.99939
0.026194
-0.59795
1.000007
2
0.034835
-0.00234
0
0.99939
0.026194
-0.59795
1.000007
0.034835
-0.00234
0
0.99939
0.026194
-0.59795
1.000007
2
0.034835
-0.00234
0
0.99939
0.026194
-0.59795
1.000007
0.034835
-0.00234
0
0.99939
0.026194
-0.59795
1.000007
2
0.034835
-0.00234
0
0.99939
0.026194
-0.59795
1.000007
0.034835
-0.00234
0
0.99939
0.026194
-0.59795
1.000007
eyes
True
True
False
True
False
0.06
0.06
0.05
0
0
0.01
2
0
0
0
0
0
SeriousEye
7
2
0
0
0
1
-0.52637
0.117918
1.000007
0
0
0
1
-0.52637
0.117918
1.000007
3
0
0
0
1
-0.52637
0.117918
1.000007
0
0
0
1
-0.52637
0.117918
1.000007
0
0
0
1
-0.52637
0.117918
1.000007
3
0
0
0
1
-0.52637
0.117918
1.000007
0
0
0
1
-0.52637
0.117918
1.000007
0
0
0
1
-0.52637
0.117918
1.000007
3
0
0
0
1
-0.52637
0.117918
1.000007
0
0
0
1
-0.52637
0.117918
1.000007
0
0
0
1
-0.52637
0.117918
1.000007
2
0
0
0
1
-0.52637
0.117918
1.000007
0
0
0
1
-0.52637
0.117918
1.000007
2
0
0
0
1
-0.52637
0.117918
1.000007
0
0
0
1
-0.52637
0.117918
1.000007
2
0
0
0
1
-0.52637
0.117918
1.000007
0
0
0
1
-0.52637
0.117918
1.000007
shoulder
False
True
True
False
False
0.051
0.101
0.141
0
0
0
0
1
8
0
0
0
0
None
7
2
-0.60181
0
0
0.798635
-0.99999
-0.69594
0.545937
-0.60181
0
0
0.798635
-1
-0.49729
0.54596
3
-0.60181
0
0
0.798635
-1
-0.96393
0.377066
-0.68199
0
0
0.731353
-1
-0.64005
0.478958
-0.73135
0
0
0.681998
-0.91911
-1
0.726079
3
-0.73821
0.136402
-0.15691
0.641722
-1
-0.8175
0.683639
-0.66913
0
0
0.743144
-1
-0.43013
0.545969
-0.5944
-0.12493
0.094144
0.788803
-0.99273
-0.99999
0.325328
3
-0.3338
0
0
0.942641
-1
-0.21434
0.468832
-0.3746
0
0
0.927184
-1
-0.54706
0.545924
-0.49242
0
0
0.870355
-1
-0.54706
0.545924
2
-0.5664
0
0
0.824126
-0.84522
-1
0.419761
-0.5664
0
0
0.824126
-0.84522
-1
0.419761
2
-0.79863
0
0
-0.60181
-0.99999
-0.69594
0.545937
-0.79863
0
0
-0.60181
-0.99999
-0.69594
0.545937
2
-0.54256
0.073094
0.047468
-0.83547
-1
0.381152
0.545962
-0.26622
0.055437
0.067251
-0.95996
-1
0.947803
0.427673
hip
False
True
True
False
False
0.051
0.101
0.151
0
0
0
0
1
10
0
0
0
0
None
7
2
-0.51558
0.011644
-0.06176
0.85453
-1
-0.73568
-0.71863
-0.51558
0.011644
-0.06176
0.85453
-1
-0.73568
-0.71863
3
-0.64291
0.021162
-0.05918
0.763354
-1
-0.54236
-0.5798
-0.80848
0.034851
-0.0523
0.585144
-1
-0.77296
-0.42774
-0.51558
0.011644
-0.06176
0.85453
-0.96004
-1
-0.89801
3
-0.49957
0.145179
-0.14165
0.842188
-1
-0.73568
-0.71863
-0.51558
0.011644
-0.06176
0.85453
-1
-0.32168
-0.71861
-0.5521
-0.19237
0.100913
0.804979
-1
-0.73568
-0.71863
3
-0.51558
0.011644
-0.06176
0.85453
-1
-0.73568
-0.71863
-0.51558
0.011644
-0.06176
0.85453
-1
-0.73568
-0.71863
-0.47781
0.008939
-0.06221
0.876206
-1
-0.73568
-0.71863
2
-0.98967
0.062963
-0.11257
0.062546
-1
-0.73568
-0.71863
-0.98967
0.062963
-0.11257
0.062546
-1
-0.73568
-0.71863
2
-0.85453
-0.06176
-0.01164
-0.51558
-1
-0.73568
-0.71863
-0.85453
-0.06176
-0.01164
-0.51558
-1
-0.73568
-0.71863
2
-0.51558
0.011644
-0.06176
0.85453
-1
-0.73568
-0.71863
-0.51558
0.011644
-0.06176
0.85453
-1
-0.73568
-0.71863
tail
False
False
False
False
False
0.041
0.041
0.221002
0
0
0.14
0
0
0
0
4
0
None
7
2
-0.9768
0.027733
0.044383
0.207626
0.035806
0.519276
-0.99999
-0.97085
0.025338
-0.20636
0.119206
0.035806
0.644342
-1
3
-0.9768
0.027733
0.044383
0.207626
0.035806
0.519276
-0.99999
-0.9768
0.027733
0.044383
0.207626
0.035806
0.519276
-0.99999
-0.9768
0.027733
0.044383
0.207626
0.035806
0.519276
-0.99999
3
-0.90913
-0.04137
0.359982
0.205344
0.035806
0.519276
-0.99999
-0.97609
0.049284
-0.05796
0.20359
0.035806
0.519276
-0.99999
-0.87585
0.124916
-0.43474
0.168148
0.035804
0.726443
-1
3
-0.9768
0.027733
0.044383
0.207626
0.035806
0.519276
-0.99999
-0.9768
0.027733
0.044383
0.207626
0.035806
0.519276
-0.99999
-0.84688
0.041241
0.032221
0.529193
0.035806
0.519276
-0.99999
2
-0.9768
0.027733
0.044383
0.207626
0.035806
0.519276
-0.99999
-0.9768
0.027733
0.044383
0.207626
0.035806
0.519276
-0.99999
2
-0.20762
0.044383
-0.02773
-0.9768
0.035806
0.519276
-0.99999
-0.20762
0.044383
-0.02773
-0.9768
0.035806
0.519276
-0.99999
2
-0.9768
0.027733
0.044383
0.207626
0.035806
0.519276
-0.99999
-0.9768
0.027733
0.044383
0.207626
0.035806
0.519276
-0.99999
arm
False
False
True
False
False
0.041
0.051
0.121
0
0
-0.1
5
1
9
0
0
6
0
None
7
2
-0.69465
0
0
0.719339
-0.13781
0
-1
-0.69465
0
0
0.719339
-0.13781
0
-1
3
-0.61566
0
0
0.78801
-0.13782
0.276663
-0.99998
-0.51503
0
0
0.857167
-0.13781
0.211281
-1
-0.76604
0
0
0.642787
-0.04121
-0.30707
-1
3
-0.78828
0.132222
-0.18198
0.57272
-0.1378
-0.25164
-0.99999
-0.52991
0
0
0.848048
-0.13782
0.136962
-0.99999
-0.6861
-0.11252
0.108668
0.710483
-0.13781
0
-1
3
-0.87881
0
0
0.477158
-0.13781
0
-1
-0.52249
0
0
0.85264
-0.13781
0
-1
-0.52249
0
0
0.85264
-0.13781
0
-1
2
-0.69465
0
0
0.719339
-0.13781
0
-1
-0.69465
0
0
0.719339
-0.13781
0
-1
2
-0.71934
0
0
-0.69465
-0.13781
0
-1
-0.71934
0
0
-0.69465
-0.13781
0
-1
2
-0.57885
0.140484
0.102067
-0.79672
-0.13781
0
-1
-0.22989
0.09073
0.148059
-0.95759
-0.13781
0
-1
hand
False
False
True
False
False
0.041
0.031
0.061
0
-0.02
0
8
0
0
0
6
0
None
7
2
0
0
0
1
0.191498
-0.41204
-1
0
0
0
1
0.191498
-0.41204
-1
3
0
0
0
1
0.191498
-0.41204
-1
0.207911
0
0
0.978147
0.191498
-0.41204
-1
0.207911
0
0
0.978147
0.191498
-0.41204
-1
3
0
0
0
1
0.191498
-0.41204
-1
0.207911
0
0
0.978147
0.191498
-0.41204
-1
0.207911
0
0
0.978147
0.191498
-0.41204
-1
3
0
0
0
1
0.191498
-0.41204
-1
0
0
0
1
0.191498
-0.41204
-1
0
0
0
1
0.191498
-0.41204
-1
2
0
0
0
1
0.191498
-0.41204
-1
0
0
0
1
0.191498
-0.41204
-1
2
-1
0
0
0
0.191498
-0.41204
-1
-1
0
0
0
0.191498
-0.41204
-1
2
-0.96592
0
0
-0.25881
0.191498
-0.41204
-1
-0.96592
0
0
-0.25881
0.191498
-0.41204
-1
leg
False
False
True
False
False
0.041
0.061
0.141
0
0
-0.12
6
1
11
0
0
6
0
None
7
2
-0.69465
0
0
0.719339
-0.04329
0
-0.99999
-0.69465
0
0
0.719339
-0.04329
0
-0.99999
3
-0.69465
0
0
0.719339
-0.04329
0
-0.99999
-0.77714
0
0
0.62932
-0.04331
-0.13616
-1
-0.54463
0
0
0.83867
-0.04325
0.099184
-1
3
-0.68189
0.137256
-0.13254
0.706123
-0.04329
0
-0.99999
-0.51503
0
0
0.857167
-0.04329
0
-0.99999
-0.70841
-0.12062
0.124912
0.684104
-0.04329
0
-0.99999
3
-0.69465
0
0
0.719339
-0.04329
0
-0.99999
-0.52249
0
0
0.85264
-0.04329
0
-0.99999
-0.52249
0
0
0.85264
-0.04329
0
-0.99999
2
-0.99129
0.002277
-0.1305
0.017302
-0.04329
0
-0.99999
-0.99129
0.002277
-0.1305
0.017302
-0.04329
0
-0.99999
2
-0.71934
0
0
-0.69465
-0.04329
0
-0.99999
-0.71934
0
0
-0.69465
-0.04329
0
-0.99999
2
-0.69465
0
0
0.719339
-0.04329
0
-0.99999
-0.69465
0
0
0.719339
-0.04329
0
-0.99999
foot
False
False
True
False
False
0.041
0.031
0.071
0
0
0
10
0
0
0
6
0
None
7
2
0
0
0
1
0.016867
-0.30397
-0.99999
0
0
0
1
0.016867
-0.30397
-0.99999
3
0
0
0
1
0.016867
-0.30397
-0.99999
0
0
0
1
0.016867
-0.30397
-0.99999
0
0
0
1
0.016867
-0.30397
-0.99999
3
0
0
0
1
0.016867
-0.30397
-0.99999
0.241921
0
0
0.970295
0.016867
-0.30397
-0.99999
0.241921
0
0
0.970295
0.016867
-0.30397
-0.99999
3
0
0
0
1
0.016867
-0.30397
-0.99999
0
0
0
1
0.016867
-0.30397
-0.99999
0
0
0
1
0.016867
-0.30397
-0.99999
2
-0.67559
0
0
0.737277
0.016867
-0.30397
-0.99999
-0.67559
0
0
0.737277
0.016867
-0.30397
-0.99999
2
-1
0
0
0
0.016867
-0.30397
-0.99999
-1
0
0
0
0.016867
-0.30397
-0.99999
2
0
0
0
1
0.016867
-0.30397
-0.99999
0
0
0
1
0.016867
-0.30397
-0.99999
ear
False
True
False
True
True
0.071000
0.041
0.021
-0.02
0
0
2
0
0
0
6
0
None
7
2
0
0
-0.69465
0.719339
-0.85414
0.999997
-0.3401
0
0
-0.69465
0.719339
-0.85414
0.999997
-0.3401
3
0
0
-0.69465
0.719339
-0.85414
0.999997
-0.3401
0
0
-0.69465
0.719339
-0.85414
0.999997
-0.3401
0
0
-0.69465
0.719339
-0.85414
0.999997
-0.3401
3
0
0
-0.69465
0.719339
-0.85414
0.999997
-0.3401
0
0
-0.69465
0.719339
-0.85414
0.999997
-0.3401
0
0
-0.69465
0.719339
-0.85414
0.999997
-0.3401
3
0
0
-0.69465
0.719339
-0.85414
0.999997
-0.3401
0
0
-0.69465
0.719339
-0.85414
0.999997
-0.3401
0
0
-0.69465
0.719339
-0.85414
0.999997
-0.3401
2
0
0
-0.69465
0.719339
-0.85414
0.999997
-0.3401
0
0
-0.69465
0.719339
-0.85414
0.999997
-0.3401
2
0
0
-0.69465
0.719339
-0.85414
0.999997
-0.3401
0
0
-0.69465
0.719339
-0.85414
0.999997
-0.3401
2
0
0
-0.69465
0.719339
-0.85414
0.999997
-0.3401
0
0
-0.69465
0.719339
-0.85414
0.999997
-0.3401
sideburns
False
True
False
False
False
0.070999
0.061
0.081
0
0
0
2
0
0
0
7
0
None
7
2
0.045717
0.42261
-0.0106
0.905095
-0.99999
-0.29874
-0.13587
0.045717
0.42261
-0.0106
0.905095
-0.99999
-0.29874
-0.13587
3
0.045717
0.42261
-0.0106
0.905095
-0.99999
-0.29874
-0.13587
0.045717
0.42261
-0.0106
0.905095
-0.99999
-0.29874
-0.13587
0.045717
0.42261
-0.0106
0.905095
-0.99999
-0.29874
-0.13587
3
0.045717
0.42261
-0.0106
0.905095
-0.99999
-0.29874
-0.13587
0.045717
0.42261
-0.0106
0.905095
-0.99999
-0.29874
-0.13587
0.045717
0.42261
-0.0106
0.905095
-0.99999
-0.29874
-0.13587
3
0.045717
0.42261
-0.0106
0.905095
-0.99999
-0.29874
-0.13587
0.045717
0.42261
-0.0106
0.905095
-0.99999
-0.29874
-0.13587
0.045717
0.42261
-0.0106
0.905095
-0.99999
-0.29874
-0.13587
2
0.045717
0.42261
-0.0106
0.905095
-0.99999
-0.29874
-0.13587
0.045717
0.42261
-0.0106
0.905095
-0.99999
-0.29874
-0.13587
2
-0.90509
-0.0106
-0.42261
0.045718
-0.99999
-0.29874
-0.13587
-0.90509
-0.0106
-0.42261
0.045718
-0.99999
-0.29874
-0.13587
2
0.045717
0.42261
-0.0106
0.905095
-0.99999
-0.29874
-0.13587
0.045717
0.42261
-0.0106
0.905095
-0.99999
-0.29874
-0.13587
mouth
True
False
False
True
False
0.059999
0.049998
0.05
0
0
0.01
3
0
0
0
0
0
AngryMouth
7
2
0
0
0
1
0.028038
-0.435
1.000006
0
0
0
1
0.028037
-0.25077
0.999987
3
0
0
0
1
0.028037
-0.25077
0.999987
0
0
0
1
0.028037
-0.25077
0.999987
0
0
0
1
0.028037
-0.25077
0.999987
3
0
0
0
1
0.028037
-0.25077
0.999987
0
0
0
1
0.028037
-0.25077
0.999987
0
0
0
1
0.028037
-0.25077
0.999987
3
0
0
0
1
0.028037
-0.25077
0.999987
0
0
0
1
0.028037
-0.25077
0.999987
0
0
0
1
0.028037
-0.25077
0.999987
2
0
0
0
1
0.028037
-0.25077
0.999987
0
0
0
1
0.028037
-0.25077
0.999987
2
0
0
0
1
0.028037
-0.25077
0.999987
0
0
0
1
0.028037
-0.25077
0.999987
2
0
0
0
1
0.028037
-0.25077
0.999987
0
0
0
1
0.028037
-0.25077
0.999987
snouttip
False
False
False
True
False
0.041
0.031
0.021
0
0
0
3
0
0
0
-5
0
None
7
2
0
0
0
1
0
0.794088
0.999999
0
0
0
1
0
0.794088
0.999999
3
0
0
0
1
0
0.794088
0.999999
0
0
0
1
0
0.794088
0.999999
0
0
0
1
0
0.794088
0.999999
3
0
0
0
1
0
0.794088
0.999999
0
0
0
1
0
0.794088
0.999999
0
0
0
1
0
0.794088
0.999999
3
0
0
0
1
0
0.794088
0.999999
0
0
0
1
0
0.794088
0.999999
0
0
0
1
0
0.794088
0.999999
2
0
0
0
1
0
0.794088
0.999999
0
0
0
1
0
0.794088
0.999999
2
0
0
0
1
0
0.794088
0.999999
0
0
0
1
0
0.794088
0.999999
2
0
0
0
1
0
0.794088
0.999999
0
0
0
1
0
0.794088
0.999999
