30
0.833340
0.894117
0.917647
1
perk_giant
true
0.251730
arctic
yeti
yeti
ártico
yeti
йети
арктический
йети
yeti
kutub
yeti
yeti
ártico
yeti
yeti
อาร์กติก
เยติ
ártica
арктическая
ártica
M
M
F
арктическoe
false
Sharp Tooth
Fur
Snowball
Bones
?
13
torso
False
False
False
False
False
0.36201
0.204614
0.278683
0
0
0
-1
3
1
5
6
0
0
0
0
None
7
2
-0.68199
0
0
0.731353
0
0
0
-0.69465
0
0
0.719339
0
0
0
3
-0.7071
0
0
0.707106
0
0
0
-0.68199
0
0
0.731353
0
0
0
-0.64278
0
0
0.766044
0
0
0
3
-0.68033
0.051016
-0.04757
0.729572
0
0
0
-0.68199
0
0
0.731353
0
0
0
-0.6794
-0.06374
0.05944
0.72857
0
0
0
3
-0.3502
0
0
0.936672
0
0.04
-0.2
-0.3502
0
0
0.936672
0
-0.34
0.08
-0.54463
0
0
0.83867
0
-0.34
0.08
2
-0.68199
0
0
0.731353
0
-0.04
-0.08
-0.71325
0
0
0.700909
0
-0.02
-0.08
2
-0.99939
0
0
0.034899
0
0.06
-0.48
-0.99939
0
0
0.034899
0
0.04
-0.48
2
-0.79863
0
0
0.601815
0
0
0
-0.84804
0
0
0.529919
0
0
0
neck
False
False
False
True
False
0.093511
0.074994
0.084253
0
0
0.04
0
1
2
0
0
0
0
None
7
2
0
0
0
1
0.071325
-0.00743
1
0
0
0
1
0.071325
-0.00743
1
3
0
0
0
1
0.071325
-0.00743
1
0
0
0
1
0.071325
-0.00743
1
0
0
0
1
0.071325
-0.00743
1
3
0
0
0
1
0.071325
-0.00743
1
0
0
0
1
0.071325
-0.00743
1
0
0
0
1
0.071325
-0.00743
1
3
0
0
0
1
0.071325
-0.00743
1
0
0
0
1
0.071325
-0.00743
1
0
0
0
1
0.071325
-0.00743
1
2
0
0
0
1
0.071333
-0.41597
1.000002
0
0
0
1
0.071333
-0.41597
1.000002
2
0
0
0
1
0.071325
-0.00743
1
0
0
0
1
0.071325
-0.00743
1
2
0
0
0
1
0.071325
-0.00743
1
0
0
0
1
0.071325
-0.00743
1
head
False
False
False
False
False
0.176838
0.121287
0.139804
0
0
0
1
3
3
4
11
0
0
0
0
None
7
2
0
0
0
1
-0.50965
0.186301
0.999996
0
-0.10452
0
0.994522
-0.50965
0.186301
0.999996
3
0
0
0
1
-0.50965
0.186301
0.999996
0
0
0
1
-0.50965
0.186301
0.999996
0
0
0
1
-0.50965
0.186301
0.999996
3
0
0
-0.08715
0.996194
-0.50965
0.186301
0.999996
0
0
-0.08715
0.996194
-0.50965
0.186301
0.999996
0
0
0.121869
0.992546
-0.50965
0.186301
0.999996
3
0.376869
0
0.066452
0.923879
-0.50965
0.186301
0.999996
0.5
0
0
0.866025
-0.50968
0.054345
1.000017
-0.21643
0
0
0.976296
-0.50968
0.054345
1.000017
2
0.130526
0
0
0.991444
-0.50948
-0.15815
1.000012
0.130526
0
0
0.991444
-0.50948
-0.15815
1.000012
2
-0.7071
0
0
0.707106
-0.50965
0.186301
0.999996
-0.7071
0
0
0.707106
-0.50965
0.186301
0.999996
2
0
0
0
1
-0.50917
0.067979
0.999996
0
0
0
1
-0.50917
0.067979
0.999996
snout
False
False
False
True
False
0.065733
0.084251
0.028701
0
0
0.02
2
1
12
0
13
-2
0
None
7
2
0.034835
-0.00234
0
0.99939
0.026194
-0.49814
0.999998
0.034835
-0.00234
0
0.99939
0.026194
-0.49814
0.999998
3
0.034835
-0.00234
0
0.99939
0.026194
-0.49814
0.999998
0.034835
-0.00234
0
0.99939
0.026194
-0.49814
0.999998
0.034835
-0.00234
0
0.99939
0.026194
-0.49814
0.999998
3
0.034835
-0.00234
0
0.99939
0.026194
-0.49814
0.999998
0.034835
-0.00234
0
0.99939
0.026194
-0.49814
0.999998
0.034835
-0.00234
0
0.99939
0.026194
-0.49814
0.999998
3
0.034835
-0.00234
0
0.99939
0.026194
-0.49814
0.999998
0.034835
-0.00234
0
0.99939
0.026194
-0.49814
0.999998
0.034835
-0.00234
0
0.99939
0.026194
-0.49814
0.999998
2
0.034835
-0.00234
0
0.99939
0.026194
-0.49814
0.999998
0.034835
-0.00234
0
0.99939
0.026194
-0.49814
0.999998
2
0.034835
-0.00234
0
0.99939
0.026194
-0.49814
0.999998
0.034835
-0.00234
0
0.99939
0.026194
-0.49814
0.999998
2
0.034835
-0.00234
0
0.99939
0.026194
-0.49814
0.999998
0.034835
-0.00234
0
0.99939
0.026194
-0.49814
0.999998
eyes
True
True
False
True
False
0.046292
0.046292
0.046292
0
0
0.01
2
0
0
0
0
0
SeriousEye
7
2
0
0
0.087155
0.996194
-0.67581
0.166685
0.999991
0
0
0.087155
0.996194
-0.67581
0.166685
0.999991
3
0
0
0.087155
0.996194
-0.67581
0.166685
0.999991
0
0
0.087155
0.996194
-0.67581
0.166685
0.999991
0
0
0.087155
0.996194
-0.67581
0.166685
0.999991
3
0
0
0.087155
0.996194
-0.67581
0.166685
0.999991
0
0
0.087155
0.996194
-0.67581
0.166685
0.999991
0
0
0.087155
0.996194
-0.67581
0.166685
0.999991
3
0
0
0.087155
0.996194
-0.67581
0.166685
0.999991
0
0
0.087155
0.996194
-0.67581
0.166685
0.999991
0
0
0.087155
0.996194
-0.67581
0.166685
0.999991
2
0
0
0.087155
0.996194
-0.67581
0.166685
0.999991
0
0
0.087155
0.996194
-0.67581
0.166685
0.999991
2
0
0
0.087155
0.996194
-0.67581
0.166685
0.999991
0
0
0.087155
0.996194
-0.67581
0.166685
0.999991
2
0
0
0.087155
0.996194
-0.67581
0.166685
0.999991
0
0
0.087155
0.996194
-0.67581
0.166685
0.999991
shoulder
False
True
True
False
False
0.112028
0.130546
0.139804
-0.06
0
0
0
1
7
0
0
0
0
None
7
2
-0.65605
0
0
0.754709
-1
0.031146
0.339146
-0.6544
0.154119
-0.13956
0.726995
-1
0.031146
0.339146
3
-0.57357
0
0
0.819152
-1
0.031146
0.339146
-0.65605
0
0
0.754709
-1
0.031146
0.339146
-0.77714
0
0
0.62932
-0.99999
-0.23826
0.339158
3
-0.64609
0.131054
-0.11392
0.743243
-1
0.031146
0.339146
-0.65605
0
0
0.754709
-1
0.031146
0.339146
-0.64798
-0.11806
0.10263
0.745417
-1
0.031146
0.339146
3
-0.74895
0
0
0.66262
-1
0.031146
0.339146
-0.77714
0
0
0.62932
-1
0.031146
0.339146
-0.99984
0
0
-0.01745
-1
0.031146
0.339146
2
-0.87129
-0.04225
0.076228
0.482964
-1
0.031146
0.339146
-0.87129
-0.04225
0.076228
0.482964
-1
0.031146
0.339146
2
-0.99756
0
0
0.069756
-1
0.031146
0.339146
-0.99756
0
0
0.069756
-1
0.031146
0.339146
2
-0.73321
0.248408
0.341905
-0.53271
-0.99999
0.236701
0.339153
-0.43938
0.080639
0.414853
-0.79267
-0.70071
1
0.642928
hip
False
True
True
False
False
0.139804
0.130546
0.149063
0
0
-0.12
0
1
9
0
0
0
0
None
7
2
-0.76033
-0.09335
-0.07833
0.637996
-0.44676
0.018221
-0.99999
-0.75885
-0.0822
-0.09159
0.639528
-0.44676
0.018221
-0.99999
3
-0.5834
-0.10953
-0.05342
0.802986
-0.44674
-0.242
-1
-0.70183
-0.09982
-0.0699
0.701836
-0.44671
-0.30427
-1
-0.82285
-0.08465
-0.08766
0.555025
-0.44672
-0.32141
-1
3
-0.72322
0.052553
-0.24736
0.642645
-0.44676
0.018221
-0.99999
-0.89562
-0.02725
-0.12948
0.424674
-0.44671
-0.20276
-0.99999
-0.76
-0.22396
0.081458
0.604644
-0.44676
0.018221
-0.99999
3
-0.76033
-0.09335
-0.07833
0.637996
-0.44676
0.018221
-0.99999
-0.53329
-0.11259
-0.04663
0.837105
-0.44676
0.018221
-0.99999
-0.53329
-0.11259
-0.04663
0.837105
-0.44676
0.018221
-0.99999
2
-0.99418
-0.04608
0.055769
0.079714
-0.44676
0.018221
-0.99999
-0.99418
-0.04608
0.055769
0.079714
-0.44676
0.018221
-0.99999
2
-0.98876
-0.1214
0.010621
-0.0865
-0.44676
0.018221
-0.99999
-0.98876
-0.1214
0.010621
-0.0865
-0.44676
0.018221
-0.99999
2
-0.76033
-0.09335
-0.07833
0.637996
-0.44676
0.018221
-0.99999
-0.76033
-0.09335
-0.07833
0.637996
-0.44676
0.018221
-0.99999
arm
False
False
True
False
False
0.112028
0.112028
0.130546
0
0
-0.12
5
1
8
0
0
0
0
None
7
2
-0.7071
0
0
0.707106
-0.03206
-0.1696
-0.99999
-0.7071
0
0
0.707106
-0.03206
-0.1696
-0.99999
3
-0.57357
0
0
0.819152
-0.03206
0.022473
-1
-0.7071
0
0
0.707106
-0.03206
-0.1696
-0.99999
-0.85716
0
0
0.515038
-0.03206
-0.1696
-0.99999
3
-0.7071
0
0
0.707106
-0.03206
-0.1696
-0.99999
-0.7071
0
0
0.707106
-0.03206
-0.1696
-0.99999
-0.70022
-0.09841
0.09841
0.700225
-0.03206
-0.1696
-0.99999
3
-0.77919
-0.1767
0.4964
0.339444
-0.03206
-0.1696
-0.99999
-0.92373
-0.11793
0.279416
0.233935
-0.03206
-0.1696
-0.99999
-0.90476
-0.24959
0.172289
-0.29902
-0.03206
-0.1696
-0.99999
2
-0.88482
-0.09147
0.196161
0.4126
-0.03206
-0.1696
-0.99999
-0.88482
-0.09147
0.196161
0.4126
-0.03206
-0.1696
-0.99999
2
-1
0
0
0
-0.03206
-0.1696
-0.99999
-1
0
0
0
-0.03206
-0.1696
-0.99999
2
-0.66446
0.241844
0.241844
-0.66446
-0.03206
-0.1696
-0.99999
-0.28257
0.102847
0.32619
-0.8962
-0.03206
-0.1696
-0.99999
hand
False
False
True
False
False
0.065735
0.065735
0.084253
0
-0.02
0
7
0
0
13
-2
0
None
7
2
0
0
0
1
0.191295
0.428437
-1
0
0
0
1
0.191295
0.428437
-1
3
0
0
0
1
0.191295
0.428437
-1
0
0
0
1
0.191295
0.428437
-1
0
0
0
1
0.191295
0.428437
-1
3
0
0
0
1
0.191295
0.428437
-1
0
0
0
1
0.191295
0.428437
-1
0
0
0
1
0.191295
0.428437
-1
3
0
0
0
1
0.191295
0.428437
-1
0
0
0
1
0.191295
0.428437
-1
0
0
0
1
0.191295
0.428437
-1
2
0
0
0
1
0.191295
0.428437
-1
0
0
0
1
0.191295
0.428437
-1
2
-0.7071
0
0
0.707106
0.191295
0.428437
-1
-0.7071
0
0
0.707106
0.191295
0.428437
-1
2
-1
0
0
0
0.191295
0.428437
-1
-1
0
0
0
0.191295
0.428437
-1
leg
False
False
True
False
False
0.074994
0.065736
0.158321
0
0
-0.1
6
1
10
0
0
0
0
None
7
2
-0.62157
-0.09844
-0.12157
0.767578
-0.06816
0
-1
-0.62157
-0.09844
-0.12157
0.767578
-0.06816
0
-1
3
-0.62157
-0.09844
-0.12157
0.767578
-0.06815
0.226359
-1
-0.46369
-0.11983
-0.10055
0.872077
-0.06816
0
-1
-0.75661
-0.07344
-0.13812
0.634873
-0.06815
-0.14054
-1.00001
3
-0.58695
0.049822
-0.23794
0.77226
-0.06816
0
-1
-0.34273
-0.15084
-0.05361
0.92569
-0.06816
0
-1
-0.63298
-0.26859
0.021366
0.725759
-0.06816
0
-1
3
-0.62157
-0.09844
-0.12157
0.767578
-0.06816
0
-1
-0.23894
-0.1406
-0.06857
0.958349
-0.06816
0
-1
-0.23894
-0.1406
-0.06857
0.958349
-0.06818
0.218296
-0.99999
2
-0.62157
-0.09844
-0.12157
0.767578
-0.06816
0
-1
-0.62157
-0.09844
-0.12157
0.767578
-0.06816
0
-1
2
-0.98227
-0.15557
-0.01635
0.103241
-0.06816
0
-1
-0.98227
-0.15557
-0.01635
0.103241
-0.06816
0
-1
2
-0.62157
-0.09844
-0.12157
0.767578
-0.06816
0
-1
-0.47884
-0.11806
-0.10263
0.863851
-0.06816
0
-1
foot
False
False
True
False
False
0.084251
0.028701
0.121287
0
0
0
9
0
0
13
-2
0
None
7
2
0
-0.10452
0
0.994522
0.222271
-0.78581
-0.99999
0
-0.10452
0
0.994522
0.222271
-0.78581
-0.99999
3
0
-0.10452
0
0.994522
0.222271
-0.78581
-0.99999
0.274127
-0.10047
0.028811
0.955995
0.222271
-0.78581
-0.99999
0
-0.10452
0
0.994522
0.222271
-0.78581
-0.99999
3
0
-0.10452
0
0.994522
0.222271
-0.78581
-0.99999
0.340146
-0.09822
0.03575
0.934544
0.222271
-0.78581
-0.99999
0
-0.10452
0
0.994522
0.222271
-0.78581
-0.99999
3
0
-0.10452
0
0.994522
0.222271
-0.78581
-0.99999
0
-0.10452
0
0.994522
0.222271
-0.78581
-0.99999
0
-0.10452
0
0.994522
0.222271
-0.78581
-0.99999
2
0
-0.10452
0
0.994522
0.222271
-0.78581
-0.99999
0
-0.10452
0
0.994522
0.222271
-0.78581
-0.99999
2
-0.70323
-0.07391
0.073912
0.703233
0.222271
-0.78581
-0.99999
-0.70323
-0.07391
0.073912
0.703233
0.222271
-0.78581
-0.99999
2
0
-0.10452
0
0.994522
0.222271
-0.78581
-0.99999
0
-0.10452
0
0.994522
0.222271
-0.78581
-0.99999
ear
False
True
False
True
False
0.03796
0.047218
0.019443
0
0
0
2
0
0
13
-2
0
None
7
2
-0.10336
-0.04736
-0.01051
0.993459
-0.99999
-0.04731
-0.16568
-0.10336
-0.04736
-0.01051
0.993459
-0.99999
-0.04731
-0.16568
3
-0.10336
-0.04736
-0.01051
0.993459
-0.99999
-0.04731
-0.16568
-0.10336
-0.04736
-0.01051
0.993459
-0.99999
-0.04731
-0.16568
-0.10336
-0.04736
-0.01051
0.993459
-0.99999
-0.04731
-0.16568
3
-0.10336
-0.04736
-0.01051
0.993459
-0.99999
-0.04731
-0.16568
-0.10336
-0.04736
-0.01051
0.993459
-0.99999
-0.04731
-0.16568
-0.10336
-0.04736
-0.01051
0.993459
-0.99999
-0.04731
-0.16568
3
-0.10336
-0.04736
-0.01051
0.993459
-0.99999
-0.04731
-0.16568
-0.10336
-0.04736
-0.01051
0.993459
-0.99999
-0.04731
-0.16568
-0.10336
-0.04736
-0.01051
0.993459
-0.99999
-0.04731
-0.16568
2
-0.10336
-0.04736
-0.01051
0.993459
-0.99999
-0.04731
-0.16568
-0.10336
-0.04736
-0.01051
0.993459
-0.99999
-0.04731
-0.16568
2
-0.10336
-0.04736
-0.01051
0.993459
-0.99999
-0.04731
-0.16568
-0.10336
-0.04736
-0.01051
0.993459
-0.99999
-0.04731
-0.16568
2
-0.10336
-0.04736
-0.01051
0.993459
-0.99999
-0.04731
-0.16568
-0.10336
-0.04736
-0.01051
0.993459
-0.99999
-0.04731
-0.16568
mouth
True
False
False
True
False
0.064810
0.083327
0.046292
0
0
0.01
3
0
0
0
0
0
ViciousMouth
7
2
0
0
0
1
0
0
1.000022
0
0
0
1
0
0
1.000022
3
0
0
0
1
0
0
1.000022
0
0
0
1
0
0
1.000022
0
0
0
1
0
0
1.000022
3
0
0
0
1
0
0
1.000022
0
0
0
1
0
0
1.000022
0
0
0
1
0
0
1.000022
3
0
0
0
1
0
0
1.000022
0
0
0
1
0
0
1.000022
0
0
0
1
0
0
1.000022
2
0
0
0
1
0
0
1.000022
0
0
0
1
0
0
1.000022
2
0
0
0
1
0
0
1.000022
0
0
0
1
0
0
1.000022
2
0
0
0
1
0
0
1.000022
0
0
0
1
0
0
1.000022
